Table,State,Distr,Area,Total_Rural_Urban,Edu_level,Total_dis_popln,Male_dis_popln,Female_dis_popln,Seeing_dis_popln,Male_Seeing_popln,Female_Seeing_popln,Hearing_dis_popln,Male_Hearing_popln,Female_Hearing_popln,Speech_dis_popln,Male_Speech_popln,Female_Speech_popln,Movement_dis_popln,Male_Movement_popln,Female_Movement_popln,Mental_ret_dis_popln,Male_Mental_ret_popln,Female_Mental_ret_popln,Mental_ill_dis_popln,Male_Mental_ill_popln,Female_Mental_ill_popln,Other_dis_popln,Male_Other_popln,Female_Other_popln,Mult_dis_popln,Male_Mult_popln,Female_Mult_popln
C5129,00,000,INDIA,Total,Total ,26814994,14988593,11826401,5033431,2639028,2394403,5072914,2678584,2394330,1998692,1122987,875705,5436826,3370501,2066325,1505964,870898,635066,722880,415758,307122,4927589,2728125,2199464,2116698,1162712,953986
C5129,00,000,INDIA,Total,Illiterate,12196641,5640240,6556401,2377822,993148,1384674,2184337,926465,1257872,833711,417060,416651,2164312,1044929,1119383,883780,476799,406981,370329,182398,187931,1969897,907552,1062345,1412453,691889,720564
C5129,00,000,INDIA,Total,Literate,14618353,9348353,5270000,2655609,1645880,1009729,2888577,1752119,1136458,1164981,705927,459054,3272514,2325572,946942,622184,394099,228085,352551,233360,119191,2957692,1820573,1137119,704245,470823,233422
C5129,00,000,INDIA,Total,Literate but below primary,2840345,1706441,1133904,552338,321152,231186,546826,312072,234754,242386,141361,101025,532955,361150,171805,174673,104302,70371,67067,39980,27087,530875,303436,227439,193225,122988,70237
C5129,00,000,INDIA,Total,Primary but below middle,3554858,2195933,1358925,653491,391041,262450,685108,397126,287982,275282,159833,115449,805593,557825,247768,167486,103657,63829,90381,57168,33213,689233,406212,283021,188284,123071,65213
C5129,00,000,INDIA,Total,Middle but below matric/secondary,2448070,1616539,831531,431593,274783,156810,467419,289918,177501,176186,108606,67580,614400,448926,165474,91399,61061,30338,66500,46325,20175,498409,315622,182787,102164,71298,30866
C5129,00,000,INDIA,Total,Matric/Secondary but below graduate,3448650,2330080,1118570,613959,404307,209652,707165,456685,250480,274972,175502,99470,836393,614827,221566,97195,65957,31238,76727,55284,21443,726653,473714,252939,115586,83804,31782
C5129,00,000,INDIA,Total,Graduate and above,1246857,839702,407155,235435,155987,79448,268909,172095,96814,108020,69170,38850,280959,206950,74009,28648,19216,9432,19866,14543,5323,276396,180510,95886,28624,21231,7393
C5129,00,000,INDIA,Rural,Total ,18636358,10410559,8225799,3503558,1821448,1682110,3393728,1784426,1609302,1303940,734998,568942,4035741,2503529,1532212,1025900,591598,434302,495880,283458,212422,3293107,1827881,1465226,1584504,863221,721283
C5129,00,000,INDIA,Rural,Illiterate,9526033,4378828,5147205,1908005,793890,1114115,1700647,719182,981465,635044,317070,317974,1769420,853784,915636,626944,334638,292306,271128,130936,140192,1494690,685391,809299,1120155,543937,576218
C5129,00,000,INDIA,Rural,Literate,9110325,6031731,3078594,1595553,1027558,567995,1693081,1065244,627837,668896,417928,250968,2266321,1649745,616576,398956,256960,141996,224752,152522,72230,1798417,1142490,655927,464349,319284,145065
C5129,00,000,INDIA,Rural,Literate but below primary,2090713,1285250,805463,401944,240211,161733,394098,230766,163332,174686,104262,70424,411763,284485,127278,130761,78441,52320,48045,29197,18848,384905,223676,161229,144511,94212,50299
C5129,00,000,INDIA,Rural,Primary but below middle,2463007,1573149,889858,443039,275884,167155,460285,277393,182892,181837,109111,72726,596902,422705,174197,116707,73269,43438,61300,39345,21955,470516,285833,184683,132421,89609,42812
C5129,00,000,INDIA,Rural,Middle but below matric/secondary,1616040,1106176,509864,274091,182428,91663,294961,190658,104303,107469,68558,38911,445253,332028,113225,58168,39909,18259,43185,30842,12343,326449,213815,112634,66464,47938,18526
C5129,00,000,INDIA,Rural,Matric/Secondary but below graduate,1838533,1316598,521935,300956,212547,88409,341101,234424,106677,126510,85502,41008,532853,403984,128869,50216,36201,14015,44697,33901,10796,381350,263233,118117,60850,46806,14044
C5129,00,000,INDIA,Rural,Graduate and above,416319,320130,96189,66135,50903,15232,72034,53651,18383,25867,19136,6731,136290,107851,28439,8897,6967,1930,8962,7367,1595,87745,65630,22115,10389,8625,1764
C5129,00,000,INDIA,Urban,Total ,8178636,4578034,3600602,1529873,817580,712293,1679186,894158,785028,694752,387989,306763,1401085,866972,534113,480064,279300,200764,227000,132300,94700,1634482,900244,734238,532194,299491,232703
C5129,00,000,INDIA,Urban,Illiterate,2670608,1261412,1409196,469817,199258,270559,483690,207283,276407,198667,99990,98677,394892,191145,203747,256836,142161,114675,99201,51462,47739,475207,222161,253046,292298,147952,144346
C5129,00,000,INDIA,Urban,Literate,5508028,3316622,2191406,1060056,618322,441734,1195496,686875,508621,496085,287999,208086,1006193,675827,330366,223228,137139,86089,127799,80838,46961,1159275,678083,481192,239896,151539,88357
C5129,00,000,INDIA,Urban,Literate but below primary,749632,421191,328441,150394,80941,69453,152728,81306,71422,67700,37099,30601,121192,76665,44527,43912,25861,18051,19022,10783,8239,145970,79760,66210,48714,28776,19938
C5129,00,000,INDIA,Urban,Primary but below middle,1091851,622784,469067,210452,115157,95295,224823,119733,105090,93445,50722,42723,208691,135120,73571,50779,30388,20391,29081,17823,11258,218717,120379,98338,55863,33462,22401
C5129,00,000,INDIA,Urban,Middle but below matric/secondary,832030,510363,321667,157502,92355,65147,172458,99260,73198,68717,40048,28669,169147,116898,52249,33231,21152,12079,23315,15483,7832,171960,101807,70153,35700,23360,12340
C5129,00,000,INDIA,Urban,Matric/Secondary but below graduate,1610117,1013482,596635,313003,191760,121243,366064,222261,143803,148462,90000,58462,303540,210843,92697,46979,29756,17223,32030,21383,10647,345303,210481,134822,54736,36998,17738
C5129,00,000,INDIA,Urban,Graduate and above,830538,519572,310966,169300,105084,64216,196875,118444,78431,82153,50034,32119,144669,99099,45570,19751,12249,7502,10904,7176,3728,188651,114880,73771,18235,12606,5629
C5129,01,000,State - JAMMU & KASHMIR,Total,Total ,361153,204834,156319,66448,35656,30792,74096,42744,31352,18681,11351,7330,58137,35145,22992,16724,9798,6926,15669,8810,6859,66957,36852,30105,44441,24478,19963
C5129,01,000,State - JAMMU & KASHMIR,Total,Illiterate,210194,101104,109090,38733,17504,21229,39229,18239,20990,10809,5792,5017,33279,16918,16361,10460,5624,4836,9829,4754,5075,33328,14814,18514,34527,17459,17068
C5129,01,000,State - JAMMU & KASHMIR,Total,Literate,150959,103730,47229,27715,18152,9563,34867,24505,10362,7872,5559,2313,24858,18227,6631,6264,4174,2090,5840,4056,1784,33629,22038,11591,9914,7019,2895
C5129,01,000,State - JAMMU & KASHMIR,Total,Literate but below primary,18431,11295,7136,3644,2171,1473,3982,2341,1641,1547,1019,528,2381,1625,756,1028,610,418,699,442,257,3681,2117,1564,1469,970,499
C5129,01,000,State - JAMMU & KASHMIR,Total,Primary but below middle,29914,19495,10419,5710,3612,2098,5847,3660,2187,1846,1289,557,5421,3894,1527,1413,909,504,1265,817,448,6124,3713,2411,2288,1601,687
C5129,01,000,State - JAMMU & KASHMIR,Total,Middle but below matric/secondary,37927,26586,11341,6995,4697,2298,7342,5120,2222,1939,1406,533,7440,5573,1867,1566,1120,446,1741,1263,478,8298,5499,2799,2606,1908,698
C5129,01,000,State - JAMMU & KASHMIR,Total,Matric/Secondary but below graduate,44638,32674,11964,7701,5248,2453,12522,9806,2716,1754,1315,439,6975,5177,1798,1443,1009,434,1491,1073,418,10635,7469,3166,2117,1577,540
C5129,01,000,State - JAMMU & KASHMIR,Total,Graduate and above,11791,8207,3584,2386,1614,772,2910,1990,920,410,283,127,1605,1245,360,405,267,138,357,267,90,3254,2172,1082,464,369,95
C5129,01,000,State - JAMMU & KASHMIR,Rural,Total ,273952,154892,119060,50142,27019,23123,51889,29201,22688,14872,9096,5776,47772,28978,18794,12214,7121,5093,11581,6447,5134,49399,27069,22330,36083,19961,16122
C5129,01,000,State - JAMMU & KASHMIR,Rural,Illiterate,169594,82029,87565,31261,14276,16985,30851,14515,16336,9028,4857,4171,27977,14330,13647,7914,4205,3709,7497,3574,3923,26609,11788,14821,28457,14484,13973
C5129,01,000,State - JAMMU & KASHMIR,Rural,Literate,104358,72863,31495,18881,12743,6138,21038,14686,6352,5844,4239,1605,19795,14648,5147,4300,2916,1384,4084,2873,1211,22790,15281,7509,7626,5477,2149
C5129,01,000,State - JAMMU & KASHMIR,Rural,Literate but below primary,14726,9146,5580,2817,1696,1121,3049,1811,1238,1291,865,426,2048,1422,626,827,492,335,553,349,204,2888,1677,1211,1253,834,419
C5129,01,000,State - JAMMU & KASHMIR,Rural,Primary but below middle,23841,15844,7997,4473,2901,1572,4404,2860,1544,1517,1079,438,4635,3345,1290,1105,728,377,988,640,348,4829,2944,1885,1890,1347,543
C5129,01,000,State - JAMMU & KASHMIR,Rural,Middle but below matric/secondary,28496,20348,8148,5162,3585,1577,5123,3592,1531,1510,1132,378,6069,4575,1494,1122,807,315,1267,930,337,6195,4215,1980,2048,1512,536
C5129,01,000,State - JAMMU & KASHMIR,Rural,Matric/Secondary but below graduate,26989,20150,6839,4621,3299,1322,6201,4805,1396,1111,854,257,5238,3926,1312,856,626,230,929,700,229,6598,4825,1773,1435,1115,320
C5129,01,000,State - JAMMU & KASHMIR,Rural,Graduate and above,4875,3802,1073,932,713,219,972,732,240,160,130,30,1022,830,192,138,106,32,153,126,27,1253,960,293,245,205,40
C5129,01,000,State - JAMMU & KASHMIR,Urban,Total ,87201,49942,37259,16306,8637,7669,22207,13543,8664,3809,2255,1554,10365,6167,4198,4510,2677,1833,4088,2363,1725,17558,9783,7775,8358,4517,3841
C5129,01,000,State - JAMMU & KASHMIR,Urban,Illiterate,40600,19075,21525,7472,3228,4244,8378,3724,4654,1781,935,846,5302,2588,2714,2546,1419,1127,2332,1180,1152,6719,3026,3693,6070,2975,3095
C5129,01,000,State - JAMMU & KASHMIR,Urban,Literate,46601,30867,15734,8834,5409,3425,13829,9819,4010,2028,1320,708,5063,3579,1484,1964,1258,706,1756,1183,573,10839,6757,4082,2288,1542,746
C5129,01,000,State - JAMMU & KASHMIR,Urban,Literate but below primary,3705,2149,1556,827,475,352,933,530,403,256,154,102,333,203,130,201,118,83,146,93,53,793,440,353,216,136,80
C5129,01,000,State - JAMMU & KASHMIR,Urban,Primary but below middle,6073,3651,2422,1237,711,526,1443,800,643,329,210,119,786,549,237,308,181,127,277,177,100,1295,769,526,398,254,144
C5129,01,000,State - JAMMU & KASHMIR,Urban,Middle but below matric/secondary,9431,6238,3193,1833,1112,721,2219,1528,691,429,274,155,1371,998,373,444,313,131,474,333,141,2103,1284,819,558,396,162
C5129,01,000,State - JAMMU & KASHMIR,Urban,Matric/Secondary but below graduate,17649,12524,5125,3080,1949,1131,6321,5001,1320,643,461,182,1737,1251,486,587,383,204,562,373,189,4037,2644,1393,682,462,220
C5129,01,000,State - JAMMU & KASHMIR,Urban,Graduate and above,6916,4405,2511,1454,901,553,1938,1258,680,250,153,97,583,415,168,267,161,106,204,141,63,2001,1212,789,219,164,55
C5129,02,000,State - HIMACHAL PRADESH,Total,Total ,155316,86321,68995,26076,13382,12694,26700,14243,12457,8278,4879,3399,32550,19447,13103,8986,5310,3676,5166,3030,2136,29024,15964,13060,18536,10066,8470
C5129,02,000,State - HIMACHAL PRADESH,Total,Illiterate,68393,29404,38989,12687,4776,7911,12215,4973,7242,3716,1944,1772,11928,4772,7156,4353,2391,1962,2077,924,1153,8792,3709,5083,12625,5915,6710
C5129,02,000,State - HIMACHAL PRADESH,Total,Literate,86923,56917,30006,13389,8606,4783,14485,9270,5215,4562,2935,1627,20622,14675,5947,4633,2919,1714,3089,2106,983,20232,12255,7977,5911,4151,1760
C5129,02,000,State - HIMACHAL PRADESH,Total,Literate but below primary,12842,8131,4711,1992,1273,719,2123,1334,789,887,559,328,2361,1651,710,1276,759,517,413,254,159,2445,1400,1045,1345,901,444
C5129,02,000,State - HIMACHAL PRADESH,Total,Primary but below middle,24822,15457,9365,3829,2359,1470,3910,2363,1547,1405,865,540,5922,3918,2004,1582,975,607,995,612,383,5162,3001,2161,2017,1364,653
C5129,02,000,State - HIMACHAL PRADESH,Total,Middle but below matric/secondary,14144,9701,4443,2238,1508,730,2401,1573,828,646,437,209,3583,2693,890,540,361,179,562,400,162,3328,2085,1243,846,644,202
C5129,02,000,State - HIMACHAL PRADESH,Total,Matric/Secondary but below graduate,25558,17660,7898,3831,2553,1278,4428,2997,1431,1199,818,381,6601,4962,1639,797,546,251,823,635,188,6894,4355,2539,985,794,191
C5129,02,000,State - HIMACHAL PRADESH,Total,Graduate and above,5315,3550,1765,868,578,290,911,605,306,204,127,77,1305,947,358,160,103,57,125,92,33,1591,981,610,151,117,34
C5129,02,000,State - HIMACHAL PRADESH,Rural,Total ,142665,78963,63702,24140,12291,11849,23939,12653,11286,7548,4463,3085,30427,18140,12287,8127,4809,3318,4764,2769,1995,26252,14430,11822,17468,9408,8060
C5129,02,000,State - HIMACHAL PRADESH,Rural,Illiterate,65044,27781,37263,12222,4575,7647,11531,4672,6859,3541,1835,1706,11477,4573,6904,3992,2182,1810,1938,849,1089,8252,3458,4794,12091,5637,6454
C5129,02,000,State - HIMACHAL PRADESH,Rural,Literate,77621,51182,26439,11918,7716,4202,12408,7981,4427,4007,2628,1379,18950,13567,5383,4135,2627,1508,2826,1920,906,18000,10972,7028,5377,3771,1606
C5129,02,000,State - HIMACHAL PRADESH,Rural,Literate but below primary,11939,7589,4350,1854,1191,663,1930,1221,709,819,533,286,2233,1562,671,1201,717,484,380,230,150,2267,1304,963,1255,831,424
C5129,02,000,State - HIMACHAL PRADESH,Rural,Primary but below middle,23150,14492,8658,3575,2214,1361,3624,2202,1422,1282,807,475,5619,3745,1874,1475,923,552,925,564,361,4789,2785,2004,1861,1252,609
C5129,02,000,State - HIMACHAL PRADESH,Rural,Middle but below matric/secondary,12869,8894,3975,2039,1380,659,2134,1417,717,581,404,177,3318,2512,806,475,317,158,516,368,148,3043,1909,1134,763,587,176
C5129,02,000,State - HIMACHAL PRADESH,Rural,Matric/Secondary but below graduate,22146,15442,6704,3300,2214,1086,3545,2400,1145,996,680,316,5973,4532,1441,666,459,207,765,589,176,6042,3864,2178,859,704,155
C5129,02,000,State - HIMACHAL PRADESH,Rural,Graduate and above,3601,2513,1088,566,405,161,530,373,157,129,83,46,995,733,262,78,55,23,86,66,20,1116,711,405,101,87,14
C5129,02,000,State - HIMACHAL PRADESH,Urban,Total ,12651,7358,5293,1936,1091,845,2761,1590,1171,730,416,314,2123,1307,816,859,501,358,402,261,141,2772,1534,1238,1068,658,410
C5129,02,000,State - HIMACHAL PRADESH,Urban,Illiterate,3349,1623,1726,465,201,264,684,301,383,175,109,66,451,199,252,361,209,152,139,75,64,540,251,289,534,278,256
C5129,02,000,State - HIMACHAL PRADESH,Urban,Literate,9302,5735,3567,1471,890,581,2077,1289,788,555,307,248,1672,1108,564,498,292,206,263,186,77,2232,1283,949,534,380,154
C5129,02,000,State - HIMACHAL PRADESH,Urban,Literate but below primary,903,542,361,138,82,56,193,113,80,68,26,42,128,89,39,75,42,33,33,24,9,178,96,82,90,70,20
C5129,02,000,State - HIMACHAL PRADESH,Urban,Primary but below middle,1672,965,707,254,145,109,286,161,125,123,58,65,303,173,130,107,52,55,70,48,22,373,216,157,156,112,44
C5129,02,000,State - HIMACHAL PRADESH,Urban,Middle but below matric/secondary,1275,807,468,199,128,71,267,156,111,65,33,32,265,181,84,65,44,21,46,32,14,285,176,109,83,57,26
C5129,02,000,State - HIMACHAL PRADESH,Urban,Matric/Secondary but below graduate,3412,2218,1194,531,339,192,883,597,286,203,138,65,628,430,198,131,87,44,58,46,12,852,491,361,126,90,36
C5129,02,000,State - HIMACHAL PRADESH,Urban,Graduate and above,1714,1037,677,302,173,129,381,232,149,75,44,31,310,214,96,82,48,34,39,26,13,475,270,205,50,30,20
C5129,03,000,State - PUNJAB,Total,Total ,654063,379551,274512,82199,44811,37388,146696,78761,67935,24549,14297,10252,130044,81534,48510,45070,27332,17738,21925,13581,8344,165607,96325,69282,37973,22910,15063
C5129,03,000,State - PUNJAB,Total,Illiterate,283739,149991,133748,38722,18540,20182,54592,25811,28781,11724,6494,5230,47600,26095,21505,30331,18070,12261,12600,7081,5519,61994,32930,29064,26176,14970,11206
C5129,03,000,State - PUNJAB,Total,Literate,370324,229560,140764,43477,26271,17206,92104,52950,39154,12825,7803,5022,82444,55439,27005,14739,9262,5477,9325,6500,2825,103613,63395,40218,11797,7940,3857
C5129,03,000,State - PUNJAB,Total,Literate but below primary,40457,24734,15723,5144,3101,2043,9778,5580,4198,2207,1373,834,6377,4341,2036,2940,1809,1131,1008,675,333,10969,6542,4427,2034,1313,721
C5129,03,000,State - PUNJAB,Total,Primary but below middle,90336,54369,35967,11083,6393,4690,20250,10900,9350,3086,1797,1289,21895,14666,7229,3553,2134,1419,2780,1832,948,24429,14576,9853,3260,2071,1189
C5129,03,000,State - PUNJAB,Total,Middle but below matric/secondary,60483,39182,21301,7329,4591,2738,14346,8547,5799,1897,1150,747,14880,10503,4377,1983,1308,675,1604,1172,432,16643,10635,6008,1801,1276,525
C5129,03,000,State - PUNJAB,Total,Matric/Secondary but below graduate,126142,81103,45039,14301,9032,5269,32999,20146,12853,3757,2356,1401,29988,20323,9665,3444,2207,1237,2537,1891,646,36366,23160,13206,2750,1988,762
C5129,03,000,State - PUNJAB,Total,Graduate and above,30687,16698,13989,3355,1816,1539,9311,4801,4510,1012,563,449,5849,3415,2434,806,458,348,439,287,152,9390,5018,4372,525,340,185
C5129,03,000,State - PUNJAB,Rural,Total ,430313,251289,179024,55165,29839,25326,83735,44782,38953,16018,9296,6722,94776,59803,34973,29943,18216,11727,15150,9364,5786,108907,63931,44976,26619,16058,10561
C5129,03,000,State - PUNJAB,Rural,Illiterate,207715,110296,97419,29377,14011,15366,36946,17549,19397,8638,4758,3880,37112,20377,16735,21322,12789,8533,9421,5267,4154,45342,24357,20985,19557,11188,8369
C5129,03,000,State - PUNJAB,Rural,Literate,222598,140993,81605,25788,15828,9960,46789,27233,19556,7380,4538,2842,57664,39426,18238,8621,5427,3194,5729,4097,1632,63565,39574,23991,7062,4870,2192
C5129,03,000,State - PUNJAB,Rural,Literate but below primary,27261,16898,10363,3455,2094,1361,5787,3380,2407,1566,989,577,4698,3237,1461,2146,1311,835,691,461,230,7488,4491,2997,1430,935,495
C5129,03,000,State - PUNJAB,Rural,Primary but below middle,62513,38053,24460,7586,4366,3220,12583,6875,5708,2074,1198,876,16641,11280,5361,2295,1361,934,1883,1239,644,17295,10347,6948,2156,1387,769
C5129,03,000,State - PUNJAB,Rural,Middle but below matric/secondary,38534,25330,13204,4649,2951,1698,8047,4860,3187,1116,668,448,10748,7639,3109,1102,721,381,997,752,245,10846,7001,3845,1029,738,291
C5129,03,000,State - PUNJAB,Rural,Matric/Secondary but below graduate,71735,47192,24543,7794,5043,2751,15361,9421,5940,1898,1220,678,20518,14101,6417,1719,1110,609,1453,1112,341,21551,14071,7480,1441,1114,327
C5129,03,000,State - PUNJAB,Rural,Graduate and above,8928,5077,3851,890,522,368,1812,913,899,208,124,84,2557,1562,995,209,137,72,147,112,35,2969,1619,1350,136,88,48
C5129,03,000,State - PUNJAB,Urban,Total ,223750,128262,95488,27034,14972,12062,62961,33979,28982,8531,5001,3530,35268,21731,13537,15127,9116,6011,6775,4217,2558,56700,32394,24306,11354,6852,4502
C5129,03,000,State - PUNJAB,Urban,Illiterate,76024,39695,36329,9345,4529,4816,17646,8262,9384,3086,1736,1350,10488,5718,4770,9009,5281,3728,3179,1814,1365,16652,8573,8079,6619,3782,2837
C5129,03,000,State - PUNJAB,Urban,Literate,147726,88567,59159,17689,10443,7246,45315,25717,19598,5445,3265,2180,24780,16013,8767,6118,3835,2283,3596,2403,1193,40048,23821,16227,4735,3070,1665
C5129,03,000,State - PUNJAB,Urban,Literate but below primary,13196,7836,5360,1689,1007,682,3991,2200,1791,641,384,257,1679,1104,575,794,498,296,317,214,103,3481,2051,1430,604,378,226
C5129,03,000,State - PUNJAB,Urban,Primary but below middle,27823,16316,11507,3497,2027,1470,7667,4025,3642,1012,599,413,5254,3386,1868,1258,773,485,897,593,304,7134,4229,2905,1104,684,420
C5129,03,000,State - PUNJAB,Urban,Middle but below matric/secondary,21949,13852,8097,2680,1640,1040,6299,3687,2612,781,482,299,4132,2864,1268,881,587,294,607,420,187,5797,3634,2163,772,538,234
C5129,03,000,State - PUNJAB,Urban,Matric/Secondary but below graduate,54407,33911,20496,6507,3989,2518,17638,10725,6913,1859,1136,723,9470,6222,3248,1725,1097,628,1084,779,305,14815,9089,5726,1309,874,435
C5129,03,000,State - PUNJAB,Urban,Graduate and above,21759,11621,10138,2465,1294,1171,7499,3888,3611,804,439,365,3292,1853,1439,597,321,276,292,175,117,6421,3399,3022,389,252,137
C5129,04,000,State - CHANDIGARH,Total,Total ,14796,8743,6053,1774,1078,696,2475,1268,1207,961,562,399,3815,2378,1437,1090,683,407,756,445,311,2583,1554,1029,1342,775,567
C5129,04,000,State - CHANDIGARH,Total,Illiterate,4785,2498,2287,538,251,287,590,281,309,298,165,133,932,471,461,700,422,278,326,164,162,683,372,311,718,372,346
C5129,04,000,State - CHANDIGARH,Total,Literate,10011,6245,3766,1236,827,409,1885,987,898,663,397,266,2883,1907,976,390,261,129,430,281,149,1900,1182,718,624,403,221
C5129,04,000,State - CHANDIGARH,Total,Literate but below primary,1111,669,442,177,113,64,160,73,87,92,57,35,233,160,73,86,49,37,55,37,18,217,127,90,91,53,38
C5129,04,000,State - CHANDIGARH,Total,Primary but below middle,1872,1129,743,225,146,79,283,144,139,126,76,50,555,344,211,74,53,21,114,71,43,370,215,155,125,80,45
C5129,04,000,State - CHANDIGARH,Total,Middle but below matric/secondary,1520,966,554,199,140,59,290,151,139,95,54,41,479,326,153,45,27,18,57,40,17,263,161,102,92,67,25
C5129,04,000,State - CHANDIGARH,Total,Matric/Secondary but below graduate,3121,2016,1105,366,260,106,663,338,325,185,113,72,939,642,297,70,54,16,114,79,35,623,428,195,161,102,59
C5129,04,000,State - CHANDIGARH,Total,Graduate and above,1970,1207,763,237,150,87,414,240,174,140,80,60,605,398,207,39,22,17,64,37,27,372,216,156,99,64,35
C5129,04,000,State - CHANDIGARH,Rural,Total ,346,212,134,31,14,17,32,25,7,49,26,23,129,85,44,16,6,10,20,11,9,40,28,12,29,17,12
C5129,04,000,State - CHANDIGARH,Rural,Illiterate,135,70,65,12,4,8,11,7,4,24,12,12,37,21,16,12,3,9,7,3,4,18,14,4,14,6,8
C5129,04,000,State - CHANDIGARH,Rural,Literate,211,142,69,19,10,9,21,18,3,25,14,11,92,64,28,4,3,1,13,8,5,22,14,8,15,11,4
C5129,04,000,State - CHANDIGARH,Rural,Literate but below primary,39,19,20,4,2,2,2,1,1,5,3,2,12,6,6,2,2,0,3,1,2,5,2,3,6,2,4
C5129,04,000,State - CHANDIGARH,Rural,Primary but below middle,50,33,17,3,1,2,7,5,2,5,1,4,22,16,6,1,0,1,3,2,1,4,3,1,5,5,0
C5129,04,000,State - CHANDIGARH,Rural,Middle but below matric/secondary,48,40,8,6,4,2,3,3,0,2,2,0,26,21,5,0,0,0,3,3,0,5,4,1,3,3,0
C5129,04,000,State - CHANDIGARH,Rural,Matric/Secondary but below graduate,50,35,15,5,3,2,7,7,0,5,4,1,23,14,9,1,1,0,3,1,2,6,5,1,0,0,0
C5129,04,000,State - CHANDIGARH,Rural,Graduate and above,19,12,7,1,0,1,2,2,0,7,3,4,6,6,0,0,0,0,1,1,0,2,0,2,0,0,0
C5129,04,000,State - CHANDIGARH,Urban,Total ,14450,8531,5919,1743,1064,679,2443,1243,1200,912,536,376,3686,2293,1393,1074,677,397,736,434,302,2543,1526,1017,1313,758,555
C5129,04,000,State - CHANDIGARH,Urban,Illiterate,4650,2428,2222,526,247,279,579,274,305,274,153,121,895,450,445,688,419,269,319,161,158,665,358,307,704,366,338
C5129,04,000,State - CHANDIGARH,Urban,Literate,9800,6103,3697,1217,817,400,1864,969,895,638,383,255,2791,1843,948,386,258,128,417,273,144,1878,1168,710,609,392,217
C5129,04,000,State - CHANDIGARH,Urban,Literate but below primary,1072,650,422,173,111,62,158,72,86,87,54,33,221,154,67,84,47,37,52,36,16,212,125,87,85,51,34
C5129,04,000,State - CHANDIGARH,Urban,Primary but below middle,1822,1096,726,222,145,77,276,139,137,121,75,46,533,328,205,73,53,20,111,69,42,366,212,154,120,75,45
C5129,04,000,State - CHANDIGARH,Urban,Middle but below matric/secondary,1472,926,546,193,136,57,287,148,139,93,52,41,453,305,148,45,27,18,54,37,17,258,157,101,89,64,25
C5129,04,000,State - CHANDIGARH,Urban,Matric/Secondary but below graduate,3071,1981,1090,361,257,104,656,331,325,180,109,71,916,628,288,69,53,16,111,78,33,617,423,194,161,102,59
C5129,04,000,State - CHANDIGARH,Urban,Graduate and above,1951,1195,756,236,150,86,412,238,174,133,77,56,599,392,207,39,22,17,63,36,27,370,216,154,99,64,35
C5129,05,000,State - UTTARAKHAND,Total,Total ,185272,102787,82485,29107,14486,14621,37681,19192,18489,12348,7008,5340,36996,22743,14253,11450,6952,4498,6443,3935,2508,30723,17159,13564,20524,11312,9212
C5129,05,000,State - UTTARAKHAND,Total,Illiterate,82277,35065,47212,14424,4992,9432,15179,5235,9944,5472,2689,2783,13245,5728,7517,6588,3694,2894,2997,1414,1583,10386,4595,5791,13986,6718,7268
C5129,05,000,State - UTTARAKHAND,Total,Literate,102995,67722,35273,14683,9494,5189,22502,13957,8545,6876,4319,2557,23751,17015,6736,4862,3258,1604,3446,2521,925,20337,12564,7773,6538,4594,1944
C5129,05,000,State - UTTARAKHAND,Total,Literate but below primary,14788,9165,5623,2200,1343,857,3009,1746,1263,1253,779,474,2761,1911,850,1164,717,447,344,208,136,2763,1603,1160,1294,858,436
C5129,05,000,State - UTTARAKHAND,Total,Primary but below middle,26235,16804,9431,3934,2523,1411,5307,3169,2138,1743,1085,658,6353,4499,1854,1467,932,535,816,522,294,4664,2722,1942,1951,1352,599
C5129,05,000,State - UTTARAKHAND,Total,Middle but below matric/secondary,21138,14537,6601,2816,1905,911,4175,2595,1580,1308,840,468,5535,4156,1379,965,700,265,886,702,184,4211,2730,1481,1242,909,333
C5129,05,000,State - UTTARAKHAND,Total,Matric/Secondary but below graduate,24778,17500,7278,3360,2305,1055,6382,4432,1950,1521,1004,517,5561,4167,1394,731,561,170,952,769,183,5172,3405,1767,1099,857,242
C5129,05,000,State - UTTARAKHAND,Total,Graduate and above,10960,6766,4194,1596,1028,568,2539,1421,1118,748,428,320,2742,1793,949,209,130,79,260,187,73,2549,1555,994,317,224,93
C5129,05,000,State - UTTARAKHAND,Rural,Total ,134097,73244,60853,21483,10341,11142,25312,12410,12902,8808,4966,3842,27947,16970,10977,8368,5090,3278,4763,2982,1781,21542,11859,9683,15874,8626,7248
C5129,05,000,State - UTTARAKHAND,Rural,Illiterate,64651,26510,38141,11948,3893,8055,11790,3954,7836,4263,2056,2207,10622,4345,6277,4794,2665,2129,2152,1004,1148,7779,3292,4487,11303,5301,6002
C5129,05,000,State - UTTARAKHAND,Rural,Literate,69446,46734,22712,9535,6448,3087,13522,8456,5066,4545,2910,1635,17325,12625,4700,3574,2425,1149,2611,1978,633,13763,8567,5196,4571,3325,1246
C5129,05,000,State - UTTARAKHAND,Rural,Literate but below primary,11050,6956,4094,1559,999,560,2139,1265,874,968,606,362,2173,1522,651,912,546,366,257,161,96,2022,1159,863,1020,698,322
C5129,05,000,State - UTTARAKHAND,Rural,Primary but below middle,19928,13117,6811,2926,1986,940,3875,2424,1451,1301,811,490,5025,3607,1418,1163,752,411,625,402,223,3490,2030,1460,1523,1105,418
C5129,05,000,State - UTTARAKHAND,Rural,Middle but below matric/secondary,15688,11035,4653,2027,1410,617,2900,1850,1050,952,626,326,4341,3302,1039,718,531,187,706,578,128,3171,2067,1104,873,671,202
C5129,05,000,State - UTTARAKHAND,Rural,Matric/Secondary but below graduate,14446,10457,3989,1833,1335,498,2966,1981,985,870,588,282,3753,2868,885,491,394,97,727,614,113,3247,2202,1045,559,475,84
C5129,05,000,State - UTTARAKHAND,Rural,Graduate and above,4750,3144,1606,616,440,176,909,548,361,249,155,94,1431,963,468,90,67,23,166,133,33,1162,743,419,127,95,32
C5129,05,000,State - UTTARAKHAND,Urban,Total ,51175,29543,21632,7624,4145,3479,12369,6782,5587,3540,2042,1498,9049,5773,3276,3082,1862,1220,1680,953,727,9181,5300,3881,4650,2686,1964
C5129,05,000,State - UTTARAKHAND,Urban,Illiterate,17626,8555,9071,2476,1099,1377,3389,1281,2108,1209,633,576,2623,1383,1240,1794,1029,765,845,410,435,2607,1303,1304,2683,1417,1266
C5129,05,000,State - UTTARAKHAND,Urban,Literate,33549,20988,12561,5148,3046,2102,8980,5501,3479,2331,1409,922,6426,4390,2036,1288,833,455,835,543,292,6574,3997,2577,1967,1269,698
C5129,05,000,State - UTTARAKHAND,Urban,Literate but below primary,3738,2209,1529,641,344,297,870,481,389,285,173,112,588,389,199,252,171,81,87,47,40,741,444,297,274,160,114
C5129,05,000,State - UTTARAKHAND,Urban,Primary but below middle,6307,3687,2620,1008,537,471,1432,745,687,442,274,168,1328,892,436,304,180,124,191,120,71,1174,692,482,428,247,181
C5129,05,000,State - UTTARAKHAND,Urban,Middle but below matric/secondary,5450,3502,1948,789,495,294,1275,745,530,356,214,142,1194,854,340,247,169,78,180,124,56,1040,663,377,369,238,131
C5129,05,000,State - UTTARAKHAND,Urban,Matric/Secondary but below graduate,10332,7043,3289,1527,970,557,3416,2451,965,651,416,235,1808,1299,509,240,167,73,225,155,70,1925,1203,722,540,382,158
C5129,05,000,State - UTTARAKHAND,Urban,Graduate and above,6210,3622,2588,980,588,392,1630,873,757,499,273,226,1311,830,481,119,63,56,94,54,40,1387,812,575,190,129,61
C5129,06,000,State - HARYANA,Total,Total ,546374,315533,230841,82702,43624,39078,115527,60916,54611,21787,13321,8466,116026,72761,43265,30070,19268,10802,16191,10298,5893,116821,67528,49293,47250,27817,19433
C5129,06,000,State - HARYANA,Total,Illiterate,248548,117932,130616,43101,17625,25476,48059,20050,28009,9606,5151,4455,43446,20788,22658,18149,11125,7024,9058,5098,3960,45017,21136,23881,32112,16959,15153
C5129,06,000,State - HARYANA,Total,Literate,297826,197601,100225,39601,25999,13602,67468,40866,26602,12181,8170,4011,72580,51973,20607,11921,8143,3778,7133,5200,1933,71804,46392,25412,15138,10858,4280
C5129,06,000,State - HARYANA,Total,Literate but below primary,42983,27092,15891,5612,3476,2136,9179,5324,3855,2621,1738,883,7630,5303,2327,3439,2237,1202,1183,778,405,10039,6000,4039,3280,2236,1044
C5129,06,000,State - HARYANA,Total,Primary but below middle,75944,48465,27479,10108,6359,3749,15442,8945,6497,3086,1997,1089,19823,13645,6178,3271,2190,1081,1993,1391,602,17921,11020,6901,4300,2918,1382
C5129,06,000,State - HARYANA,Total,Middle but below matric/secondary,49546,33419,16127,6648,4453,2195,10689,6477,4212,1913,1269,644,13062,9506,3556,1570,1112,458,1270,965,305,12122,7963,4159,2272,1674,598
C5129,06,000,State - HARYANA,Total,Matric/Secondary but below graduate,86884,61590,25294,11509,8188,3321,20794,13518,7276,3029,2167,862,22680,17008,5672,2148,1571,577,1839,1461,378,21619,15082,6537,3266,2595,671
C5129,06,000,State - HARYANA,Total,Graduate and above,29157,18877,10280,4009,2560,1449,8304,4934,3370,1032,663,369,6885,4918,1967,630,400,230,367,264,103,7161,4560,2601,769,578,191
C5129,06,000,State - HARYANA,Rural,Total ,357663,208784,148879,55737,29219,26518,66421,35029,31392,14578,9035,5543,82283,52540,29743,20160,13044,7116,10657,6820,3837,74374,43340,31034,33453,19757,13696
C5129,06,000,State - HARYANA,Rural,Illiterate,181055,86095,94960,33423,13817,19606,32923,13688,19235,6985,3776,3209,32883,15889,16994,12655,7765,4890,6223,3466,2757,31648,14821,16827,24315,12873,11442
C5129,06,000,State - HARYANA,Rural,Literate,176608,122689,53919,22314,15402,6912,33498,21341,12157,7593,5259,2334,49400,36651,12749,7505,5279,2226,4434,3354,1080,42726,28519,14207,9138,6884,2254
C5129,06,000,State - HARYANA,Rural,Literate but below primary,29803,19208,10595,3745,2388,1357,5551,3290,2261,1916,1286,630,5820,4136,1684,2627,1720,907,873,582,291,6822,4105,2717,2449,1701,748
C5129,06,000,State - HARYANA,Rural,Primary but below middle,51349,34022,17327,6663,4353,2310,9371,5645,3726,2208,1470,738,14704,10476,4228,2195,1513,682,1304,932,372,12130,7639,4491,2774,1994,780
C5129,06,000,State - HARYANA,Rural,Middle but below matric/secondary,30646,21573,9073,3987,2850,1137,5759,3638,2121,1216,817,399,8982,6732,2250,914,687,227,769,603,166,7704,5207,2497,1315,1039,276
C5129,06,000,State - HARYANA,Rural,Matric/Secondary but below graduate,48223,36217,12006,5919,4489,1430,9623,6682,2941,1676,1267,409,14870,11570,3300,1145,890,255,1091,931,160,12245,8947,3298,1654,1441,213
C5129,06,000,State - HARYANA,Rural,Graduate and above,9091,6836,2255,976,727,249,1722,1235,487,296,223,73,3380,2629,751,175,135,40,135,116,19,2190,1590,600,217,181,36
C5129,06,000,State - HARYANA,Urban,Total ,188711,106749,81962,26965,14405,12560,49106,25887,23219,7209,4286,2923,33743,20221,13522,9910,6224,3686,5534,3478,2056,42447,24188,18259,13797,8060,5737
C5129,06,000,State - HARYANA,Urban,Illiterate,67493,31837,35656,9678,3808,5870,15136,6362,8774,2621,1375,1246,10563,4899,5664,5494,3360,2134,2835,1632,1203,13369,6315,7054,7797,4086,3711
C5129,06,000,State - HARYANA,Urban,Literate,121218,74912,46306,17287,10597,6690,33970,19525,14445,4588,2911,1677,23180,15322,7858,4416,2864,1552,2699,1846,853,29078,17873,11205,6000,3974,2026
C5129,06,000,State - HARYANA,Urban,Literate but below primary,13180,7884,5296,1867,1088,779,3628,2034,1594,705,452,253,1810,1167,643,812,517,295,310,196,114,3217,1895,1322,831,535,296
C5129,06,000,State - HARYANA,Urban,Primary but below middle,24595,14443,10152,3445,2006,1439,6071,3300,2771,878,527,351,5119,3169,1950,1076,677,399,689,459,230,5791,3381,2410,1526,924,602
C5129,06,000,State - HARYANA,Urban,Middle but below matric/secondary,18900,11846,7054,2661,1603,1058,4930,2839,2091,697,452,245,4080,2774,1306,656,425,231,501,362,139,4418,2756,1662,957,635,322
C5129,06,000,State - HARYANA,Urban,Matric/Secondary but below graduate,38661,25373,13288,5590,3699,1891,11171,6836,4335,1353,900,453,7810,5438,2372,1003,681,322,748,530,218,9374,6135,3239,1612,1154,458
C5129,06,000,State - HARYANA,Urban,Graduate and above,20066,12041,8025,3033,1833,1200,6582,3699,2883,736,440,296,3505,2289,1216,455,265,190,232,148,84,4971,2970,2001,552,397,155
C5129,07,000,State - NCT OF DELHI,Total,Total ,234882,138379,96503,30124,16864,13260,34499,19277,15222,15094,8946,6148,67383,40727,26656,16338,10385,5953,10046,6292,3754,37013,21783,15230,24385,14105,10280
C5129,07,000,State - NCT OF DELHI,Total,Illiterate,81462,40022,41440,10100,4017,6083,9604,3929,5675,4556,2422,2134,18742,8674,10068,9573,5881,3692,4652,2651,2001,10485,5200,5285,13750,7248,6502
C5129,07,000,State - NCT OF DELHI,Total,Literate,153420,98357,55063,20024,12847,7177,24895,15348,9547,10538,6524,4014,48641,32053,16588,6765,4504,2261,5394,3641,1753,26528,16583,9945,10635,6857,3778
C5129,07,000,State - NCT OF DELHI,Total,Literate but below primary,15787,9481,6306,2143,1319,824,2259,1259,1000,1444,873,571,3591,2207,1384,1341,853,488,625,401,224,2827,1638,1189,1557,931,626
C5129,07,000,State - NCT OF DELHI,Total,Primary but below middle,31394,19137,12257,4105,2433,1672,4461,2489,1972,1990,1190,800,10310,6439,3871,1738,1171,567,1273,855,418,4993,3071,1922,2524,1489,1035
C5129,07,000,State - NCT OF DELHI,Total,Middle but below matric/secondary,24793,16359,8434,3075,2004,1071,3631,2225,1406,1578,1002,576,8715,5955,2760,994,702,292,962,673,289,4144,2688,1456,1694,1110,584
C5129,07,000,State - NCT OF DELHI,Total,Matric/Secondary but below graduate,45945,31013,14932,5909,3979,1930,8329,5587,2742,3010,1950,1060,15268,10510,4758,1255,876,379,1492,1035,457,7968,5203,2765,2714,1873,841
C5129,07,000,State - NCT OF DELHI,Total,Graduate and above,26747,16984,9763,3958,2583,1375,4943,3018,1925,2005,1202,803,8468,5548,2920,599,357,242,632,405,227,4973,3033,1940,1169,838,331
C5129,07,000,State - NCT OF DELHI,Rural,Total ,6116,3668,2448,792,430,362,825,432,393,339,208,131,1885,1198,687,350,245,105,247,172,75,1005,586,419,673,397,276
C5129,07,000,State - NCT OF DELHI,Rural,Illiterate,2543,1188,1355,354,129,225,356,126,230,133,74,59,579,254,325,228,155,73,121,71,50,315,144,171,457,235,222
C5129,07,000,State - NCT OF DELHI,Rural,Literate,3573,2480,1093,438,301,137,469,306,163,206,134,72,1306,944,362,122,90,32,126,101,25,690,442,248,216,162,54
C5129,07,000,State - NCT OF DELHI,Rural,Literate but below primary,432,267,165,48,27,21,71,45,26,35,25,10,109,72,37,28,17,11,13,9,4,92,50,42,36,22,14
C5129,07,000,State - NCT OF DELHI,Rural,Primary but below middle,800,511,289,108,61,47,96,59,37,41,25,16,278,189,89,37,29,8,33,24,9,144,81,63,63,43,20
C5129,07,000,State - NCT OF DELHI,Rural,Middle but below matric/secondary,691,502,189,73,56,17,93,55,38,30,20,10,279,217,62,17,14,3,27,21,6,137,90,47,35,29,6
C5129,07,000,State - NCT OF DELHI,Rural,Matric/Secondary but below graduate,1199,887,312,155,117,38,146,103,43,63,40,23,460,345,115,31,21,10,43,40,3,238,169,69,63,52,11
C5129,07,000,State - NCT OF DELHI,Rural,Graduate and above,311,223,88,31,26,5,44,32,12,28,20,8,134,91,43,3,3,0,8,6,2,57,39,18,6,6,0
C5129,07,000,State - NCT OF DELHI,Urban,Total ,228766,134711,94055,29332,16434,12898,33674,18845,14829,14755,8738,6017,65498,39529,25969,15988,10140,5848,9799,6120,3679,36008,21197,14811,23712,13708,10004
C5129,07,000,State - NCT OF DELHI,Urban,Illiterate,78919,38834,40085,9746,3888,5858,9248,3803,5445,4423,2348,2075,18163,8420,9743,9345,5726,3619,4531,2580,1951,10170,5056,5114,13293,7013,6280
C5129,07,000,State - NCT OF DELHI,Urban,Literate,149847,95877,53970,19586,12546,7040,24426,15042,9384,10332,6390,3942,47335,31109,16226,6643,4414,2229,5268,3540,1728,25838,16141,9697,10419,6695,3724
C5129,07,000,State - NCT OF DELHI,Urban,Literate but below primary,15355,9214,6141,2095,1292,803,2188,1214,974,1409,848,561,3482,2135,1347,1313,836,477,612,392,220,2735,1588,1147,1521,909,612
C5129,07,000,State - NCT OF DELHI,Urban,Primary but below middle,30594,18626,11968,3997,2372,1625,4365,2430,1935,1949,1165,784,10032,6250,3782,1701,1142,559,1240,831,409,4849,2990,1859,2461,1446,1015
C5129,07,000,State - NCT OF DELHI,Urban,Middle but below matric/secondary,24102,15857,8245,3002,1948,1054,3538,2170,1368,1548,982,566,8436,5738,2698,977,688,289,935,652,283,4007,2598,1409,1659,1081,578
C5129,07,000,State - NCT OF DELHI,Urban,Matric/Secondary but below graduate,44746,30126,14620,5754,3862,1892,8183,5484,2699,2947,1910,1037,14808,10165,4643,1224,855,369,1449,995,454,7730,5034,2696,2651,1821,830
C5129,07,000,State - NCT OF DELHI,Urban,Graduate and above,26436,16761,9675,3927,2557,1370,4899,2986,1913,1977,1182,795,8334,5457,2877,596,354,242,624,399,225,4916,2994,1922,1163,832,331
C5129,08,000,State - RAJASTHAN,Total,Total ,1563694,848287,715407,314618,156044,158574,218873,113199,105674,69484,42182,27302,427364,241049,186315,81389,52533,28856,41047,25233,15814,199696,113458,86238,211223,104589,106634
C5129,08,000,State - RAJASTHAN,Total,Illiterate,935759,399496,536263,197951,76744,121207,126501,50586,75915,31326,15956,15370,237526,97310,140216,51115,30303,20812,25852,13196,12656,96142,42638,53504,169346,72763,96583
C5129,08,000,State - RAJASTHAN,Total,Literate,627935,448791,179144,116667,79300,37367,92372,62613,29759,38158,26226,11932,189838,143739,46099,30274,22230,8044,15195,12037,3158,103554,70820,32734,41877,31826,10051
C5129,08,000,State - RAJASTHAN,Total,Literate but below primary,123591,82194,41397,23466,14973,8493,18537,11639,6898,8848,5768,3080,28104,20318,7786,10351,7051,3300,2620,1826,794,20352,12298,8054,11313,8321,2992
C5129,08,000,State - RAJASTHAN,Total,Primary but below middle,175274,122585,52689,32174,21516,10658,25089,16475,8614,10494,7110,3384,52070,38274,13796,9492,7035,2457,4621,3553,1068,28467,18844,9623,12867,9778,3089
C5129,08,000,State - RAJASTHAN,Total,Middle but below matric/secondary,118267,87881,30386,20681,14497,6184,16554,11672,4882,6591,4717,1874,41424,31878,9546,4022,3194,828,3187,2699,488,19834,14436,5398,5974,4788,1186
C5129,08,000,State - RAJASTHAN,Total,Matric/Secondary but below graduate,110573,84472,26101,21454,15519,5935,17180,12619,4561,6582,4807,1775,36655,29229,7426,2889,2321,568,2566,2239,327,18575,13804,4771,4672,3934,738
C5129,08,000,State - RAJASTHAN,Total,Graduate and above,49778,37485,12293,10555,7433,3122,8052,5712,2340,3262,2255,1007,16904,13702,3202,954,722,232,778,645,133,7947,5880,2067,1326,1136,190
C5129,08,000,State - RAJASTHAN,Rural,Total ,1219186,655135,564051,238859,116476,122383,160791,82121,78670,47865,29685,18180,350056,195563,154493,61380,39674,21706,31241,19044,12197,149770,85184,64586,179224,87388,91836
C5129,08,000,State - RAJASTHAN,Rural,Illiterate,793843,337960,455883,168612,65582,103030,104826,42089,62737,24297,12563,11734,208748,85829,122919,39596,23461,16135,20524,10287,10237,78532,34651,43881,148708,63498,85210
C5129,08,000,State - RAJASTHAN,Rural,Literate,425343,317175,108168,70247,50894,19353,55965,40032,15933,23568,17122,6446,141308,109734,31574,21784,16213,5571,10717,8757,1960,71238,50533,20705,30516,23890,6626
C5129,08,000,State - RAJASTHAN,Rural,Literate but below primary,94739,65051,29688,16892,11284,5608,13491,8792,4699,6779,4568,2211,22574,16797,5777,8504,5791,2713,2030,1455,575,15539,9611,5928,8930,6753,2177
C5129,08,000,State - RAJASTHAN,Rural,Primary but below middle,130375,95089,35286,22095,15727,6368,17420,12089,5331,7563,5401,2162,41278,31173,10105,7260,5471,1789,3444,2738,706,21520,14755,6765,9795,7735,2060
C5129,08,000,State - RAJASTHAN,Rural,Middle but below matric/secondary,81842,63884,17958,12636,9645,2991,10238,7775,2463,4060,3113,947,31802,25060,6742,2536,2101,435,2284,1995,289,14097,10694,3403,4189,3501,688
C5129,08,000,State - RAJASTHAN,Rural,Matric/Secondary but below graduate,62385,50813,11572,9941,7934,2007,7969,6387,1582,2975,2411,564,24918,20371,4547,1504,1302,202,1604,1466,138,10858,8609,2249,2616,2333,283
C5129,08,000,State - RAJASTHAN,Rural,Graduate and above,19348,16752,2596,2812,2377,435,2136,1833,303,684,570,114,9339,8141,1198,283,256,27,366,337,29,3161,2710,451,567,528,39
C5129,08,000,State - RAJASTHAN,Urban,Total ,344508,193152,151356,75759,39568,36191,58082,31078,27004,21619,12497,9122,77308,45486,31822,20009,12859,7150,9806,6189,3617,49926,28274,21652,31999,17201,14798
C5129,08,000,State - RAJASTHAN,Urban,Illiterate,141916,61536,80380,29339,11162,18177,21675,8497,13178,7029,3393,3636,28778,11481,17297,11519,6842,4677,5328,2909,2419,17610,7987,9623,20638,9265,11373
C5129,08,000,State - RAJASTHAN,Urban,Literate,202592,131616,70976,46420,28406,18014,36407,22581,13826,14590,9104,5486,48530,34005,14525,8490,6017,2473,4478,3280,1198,32316,20287,12029,11361,7936,3425
C5129,08,000,State - RAJASTHAN,Urban,Literate but below primary,28852,17143,11709,6574,3689,2885,5046,2847,2199,2069,1200,869,5530,3521,2009,1847,1260,587,590,371,219,4813,2687,2126,2383,1568,815
C5129,08,000,State - RAJASTHAN,Urban,Primary but below middle,44899,27496,17403,10079,5789,4290,7669,4386,3283,2931,1709,1222,10792,7101,3691,2232,1564,668,1177,815,362,6947,4089,2858,3072,2043,1029
C5129,08,000,State - RAJASTHAN,Urban,Middle but below matric/secondary,36425,23997,12428,8045,4852,3193,6316,3897,2419,2531,1604,927,9622,6818,2804,1486,1093,393,903,704,199,5737,3742,1995,1785,1287,498
C5129,08,000,State - RAJASTHAN,Urban,Matric/Secondary but below graduate,48188,33659,14529,11513,7585,3928,9211,6232,2979,3607,2396,1211,11737,8858,2879,1385,1019,366,962,773,189,7717,5195,2522,2056,1601,455
C5129,08,000,State - RAJASTHAN,Urban,Graduate and above,30430,20733,9697,7743,5056,2687,5916,3879,2037,2578,1685,893,7565,5561,2004,671,466,205,412,308,104,4786,3170,1616,759,608,151
C5129,09,000,State - UTTAR PRADESH,Total,Total ,4157514,2364171,1793343,763988,407862,356126,1027835,545179,482656,266586,151170,115416,677713,441615,236098,181342,113841,67501,76603,49121,27482,946436,528964,417472,217011,126419,90592
C5129,09,000,State - UTTAR PRADESH,Total,Illiterate,1990821,950431,1040390,386999,169212,217787,464503,201026,263477,125142,62751,62391,282965,148795,134170,112087,66898,45189,48024,27793,20231,421414,195204,226210,149687,78752,70935
C5129,09,000,State - UTTAR PRADESH,Total,Literate,2166693,1413740,752953,376989,238650,138339,563332,344153,219179,141444,88419,53025,394748,292820,101928,69255,46943,22312,28579,21328,7251,525022,333760,191262,67324,47667,19657
C5129,09,000,State - UTTAR PRADESH,Total,Literate but below primary,342090,201339,140751,63583,36291,27292,90885,50625,40260,26722,15598,11124,43342,29674,13668,16148,10093,6055,4008,2650,1358,84341,47886,36455,13061,8522,4539
C5129,09,000,State - UTTAR PRADESH,Total,Primary but below middle,530368,331351,199017,92301,55927,36374,131915,76252,55663,34468,20522,13946,103997,74450,29547,18703,12223,6480,7210,5014,2196,122864,74072,48792,18910,12891,6019
C5129,09,000,State - UTTAR PRADESH,Total,Middle but below matric/secondary,440333,301285,139048,72752,47777,24975,106581,67440,39141,26213,16867,9346,99959,76788,23171,12494,9036,3458,6357,5006,1351,103381,68969,34412,12596,9402,3194
C5129,09,000,State - UTTAR PRADESH,Total,Matric/Secondary but below graduate,492552,340345,152207,87704,59343,28361,133738,87454,46284,30281,20079,10202,91112,69778,21334,11943,8524,3419,6273,5091,1182,119809,81125,38684,11692,8951,2741
C5129,09,000,State - UTTAR PRADESH,Total,Graduate and above,195190,132686,62504,35361,23618,11743,54996,35034,19962,12366,8186,4180,33836,25583,8253,3857,2678,1179,1890,1540,350,49137,33220,15917,3747,2827,920
C5129,09,000,State - UTTAR PRADESH,Rural,Total ,3166615,1803715,1362900,579182,307821,271361,753704,398665,355039,202152,114665,87487,543203,355061,188142,140097,88236,51861,57497,37021,20476,720020,402738,317282,170760,99508,71252
C5129,09,000,State - UTTAR PRADESH,Rural,Illiterate,1605797,758977,846820,316427,136941,179486,369074,157458,211616,101297,50503,50794,231995,120750,111245,88380,52555,35825,36535,21020,15515,340628,155948,184680,121461,63802,57659
C5129,09,000,State - UTTAR PRADESH,Rural,Literate,1560818,1044738,516080,262755,170880,91875,384630,241207,143423,100855,64162,36693,311208,234311,76897,51717,35681,16036,20962,16001,4961,379392,246790,132602,49299,35706,13593
C5129,09,000,State - UTTAR PRADESH,Rural,Literate but below primary,274414,162216,112198,50045,28678,21367,71216,39863,31353,21711,12704,9007,35969,24717,11252,13591,8511,5080,3177,2107,1070,68275,38799,29476,10430,6837,3593
C5129,09,000,State - UTTAR PRADESH,Rural,Primary but below middle,418602,266298,152304,71242,44053,27189,100716,59256,41460,27128,16354,10774,86404,62588,23816,15143,9962,5181,5615,3939,1676,97395,59690,37705,14959,10456,4503
C5129,09,000,State - UTTAR PRADESH,Rural,Middle but below matric/secondary,340161,238839,101322,54549,36989,17560,78998,51429,27569,19874,13032,6842,82668,64241,18427,9418,6952,2466,4861,3895,966,80222,54962,25260,9571,7339,2232
C5129,09,000,State - UTTAR PRADESH,Rural,Matric/Secondary but below graduate,326220,235628,90592,55640,39577,16063,83306,57167,26139,19425,13403,6022,68354,53377,14977,7741,5853,1888,4355,3703,652,79961,56591,23370,7438,5957,1481
C5129,09,000,State - UTTAR PRADESH,Rural,Graduate and above,87577,67073,20504,14086,10736,3350,21252,15565,5687,5012,3727,1285,20752,16636,4116,1680,1345,335,1103,993,110,21983,16630,5353,1709,1441,268
C5129,09,000,State - UTTAR PRADESH,Urban,Total ,990899,560456,430443,184806,100041,84765,274131,146514,127617,64434,36505,27929,134510,86554,47956,41245,25605,15640,19106,12100,7006,226416,126226,100190,46251,26911,19340
C5129,09,000,State - UTTAR PRADESH,Urban,Illiterate,385024,191454,193570,70572,32271,38301,95429,43568,51861,23845,12248,11597,50970,28045,22925,23707,14343,9364,11489,6773,4716,80786,39256,41530,28226,14950,13276
C5129,09,000,State - UTTAR PRADESH,Urban,Literate,605875,369002,236873,114234,67770,46464,178702,102946,75756,40589,24257,16332,83540,58509,25031,17538,11262,6276,7617,5327,2290,145630,86970,58660,18025,11961,6064
C5129,09,000,State - UTTAR PRADESH,Urban,Literate but below primary,67676,39123,28553,13538,7613,5925,19669,10762,8907,5011,2894,2117,7373,4957,2416,2557,1582,975,831,543,288,16066,9087,6979,2631,1685,946
C5129,09,000,State - UTTAR PRADESH,Urban,Primary but below middle,111766,65053,46713,21059,11874,9185,31199,16996,14203,7340,4168,3172,17593,11862,5731,3560,2261,1299,1595,1075,520,25469,14382,11087,3951,2435,1516
C5129,09,000,State - UTTAR PRADESH,Urban,Middle but below matric/secondary,100172,62446,37726,18203,10788,7415,27583,16011,11572,6339,3835,2504,17291,12547,4744,3076,2084,992,1496,1111,385,23159,14007,9152,3025,2063,962
C5129,09,000,State - UTTAR PRADESH,Urban,Matric/Secondary but below graduate,166332,104717,61615,32064,19766,12298,50432,30287,20145,10856,6676,4180,22758,16401,6357,4202,2671,1531,1918,1388,530,39848,24534,15314,4254,2994,1260
C5129,09,000,State - UTTAR PRADESH,Urban,Graduate and above,107613,65613,42000,21275,12882,8393,33744,19469,14275,7354,4459,2895,13084,8947,4137,2177,1333,844,787,547,240,27154,16590,10564,2038,1386,652
C5129,10,000,State - BIHAR,Total,Total ,2331009,1343100,987909,549080,297043,252037,572163,308071,264092,170845,97893,72952,369577,245576,124001,89251,55335,33916,37521,24901,12620,431728,246460,185268,110844,67821,43023
C5129,10,000,State - BIHAR,Total,Illiterate,1228506,608996,619510,290719,132816,157903,291931,132765,159166,91507,47078,44429,175820,98033,77787,54637,31376,23261,23171,13638,9533,222978,109590,113388,77743,43700,34043
C5129,10,000,State - BIHAR,Total,Literate,1102503,734104,368399,258361,164227,94134,280232,175306,104926,79338,50815,28523,193757,147543,46214,34614,23959,10655,14350,11263,3087,208750,136870,71880,33101,24121,8980
C5129,10,000,State - BIHAR,Total,Literate but below primary,246857,143280,103577,61664,34128,27536,63822,34921,28901,20766,12033,8733,33481,22517,10964,9396,5835,3561,2620,1773,847,46722,26605,20117,8386,5468,2918
C5129,10,000,State - BIHAR,Total,Primary but below middle,271367,174518,96849,65084,39855,25229,67696,40587,27109,19322,12119,7203,49462,36401,13061,8783,5849,2934,3240,2446,794,49463,31361,18102,8317,5900,2417
C5129,10,000,State - BIHAR,Total,Middle but below matric/secondary,171145,118363,52782,39548,26115,13433,41744,26993,14751,11215,7379,3836,35557,27559,7998,4918,3562,1356,2430,1959,471,30990,21160,9830,4743,3636,1107
C5129,10,000,State - BIHAR,Total,Matric/Secondary but below graduate,243614,178489,65125,55498,38888,16610,61170,42130,19040,15502,10740,4762,50898,41516,9382,6477,4989,1488,3575,3090,485,44482,32253,12229,6012,4883,1129
C5129,10,000,State - BIHAR,Total,Graduate and above,67973,54310,13663,16508,12817,3691,17785,13511,4274,4607,3614,993,11758,10312,1446,1599,1344,255,1026,927,99,13258,10521,2737,1432,1264,168
C5129,10,000,State - BIHAR,Rural,Total ,2046351,1180813,865538,480118,259515,220603,497756,268272,229484,150197,86236,63961,330394,220062,110332,78520,48621,29899,32691,21594,11097,378081,216107,161974,98594,60406,38188
C5129,10,000,State - BIHAR,Rural,Illiterate,1120485,555371,565114,265525,121128,144397,265962,121052,144910,84015,43241,40774,161413,90197,71216,49012,28044,20968,20549,12016,8533,203621,100081,103540,70388,39612,30776
C5129,10,000,State - BIHAR,Rural,Literate,925866,625442,300424,214593,138387,76206,231794,147220,84574,66182,42995,23187,168981,129865,39116,29508,20577,8931,12142,9578,2564,174460,116026,58434,28206,20794,7412
C5129,10,000,State - BIHAR,Rural,Literate but below primary,220474,128734,91740,54624,30373,24251,56731,31174,25557,18522,10851,7671,30285,20487,9798,8530,5325,3205,2339,1580,759,41915,23987,17928,7528,4957,2571
C5129,10,000,State - BIHAR,Rural,Primary but below middle,239425,156451,82974,56977,35483,21494,59273,36259,23014,17082,10815,6267,44615,33174,11441,7730,5177,2553,2851,2163,688,43532,28046,15486,7365,5334,2031
C5129,10,000,State - BIHAR,Rural,Middle but below matric/secondary,146177,103160,43017,33545,22668,10877,35056,23230,11826,9448,6367,3081,31466,24642,6824,4217,3105,1112,2041,1664,377,26382,18352,8030,4022,3132,890
C5129,10,000,State - BIHAR,Rural,Matric/Secondary but below graduate,193233,146886,46347,43048,31496,11552,47203,33918,13285,11864,8571,3293,43265,35884,7381,5128,4057,1071,2934,2570,364,34993,26398,8595,4798,3992,806
C5129,10,000,State - BIHAR,Rural,Graduate and above,39649,33815,5834,9100,7576,1524,9747,7942,1805,2443,2059,384,8233,7445,788,1015,895,120,757,701,56,7460,6381,1079,894,816,78
C5129,10,000,State - BIHAR,Urban,Total ,284658,162287,122371,68962,37528,31434,74407,39799,34608,20648,11657,8991,39183,25514,13669,10731,6714,4017,4830,3307,1523,53647,30353,23294,12250,7415,4835
C5129,10,000,State - BIHAR,Urban,Illiterate,108021,53625,54396,25194,11688,13506,25969,11713,14256,7492,3837,3655,14407,7836,6571,5625,3332,2293,2622,1622,1000,19357,9509,9848,7355,4088,3267
C5129,10,000,State - BIHAR,Urban,Literate,176637,108662,67975,43768,25840,17928,48438,28086,20352,13156,7820,5336,24776,17678,7098,5106,3382,1724,2208,1685,523,34290,20844,13446,4895,3327,1568
C5129,10,000,State - BIHAR,Urban,Literate but below primary,26383,14546,11837,7040,3755,3285,7091,3747,3344,2244,1182,1062,3196,2030,1166,866,510,356,281,193,88,4807,2618,2189,858,511,347
C5129,10,000,State - BIHAR,Urban,Primary but below middle,31942,18067,13875,8107,4372,3735,8423,4328,4095,2240,1304,936,4847,3227,1620,1053,672,381,389,283,106,5931,3315,2616,952,566,386
C5129,10,000,State - BIHAR,Urban,Middle but below matric/secondary,24968,15203,9765,6003,3447,2556,6688,3763,2925,1767,1012,755,4091,2917,1174,701,457,244,389,295,94,4608,2808,1800,721,504,217
C5129,10,000,State - BIHAR,Urban,Matric/Secondary but below graduate,50381,31603,18778,12450,7392,5058,13967,8212,5755,3638,2169,1469,7633,5632,2001,1349,932,417,641,520,121,9489,5855,3634,1214,891,323
C5129,10,000,State - BIHAR,Urban,Graduate and above,28324,20495,7829,7408,5241,2167,8038,5569,2469,2164,1555,609,3525,2867,658,584,449,135,269,226,43,5798,4140,1658,538,448,90
C5129,11,000,State - SIKKIM,Total,Total ,18187,9779,8408,2772,1421,1351,5343,2987,2356,1577,818,759,2067,1218,849,516,274,242,513,255,258,2459,1282,1177,2940,1524,1416
C5129,11,000,State - SIKKIM,Total,Illiterate,9911,4554,5357,1336,567,769,2612,1201,1411,1109,545,564,972,458,514,261,122,139,247,107,140,1000,422,578,2374,1132,1242
C5129,11,000,State - SIKKIM,Total,Literate,8276,5225,3051,1436,854,582,2731,1786,945,468,273,195,1095,760,335,255,152,103,266,148,118,1459,860,599,566,392,174
C5129,11,000,State - SIKKIM,Total,Literate but below primary,2768,1799,969,464,296,168,855,564,291,214,133,81,371,258,113,102,67,35,92,51,41,405,245,160,265,185,80
C5129,11,000,State - SIKKIM,Total,Primary but below middle,1982,1215,767,373,231,142,554,346,208,108,57,51,309,217,92,69,36,33,83,39,44,378,210,168,108,79,29
C5129,11,000,State - SIKKIM,Total,Middle but below matric/secondary,1076,616,460,212,101,111,345,208,137,46,25,21,131,88,43,27,15,12,42,25,17,222,123,99,51,31,20
C5129,11,000,State - SIKKIM,Total,Matric/Secondary but below graduate,1456,978,478,225,129,96,668,484,184,44,23,21,159,112,47,27,18,9,27,20,7,261,159,102,45,33,12
C5129,11,000,State - SIKKIM,Total,Graduate and above,341,225,116,82,46,36,90,65,25,12,7,5,47,36,11,8,5,3,5,4,1,93,59,34,4,3,1
C5129,11,000,State - SIKKIM,Rural,Total ,15859,8548,7311,2484,1271,1213,4703,2638,2065,1339,699,640,1792,1064,728,416,221,195,443,209,234,2023,1063,960,2659,1383,1276
C5129,11,000,State - SIKKIM,Rural,Illiterate,8984,4164,4820,1244,531,713,2382,1104,1278,985,493,492,878,421,457,219,102,117,221,92,129,876,378,498,2179,1043,1136
C5129,11,000,State - SIKKIM,Rural,Literate,6875,4384,2491,1240,740,500,2321,1534,787,354,206,148,914,643,271,197,119,78,222,117,105,1147,685,462,480,340,140
C5129,11,000,State - SIKKIM,Rural,Literate but below primary,2468,1630,838,420,273,147,766,509,257,183,117,66,337,243,94,81,54,27,78,42,36,359,219,140,244,173,71
C5129,11,000,State - SIKKIM,Rural,Primary but below middle,1664,1018,646,333,203,130,462,290,172,87,46,41,253,173,80,59,31,28,70,30,40,308,175,133,92,70,22
C5129,11,000,State - SIKKIM,Rural,Middle but below matric/secondary,851,478,373,182,84,98,282,167,115,22,11,11,99,71,28,23,13,10,36,20,16,173,91,82,34,21,13
C5129,11,000,State - SIKKIM,Rural,Matric/Secondary but below graduate,1142,794,348,176,102,74,566,425,141,22,7,15,129,92,37,17,13,4,18,13,5,189,123,66,25,19,6
C5129,11,000,State - SIKKIM,Rural,Graduate and above,196,127,69,60,32,28,54,37,17,5,3,2,26,22,4,4,2,2,4,3,1,41,27,14,2,1,1
C5129,11,000,State - SIKKIM,Urban,Total ,2328,1231,1097,288,150,138,640,349,291,238,119,119,275,154,121,100,53,47,70,46,24,436,219,217,281,141,140
C5129,11,000,State - SIKKIM,Urban,Illiterate,927,390,537,92,36,56,230,97,133,124,52,72,94,37,57,42,20,22,26,15,11,124,44,80,195,89,106
C5129,11,000,State - SIKKIM,Urban,Literate,1401,841,560,196,114,82,410,252,158,114,67,47,181,117,64,58,33,25,44,31,13,312,175,137,86,52,34
C5129,11,000,State - SIKKIM,Urban,Literate but below primary,300,169,131,44,23,21,89,55,34,31,16,15,34,15,19,21,13,8,14,9,5,46,26,20,21,12,9
C5129,11,000,State - SIKKIM,Urban,Primary but below middle,318,197,121,40,28,12,92,56,36,21,11,10,56,44,12,10,5,5,13,9,4,70,35,35,16,9,7
C5129,11,000,State - SIKKIM,Urban,Middle but below matric/secondary,225,138,87,30,17,13,63,41,22,24,14,10,32,17,15,4,2,2,6,5,1,49,32,17,17,10,7
C5129,11,000,State - SIKKIM,Urban,Matric/Secondary but below graduate,314,184,130,49,27,22,102,59,43,22,16,6,30,20,10,10,5,5,9,7,2,72,36,36,20,14,6
C5129,11,000,State - SIKKIM,Urban,Graduate and above,145,98,47,22,14,8,36,28,8,7,4,3,21,14,7,4,3,1,1,1,0,52,32,20,2,2,0
C5129,12,000,State - ARUNACHAL PRADESH,Total,Total ,26734,14245,12489,5652,2862,2790,8127,4209,3918,1538,880,658,3235,1935,1300,1264,635,629,631,344,287,3878,2080,1798,2409,1300,1109
C5129,12,000,State - ARUNACHAL PRADESH,Total,Illiterate,16375,7708,8667,3397,1507,1890,4775,2170,2605,1113,589,524,1950,1018,932,757,350,407,432,210,222,1902,818,1084,2049,1046,1003
C5129,12,000,State - ARUNACHAL PRADESH,Total,Literate,10359,6537,3822,2255,1355,900,3352,2039,1313,425,291,134,1285,917,368,507,285,222,199,134,65,1976,1262,714,360,254,106
C5129,12,000,State - ARUNACHAL PRADESH,Total,Literate but below primary,2225,1347,878,530,321,209,741,413,328,129,85,44,234,161,73,113,62,51,39,26,13,344,210,134,95,69,26
C5129,12,000,State - ARUNACHAL PRADESH,Total,Primary but below middle,2628,1567,1061,586,335,251,798,447,351,107,77,30,370,252,118,132,65,67,60,41,19,487,289,198,88,61,27
C5129,12,000,State - ARUNACHAL PRADESH,Total,Middle but below matric/secondary,1906,1162,744,431,243,188,585,347,238,74,47,27,259,184,75,92,50,42,41,29,12,375,227,148,49,35,14
C5129,12,000,State - ARUNACHAL PRADESH,Total,Matric/Secondary but below graduate,2407,1636,771,488,300,188,816,564,252,75,52,23,271,197,74,117,72,45,37,23,14,545,386,159,58,42,16
C5129,12,000,State - ARUNACHAL PRADESH,Total,Graduate and above,594,455,139,127,96,31,185,140,45,14,11,3,93,79,14,25,15,10,3,1,2,129,98,31,18,15,3
C5129,12,000,State - ARUNACHAL PRADESH,Rural,Total ,22308,11780,10528,4669,2334,2335,6916,3565,3351,1299,737,562,2735,1620,1115,1011,512,499,533,291,242,3005,1582,1423,2140,1139,1001
C5129,12,000,State - ARUNACHAL PRADESH,Rural,Illiterate,14756,6957,7799,3056,1357,1699,4410,2012,2398,981,516,465,1772,933,839,641,297,344,377,182,195,1651,711,940,1868,949,919
C5129,12,000,State - ARUNACHAL PRADESH,Rural,Literate,7552,4823,2729,1613,977,636,2506,1553,953,318,221,97,963,687,276,370,215,155,156,109,47,1354,871,483,272,190,82
C5129,12,000,State - ARUNACHAL PRADESH,Rural,Literate but below primary,1776,1079,697,430,261,169,572,316,256,99,64,35,196,132,64,93,52,41,27,20,7,280,180,100,79,54,25
C5129,12,000,State - ARUNACHAL PRADESH,Rural,Primary but below middle,2015,1220,795,435,257,178,624,353,271,92,68,24,277,192,85,91,47,44,53,36,17,373,219,154,70,48,22
C5129,12,000,State - ARUNACHAL PRADESH,Rural,Middle but below matric/secondary,1407,879,528,313,182,131,420,251,169,51,34,17,209,149,60,67,39,28,32,24,8,278,173,105,37,27,10
C5129,12,000,State - ARUNACHAL PRADESH,Rural,Matric/Secondary but below graduate,1527,1070,457,290,175,115,586,433,153,47,32,15,178,130,48,85,54,31,28,17,11,280,203,77,33,26,7
C5129,12,000,State - ARUNACHAL PRADESH,Rural,Graduate and above,335,265,70,67,50,17,113,89,24,8,7,1,57,48,9,14,8,6,2,1,1,66,54,12,8,8,0
C5129,12,000,State - ARUNACHAL PRADESH,Urban,Total ,4426,2465,1961,983,528,455,1211,644,567,239,143,96,500,315,185,253,123,130,98,53,45,873,498,375,269,161,108
C5129,12,000,State - ARUNACHAL PRADESH,Urban,Illiterate,1619,751,868,341,150,191,365,158,207,132,73,59,178,85,93,116,53,63,55,28,27,251,107,144,181,97,84
C5129,12,000,State - ARUNACHAL PRADESH,Urban,Literate,2807,1714,1093,642,378,264,846,486,360,107,70,37,322,230,92,137,70,67,43,25,18,622,391,231,88,64,24
C5129,12,000,State - ARUNACHAL PRADESH,Urban,Literate but below primary,449,268,181,100,60,40,169,97,72,30,21,9,38,29,9,20,10,10,12,6,6,64,30,34,16,15,1
C5129,12,000,State - ARUNACHAL PRADESH,Urban,Primary but below middle,613,347,266,151,78,73,174,94,80,15,9,6,93,60,33,41,18,23,7,5,2,114,70,44,18,13,5
C5129,12,000,State - ARUNACHAL PRADESH,Urban,Middle but below matric/secondary,499,283,216,118,61,57,165,96,69,23,13,10,50,35,15,25,11,14,9,5,4,97,54,43,12,8,4
C5129,12,000,State - ARUNACHAL PRADESH,Urban,Matric/Secondary but below graduate,880,566,314,198,125,73,230,131,99,28,20,8,93,67,26,32,18,14,9,6,3,265,183,82,25,16,9
C5129,12,000,State - ARUNACHAL PRADESH,Urban,Graduate and above,259,190,69,60,46,14,72,51,21,6,4,2,36,31,5,11,7,4,1,0,1,63,44,19,10,7,3
C5129,13,000,State - NAGALAND,Total,Total ,29631,16148,13483,4150,2130,2020,8940,5007,3933,2294,1261,1033,3828,2235,1593,1250,666,584,995,547,448,4838,2529,2309,3336,1773,1563
C5129,13,000,State - NAGALAND,Total,Illiterate,16727,8164,8563,2133,909,1224,4853,2438,2415,1690,889,801,1824,909,915,770,385,385,556,269,287,2135,962,1173,2766,1403,1363
C5129,13,000,State - NAGALAND,Total,Literate,12904,7984,4920,2017,1221,796,4087,2569,1518,604,372,232,2004,1326,678,480,281,199,439,278,161,2703,1567,1136,570,370,200
C5129,13,000,State - NAGALAND,Total,Literate but below primary,2965,1708,1257,445,273,172,1023,600,423,199,129,70,441,256,185,82,46,36,68,32,36,532,262,270,175,110,65
C5129,13,000,State - NAGALAND,Total,Primary but below middle,3288,1996,1292,559,317,242,1071,674,397,131,72,59,557,390,167,123,68,55,90,55,35,625,332,293,132,88,44
C5129,13,000,State - NAGALAND,Total,Middle but below matric/secondary,2471,1586,885,390,245,145,750,506,244,105,67,38,407,275,132,118,70,48,104,69,35,519,303,216,78,51,27
C5129,13,000,State - NAGALAND,Total,Matric/Secondary but below graduate,2105,1328,777,350,214,136,660,424,236,66,46,20,327,219,108,76,48,28,94,63,31,470,271,199,62,43,19
C5129,13,000,State - NAGALAND,Total,Graduate and above,596,411,185,108,76,32,186,116,70,14,12,2,92,73,19,31,22,9,23,19,4,130,83,47,12,10,2
C5129,13,000,State - NAGALAND,Rural,Total ,23549,12761,10788,3291,1689,1602,7237,4050,3187,1889,1033,856,2941,1689,1252,949,499,450,776,425,351,3699,1910,1789,2767,1466,1301
C5129,13,000,State - NAGALAND,Rural,Illiterate,14352,7017,7335,1858,802,1056,4318,2188,2130,1434,752,682,1520,758,762,619,303,316,456,219,237,1795,800,995,2352,1195,1157
C5129,13,000,State - NAGALAND,Rural,Literate,9197,5744,3453,1433,887,546,2919,1862,1057,455,281,174,1421,931,490,330,196,134,320,206,114,1904,1110,794,415,271,144
C5129,13,000,State - NAGALAND,Rural,Literate but below primary,2409,1400,1009,369,227,142,856,510,346,159,102,57,353,210,143,65,39,26,49,22,27,424,202,222,134,88,46
C5129,13,000,State - NAGALAND,Rural,Primary but below middle,2529,1554,975,422,247,175,840,546,294,106,60,46,429,300,129,85,46,39,70,43,27,478,243,235,99,69,30
C5129,13,000,State - NAGALAND,Rural,Middle but below matric/secondary,1746,1143,603,272,179,93,530,365,165,77,49,28,282,192,90,84,52,32,75,51,24,370,218,152,56,37,19
C5129,13,000,State - NAGALAND,Rural,Matric/Secondary but below graduate,1131,734,397,203,127,76,319,213,106,37,28,9,176,115,61,43,27,16,66,43,23,253,159,94,34,22,12
C5129,13,000,State - NAGALAND,Rural,Graduate and above,237,170,67,42,30,12,63,38,25,6,5,1,36,28,8,15,10,5,16,14,2,55,41,14,4,4,0
C5129,13,000,State - NAGALAND,Urban,Total ,6082,3387,2695,859,441,418,1703,957,746,405,228,177,887,546,341,301,167,134,219,122,97,1139,619,520,569,307,262
C5129,13,000,State - NAGALAND,Urban,Illiterate,2375,1147,1228,275,107,168,535,250,285,256,137,119,304,151,153,151,82,69,100,50,50,340,162,178,414,208,206
C5129,13,000,State - NAGALAND,Urban,Literate,3707,2240,1467,584,334,250,1168,707,461,149,91,58,583,395,188,150,85,65,119,72,47,799,457,342,155,99,56
C5129,13,000,State - NAGALAND,Urban,Literate but below primary,556,308,248,76,46,30,167,90,77,40,27,13,88,46,42,17,7,10,19,10,9,108,60,48,41,22,19
C5129,13,000,State - NAGALAND,Urban,Primary but below middle,759,442,317,137,70,67,231,128,103,25,12,13,128,90,38,38,22,16,20,12,8,147,89,58,33,19,14
C5129,13,000,State - NAGALAND,Urban,Middle but below matric/secondary,725,443,282,118,66,52,220,141,79,28,18,10,125,83,42,34,18,16,29,18,11,149,85,64,22,14,8
C5129,13,000,State - NAGALAND,Urban,Matric/Secondary but below graduate,974,594,380,147,87,60,341,211,130,29,18,11,151,104,47,33,21,12,28,20,8,217,112,105,28,21,7
C5129,13,000,State - NAGALAND,Urban,Graduate and above,359,241,118,66,46,20,123,78,45,8,7,1,56,45,11,16,12,4,7,5,2,75,42,33,8,6,2
C5129,14,000,State - MANIPUR,Total,Total ,58547,31174,27373,19194,9915,9279,12891,6688,6203,2661,1488,1173,5315,3165,2150,4846,2626,2220,1459,842,617,8628,4516,4112,3553,1934,1619
C5129,14,000,State - MANIPUR,Total,Illiterate,24217,10811,13406,6631,2802,3829,5355,2302,3053,1331,650,681,2289,1019,1270,2499,1211,1288,679,329,350,2983,1306,1677,2450,1192,1258
C5129,14,000,State - MANIPUR,Total,Literate,34330,20363,13967,12563,7113,5450,7536,4386,3150,1330,838,492,3026,2146,880,2347,1415,932,780,513,267,5645,3210,2435,1103,742,361
C5129,14,000,State - MANIPUR,Total,Literate but below primary,3977,2157,1820,1470,756,714,878,488,390,199,124,75,310,216,94,233,124,109,66,34,32,661,316,345,160,99,61
C5129,14,000,State - MANIPUR,Total,Primary but below middle,5715,3149,2566,2167,1150,1017,1248,662,586,198,117,81,510,336,174,409,217,192,103,57,46,887,486,401,193,124,69
C5129,14,000,State - MANIPUR,Total,Middle but below matric/secondary,8157,5064,3093,2945,1712,1233,1774,1093,681,343,220,123,808,600,208,603,383,220,214,143,71,1202,716,486,268,197,71
C5129,14,000,State - MANIPUR,Total,Matric/Secondary but below graduate,9990,6069,3921,3779,2212,1567,2228,1326,902,344,223,121,823,595,228,656,415,241,252,175,77,1637,949,688,271,174,97
C5129,14,000,State - MANIPUR,Total,Graduate and above,4073,2567,1506,1523,912,611,826,494,332,147,96,51,380,278,102,255,170,85,81,63,18,775,485,290,86,69,17
C5129,14,000,State - MANIPUR,Rural,Total ,40488,21726,18762,13429,6970,6459,9663,5050,4613,1833,1038,795,3508,2095,1413,3148,1754,1394,841,474,367,5654,3016,2638,2412,1329,1083
C5129,14,000,State - MANIPUR,Rural,Illiterate,18034,8196,9838,5010,2134,2876,4341,1925,2416,992,504,488,1668,767,901,1681,842,839,434,213,221,2156,950,1206,1752,861,891
C5129,14,000,State - MANIPUR,Rural,Literate,22454,13530,8924,8419,4836,3583,5322,3125,2197,841,534,307,1840,1328,512,1467,912,555,407,261,146,3498,2066,1432,660,468,192
C5129,14,000,State - MANIPUR,Rural,Literate but below primary,2945,1631,1314,1057,556,501,717,406,311,142,85,57,229,163,66,163,88,75,50,25,25,487,238,249,100,70,30
C5129,14,000,State - MANIPUR,Rural,Primary but below middle,4148,2309,1839,1573,837,736,989,528,461,142,85,57,351,238,113,278,147,131,62,34,28,631,358,273,122,82,40
C5129,14,000,State - MANIPUR,Rural,Middle but below matric/secondary,5591,3505,2086,2060,1211,849,1288,783,505,218,147,71,519,395,124,407,268,139,122,80,42,818,501,317,159,120,39
C5129,14,000,State - MANIPUR,Rural,Matric/Secondary but below graduate,6175,3794,2381,2460,1455,1005,1486,889,597,206,130,76,456,326,130,397,265,132,112,76,36,901,551,350,157,102,55
C5129,14,000,State - MANIPUR,Rural,Graduate and above,1921,1307,614,805,510,295,406,264,142,60,46,14,166,127,39,118,88,30,26,21,5,300,213,87,40,38,2
C5129,14,000,State - MANIPUR,Urban,Total ,18059,9448,8611,5765,2945,2820,3228,1638,1590,828,450,378,1807,1070,737,1698,872,826,618,368,250,2974,1500,1474,1141,605,536
C5129,14,000,State - MANIPUR,Urban,Illiterate,6183,2615,3568,1621,668,953,1014,377,637,339,146,193,621,252,369,818,369,449,245,116,129,827,356,471,698,331,367
C5129,14,000,State - MANIPUR,Urban,Literate,11876,6833,5043,4144,2277,1867,2214,1261,953,489,304,185,1186,818,368,880,503,377,373,252,121,2147,1144,1003,443,274,169
C5129,14,000,State - MANIPUR,Urban,Literate but below primary,1032,526,506,413,200,213,161,82,79,57,39,18,81,53,28,70,36,34,16,9,7,174,78,96,60,29,31
C5129,14,000,State - MANIPUR,Urban,Primary but below middle,1567,840,727,594,313,281,259,134,125,56,32,24,159,98,61,131,70,61,41,23,18,256,128,128,71,42,29
C5129,14,000,State - MANIPUR,Urban,Middle but below matric/secondary,2566,1559,1007,885,501,384,486,310,176,125,73,52,289,205,84,196,115,81,92,63,29,384,215,169,109,77,32
C5129,14,000,State - MANIPUR,Urban,Matric/Secondary but below graduate,3815,2275,1540,1319,757,562,742,437,305,138,93,45,367,269,98,259,150,109,140,99,41,736,398,338,114,72,42
C5129,14,000,State - MANIPUR,Urban,Graduate and above,2152,1260,892,718,402,316,420,230,190,87,50,37,214,151,63,137,82,55,55,42,13,475,272,203,46,31,15
C5129,15,000,State - MIZORAM,Total,Total ,15160,8198,6962,2035,1087,948,3354,1828,1526,1163,601,562,1976,1162,814,1585,843,742,1050,576,474,1914,1009,905,2083,1092,991
C5129,15,000,State - MIZORAM,Total,Illiterate,5773,2757,3016,511,215,296,926,430,496,699,325,374,484,249,235,768,378,390,381,189,192,579,261,318,1425,710,715
C5129,15,000,State - MIZORAM,Total,Literate,9387,5441,3946,1524,872,652,2428,1398,1030,464,276,188,1492,913,579,817,465,352,669,387,282,1335,748,587,658,382,276
C5129,15,000,State - MIZORAM,Total,Literate but below primary,3899,2137,1762,571,307,264,1241,676,565,220,125,95,572,316,256,361,212,149,186,94,92,401,218,183,347,189,158
C5129,15,000,State - MIZORAM,Total,Primary but below middle,2185,1308,877,375,223,152,515,316,199,95,57,38,356,223,133,215,116,99,185,105,80,336,194,142,108,74,34
C5129,15,000,State - MIZORAM,Total,Middle but below matric/secondary,1581,944,637,266,150,116,318,191,127,61,42,19,309,202,107,109,66,43,132,84,48,314,171,143,72,38,34
C5129,15,000,State - MIZORAM,Total,Matric/Secondary but below graduate,965,621,344,209,130,79,192,130,62,35,22,13,165,112,53,50,35,15,104,66,38,172,99,73,38,27,11
C5129,15,000,State - MIZORAM,Total,Graduate and above,257,174,83,51,37,14,57,44,13,10,5,5,43,30,13,13,7,6,22,13,9,56,36,20,5,2,3
C5129,15,000,State - MIZORAM,Rural,Total ,8627,4584,4043,1237,669,568,1989,1055,934,735,399,336,1141,651,490,776,410,366,423,197,226,1121,588,533,1205,615,590
C5129,15,000,State - MIZORAM,Rural,Illiterate,3799,1776,2023,379,156,223,664,306,358,486,239,247,351,184,167,431,207,224,215,86,129,415,186,229,858,412,446
C5129,15,000,State - MIZORAM,Rural,Literate,4828,2808,2020,858,513,345,1325,749,576,249,160,89,790,467,323,345,203,142,208,111,97,706,402,304,347,203,144
C5129,15,000,State - MIZORAM,Rural,Literate but below primary,2363,1343,1020,386,218,168,766,429,337,132,84,48,354,201,153,179,111,68,98,50,48,245,134,111,203,116,87
C5129,15,000,State - MIZORAM,Rural,Primary but below middle,1173,721,452,224,142,82,295,186,109,59,39,20,191,113,78,97,55,42,58,29,29,196,120,76,53,37,16
C5129,15,000,State - MIZORAM,Rural,Middle but below matric/secondary,702,402,300,135,79,56,134,72,62,25,18,7,159,101,58,32,17,15,30,19,11,159,85,74,28,11,17
C5129,15,000,State - MIZORAM,Rural,Matric/Secondary but below graduate,285,179,106,69,49,20,57,32,25,11,7,4,46,24,22,7,7,0,12,8,4,61,37,24,22,15,7
C5129,15,000,State - MIZORAM,Rural,Graduate and above,60,45,15,10,9,1,12,10,2,2,1,1,13,12,1,3,1,2,5,2,3,14,9,5,1,1,0
C5129,15,000,State - MIZORAM,Urban,Total ,6533,3614,2919,798,418,380,1365,773,592,428,202,226,835,511,324,809,433,376,627,379,248,793,421,372,878,477,401
C5129,15,000,State - MIZORAM,Urban,Illiterate,1974,981,993,132,59,73,262,124,138,213,86,127,133,65,68,337,171,166,166,103,63,164,75,89,567,298,269
C5129,15,000,State - MIZORAM,Urban,Literate,4559,2633,1926,666,359,307,1103,649,454,215,116,99,702,446,256,472,262,210,461,276,185,629,346,283,311,179,132
C5129,15,000,State - MIZORAM,Urban,Literate but below primary,1536,794,742,185,89,96,475,247,228,88,41,47,218,115,103,182,101,81,88,44,44,156,84,72,144,73,71
C5129,15,000,State - MIZORAM,Urban,Primary but below middle,1012,587,425,151,81,70,220,130,90,36,18,18,165,110,55,118,61,57,127,76,51,140,74,66,55,37,18
C5129,15,000,State - MIZORAM,Urban,Middle but below matric/secondary,879,542,337,131,71,60,184,119,65,36,24,12,150,101,49,77,49,28,102,65,37,155,86,69,44,27,17
C5129,15,000,State - MIZORAM,Urban,Matric/Secondary but below graduate,680,442,238,140,81,59,135,98,37,24,15,9,119,88,31,43,28,15,92,58,34,111,62,49,16,12,4
C5129,15,000,State - MIZORAM,Urban,Graduate and above,197,129,68,41,28,13,45,34,11,8,4,4,30,18,12,10,6,4,17,11,6,42,27,15,4,1,3
C5129,16,000,State - TRIPURA,Total,Total ,64346,35482,28864,10828,5512,5316,11695,6382,5313,4567,2538,2029,11707,7126,4581,4307,2358,1949,2909,1583,1326,11825,6505,5320,6508,3478,3030
C5129,16,000,State - TRIPURA,Total,Illiterate,21642,9490,12152,3763,1418,2345,3290,1284,2006,1957,997,960,3032,1304,1728,1725,821,904,1013,453,560,3247,1490,1757,3615,1723,1892
C5129,16,000,State - TRIPURA,Total,Literate,42704,25992,16712,7065,4094,2971,8405,5098,3307,2610,1541,1069,8675,5822,2853,2582,1537,1045,1896,1130,766,8578,5015,3563,2893,1755,1138
C5129,16,000,State - TRIPURA,Total,Literate but below primary,11898,6767,5131,2083,1087,996,2219,1218,1001,867,510,357,2164,1382,782,818,463,355,552,308,244,2166,1228,938,1029,571,458
C5129,16,000,State - TRIPURA,Total,Primary but below middle,9608,5664,3944,1649,930,719,1874,1059,815,526,313,213,1878,1238,640,651,378,273,473,290,183,1916,1084,832,641,372,269
C5129,16,000,State - TRIPURA,Total,Middle but below matric/secondary,8105,5145,2960,1242,741,501,1583,1007,576,488,284,204,1882,1331,551,480,298,182,352,220,132,1629,963,666,449,301,148
C5129,16,000,State - TRIPURA,Total,Matric/Secondary but below graduate,7062,4825,2237,1080,753,327,1570,1150,420,327,193,134,1609,1145,464,339,236,103,252,163,89,1570,957,613,315,228,87
C5129,16,000,State - TRIPURA,Total,Graduate and above,2022,1465,557,334,250,84,360,256,104,121,74,47,419,328,91,83,57,26,79,52,27,553,388,165,73,60,13
C5129,16,000,State - TRIPURA,Rural,Total ,44942,24636,20306,7675,3913,3762,8585,4652,3933,3039,1702,1337,8015,4846,3169,3027,1640,1387,1865,993,872,8449,4611,3838,4287,2279,2008
C5129,16,000,State - TRIPURA,Rural,Illiterate,16946,7372,9574,3049,1170,1879,2764,1079,1685,1526,780,746,2412,1043,1369,1305,605,700,747,317,430,2514,1130,1384,2629,1248,1381
C5129,16,000,State - TRIPURA,Rural,Literate,27996,17264,10732,4626,2743,1883,5821,3573,2248,1513,922,591,5603,3803,1800,1722,1035,687,1118,676,442,5935,3481,2454,1658,1031,627
C5129,16,000,State - TRIPURA,Rural,Literate but below primary,8695,5080,3615,1527,833,694,1701,960,741,602,357,245,1569,1034,535,585,335,250,375,215,160,1677,954,723,659,392,267
C5129,16,000,State - TRIPURA,Rural,Primary but below middle,6632,4034,2598,1119,655,464,1360,802,558,339,213,126,1271,870,401,467,275,192,302,184,118,1394,795,599,380,240,140
C5129,16,000,State - TRIPURA,Rural,Middle but below matric/secondary,5068,3284,1784,758,468,290,1093,706,387,242,148,94,1160,839,321,305,193,112,179,117,62,1096,654,442,235,159,76
C5129,16,000,State - TRIPURA,Rural,Matric/Secondary but below graduate,4022,2783,1239,598,432,166,926,698,228,125,78,47,930,648,282,204,146,58,121,86,35,997,603,394,121,92,29
C5129,16,000,State - TRIPURA,Rural,Graduate and above,734,570,164,114,96,18,139,105,34,22,16,6,161,130,31,33,25,8,22,14,8,229,174,55,14,10,4
C5129,16,000,State - TRIPURA,Urban,Total ,19404,10846,8558,3153,1599,1554,3110,1730,1380,1528,836,692,3692,2280,1412,1280,718,562,1044,590,454,3376,1894,1482,2221,1199,1022
C5129,16,000,State - TRIPURA,Urban,Illiterate,4696,2118,2578,714,248,466,526,205,321,431,217,214,620,261,359,420,216,204,266,136,130,733,360,373,986,475,511
C5129,16,000,State - TRIPURA,Urban,Literate,14708,8728,5980,2439,1351,1088,2584,1525,1059,1097,619,478,3072,2019,1053,860,502,358,778,454,324,2643,1534,1109,1235,724,511
C5129,16,000,State - TRIPURA,Urban,Literate but below primary,3203,1687,1516,556,254,302,518,258,260,265,153,112,595,348,247,233,128,105,177,93,84,489,274,215,370,179,191
C5129,16,000,State - TRIPURA,Urban,Primary but below middle,2976,1630,1346,530,275,255,514,257,257,187,100,87,607,368,239,184,103,81,171,106,65,522,289,233,261,132,129
C5129,16,000,State - TRIPURA,Urban,Middle but below matric/secondary,3037,1861,1176,484,273,211,490,301,189,246,136,110,722,492,230,175,105,70,173,103,70,533,309,224,214,142,72
C5129,16,000,State - TRIPURA,Urban,Matric/Secondary but below graduate,3040,2042,998,482,321,161,644,452,192,202,115,87,679,497,182,135,90,45,131,77,54,573,354,219,194,136,58
C5129,16,000,State - TRIPURA,Urban,Graduate and above,1288,895,393,220,154,66,221,151,70,99,58,41,258,198,60,50,32,18,57,38,19,324,214,110,59,50,9
C5129,17,000,State - MEGHALAYA,Total,Total ,44317,23326,20991,6980,3494,3486,12353,6551,5802,2707,1412,1295,5312,2998,2314,2332,1235,1097,2340,1174,1166,8717,4586,4131,3576,1876,1700
C5129,17,000,State - MEGHALAYA,Total,Illiterate,23172,11455,11717,3559,1612,1947,5633,2704,2929,1855,947,908,2560,1343,1217,1529,791,738,1423,677,746,4036,2064,1972,2577,1317,1260
C5129,17,000,State - MEGHALAYA,Total,Literate,21145,11871,9274,3421,1882,1539,6720,3847,2873,852,465,387,2752,1655,1097,803,444,359,917,497,420,4681,2522,2159,999,559,440
C5129,17,000,State - MEGHALAYA,Total,Literate but below primary,7733,4204,3529,1387,746,641,2359,1273,1086,337,182,155,1005,605,400,310,165,145,333,181,152,1581,822,759,421,230,191
C5129,17,000,State - MEGHALAYA,Total,Primary but below middle,4901,2627,2274,774,389,385,1572,847,725,176,94,82,677,389,288,185,94,91,202,110,92,1096,578,518,219,126,93
C5129,17,000,State - MEGHALAYA,Total,Middle but below matric/secondary,3334,1926,1408,498,276,222,1175,738,437,100,58,42,446,265,181,121,67,54,155,71,84,692,372,320,147,79,68
C5129,17,000,State - MEGHALAYA,Total,Matric/Secondary but below graduate,2938,1857,1081,444,283,161,1005,662,343,109,64,45,390,249,141,95,65,30,129,81,48,669,391,278,97,62,35
C5129,17,000,State - MEGHALAYA,Total,Graduate and above,657,393,264,103,63,40,193,112,81,29,20,9,75,46,29,14,8,6,20,11,9,211,124,87,12,9,3
C5129,17,000,State - MEGHALAYA,Rural,Total ,37566,19576,17990,6069,3026,3043,10602,5496,5106,2329,1228,1101,4500,2535,1965,1788,928,860,1881,922,959,7360,3844,3516,3037,1597,1440
C5129,17,000,State - MEGHALAYA,Rural,Illiterate,20778,10257,10521,3298,1503,1795,5267,2544,2723,1664,851,813,2290,1200,1090,1206,611,595,1192,562,630,3612,1829,1783,2249,1157,1092
C5129,17,000,State - MEGHALAYA,Rural,Literate,16788,9319,7469,2771,1523,1248,5335,2952,2383,665,377,288,2210,1335,875,582,317,265,689,360,329,3748,2015,1733,788,440,348
C5129,17,000,State - MEGHALAYA,Rural,Literate but below primary,6857,3755,3102,1253,685,568,2153,1183,970,284,156,128,873,525,348,247,128,119,276,147,129,1418,739,679,353,192,161
C5129,17,000,State - MEGHALAYA,Rural,Primary but below middle,4084,2185,1899,650,323,327,1337,716,621,146,78,68,565,332,233,143,76,67,163,85,78,916,482,434,164,93,71
C5129,17,000,State - MEGHALAYA,Rural,Middle but below matric/secondary,2316,1291,1025,345,192,153,754,436,318,77,49,28,345,210,135,77,37,40,103,40,63,508,266,242,107,61,46
C5129,17,000,State - MEGHALAYA,Rural,Matric/Secondary but below graduate,1896,1176,720,292,186,106,621,378,243,69,44,25,258,160,98,59,43,16,76,49,27,450,271,179,71,45,26
C5129,17,000,State - MEGHALAYA,Rural,Graduate and above,273,166,107,40,26,14,86,46,40,9,8,1,29,17,12,6,4,2,9,6,3,89,54,35,5,5,0
C5129,17,000,State - MEGHALAYA,Urban,Total ,6751,3750,3001,911,468,443,1751,1055,696,378,184,194,812,463,349,544,307,237,459,252,207,1357,742,615,539,279,260
C5129,17,000,State - MEGHALAYA,Urban,Illiterate,2394,1198,1196,261,109,152,366,160,206,191,96,95,270,143,127,323,180,143,231,115,116,424,235,189,328,160,168
C5129,17,000,State - MEGHALAYA,Urban,Literate,4357,2552,1805,650,359,291,1385,895,490,187,88,99,542,320,222,221,127,94,228,137,91,933,507,426,211,119,92
C5129,17,000,State - MEGHALAYA,Urban,Literate but below primary,876,449,427,134,61,73,206,90,116,53,26,27,132,80,52,63,37,26,57,34,23,163,83,80,68,38,30
C5129,17,000,State - MEGHALAYA,Urban,Primary but below middle,817,442,375,124,66,58,235,131,104,30,16,14,112,57,55,42,18,24,39,25,14,180,96,84,55,33,22
C5129,17,000,State - MEGHALAYA,Urban,Middle but below matric/secondary,1018,635,383,153,84,69,421,302,119,23,9,14,101,55,46,44,30,14,52,31,21,184,106,78,40,18,22
C5129,17,000,State - MEGHALAYA,Urban,Matric/Secondary but below graduate,1042,681,361,152,97,55,384,284,100,40,20,20,132,89,43,36,22,14,53,32,21,219,120,99,26,17,9
C5129,17,000,State - MEGHALAYA,Urban,Graduate and above,384,227,157,63,37,26,107,66,41,20,12,8,46,29,17,8,4,4,11,5,6,122,70,52,7,4,3
C5129,18,000,State - ASSAM,Total,Total ,480065,257385,222680,80553,41052,39501,101577,51782,49795,39750,21885,17865,76007,45099,30908,26374,14864,11510,18819,10625,8194,87461,46525,40936,49524,25553,23971
C5129,18,000,State - ASSAM,Total,Illiterate,248422,112627,135795,40834,17116,23718,48439,20216,28223,24387,12436,11951,37048,17502,19546,14738,7398,7340,10032,4786,5246,36693,16521,20172,36251,16652,19599
C5129,18,000,State - ASSAM,Total,Literate,231643,144758,86885,39719,23936,15783,53138,31566,21572,15363,9449,5914,38959,27597,11362,11636,7466,4170,8787,5839,2948,50768,30004,20764,13273,8901,4372
C5129,18,000,State - ASSAM,Total,Literate but below primary,61472,37404,24068,11196,6569,4627,14288,8324,5964,4771,2905,1866,10364,7066,3298,2813,1734,1079,1878,1163,715,11706,6761,4945,4456,2882,1574
C5129,18,000,State - ASSAM,Total,Primary but below middle,52785,32598,20187,9443,5586,3857,12343,7215,5128,3446,2136,1310,8680,6108,2572,2826,1796,1030,1916,1218,698,11076,6498,4578,3055,2041,1014
C5129,18,000,State - ASSAM,Total,Middle but below matric/secondary,47093,29050,18043,8039,4766,3273,10456,6098,4358,2918,1767,1151,8524,5996,2528,2495,1577,918,2220,1493,727,10136,5789,4347,2305,1564,741
C5129,18,000,State - ASSAM,Total,Matric/Secondary but below graduate,43112,28092,15020,7053,4514,2539,10190,6351,3839,2460,1547,913,7049,5216,1833,2201,1475,726,1718,1214,504,10767,6539,4228,1674,1236,438
C5129,18,000,State - ASSAM,Total,Graduate and above,10821,7474,3347,1622,1111,511,2421,1577,844,587,393,194,1731,1403,328,450,315,135,345,272,73,3312,2122,1190,353,281,72
C5129,18,000,State - ASSAM,Rural,Total ,415457,222422,193035,70574,35952,34622,89057,45552,43505,34498,18944,15554,66866,39551,27315,22416,12519,9897,16014,8908,7106,72044,38395,33649,43988,22601,21387
C5129,18,000,State - ASSAM,Rural,Illiterate,228108,103471,124637,38063,16046,22017,45160,18975,26185,22291,11365,10926,34303,16223,18080,13121,6532,6589,8980,4246,4734,33070,14923,18147,33120,15161,17959
C5129,18,000,State - ASSAM,Rural,Literate,187349,118951,68398,32511,19906,12605,43897,26577,17320,12207,7579,4628,32563,23328,9235,9295,5987,3308,7034,4662,2372,38974,23472,15502,10868,7440,3428
C5129,18,000,State - ASSAM,Rural,Literate but below primary,54269,33558,20711,9847,5929,3918,12882,7628,5254,4204,2582,1622,9262,6396,2866,2393,1469,924,1632,1011,621,10159,5966,4193,3890,2577,1313
C5129,18,000,State - ASSAM,Rural,Primary but below middle,44815,28077,16738,8069,4836,3233,10736,6364,4372,2892,1808,1084,7435,5312,2123,2329,1484,845,1589,1010,579,9212,5512,3700,2553,1751,802
C5129,18,000,State - ASSAM,Rural,Middle but below matric/secondary,38614,24127,14487,6610,3958,2652,8784,5245,3539,2297,1414,883,7175,5108,2067,2006,1261,745,1732,1157,575,8125,4697,3428,1885,1287,598
C5129,18,000,State - ASSAM,Rural,Matric/Secondary but below graduate,30647,20612,10035,5115,3346,1769,7373,4746,2627,1597,1017,580,5441,4108,1333,1643,1132,511,1296,930,366,7011,4421,2590,1171,912,259
C5129,18,000,State - ASSAM,Rural,Graduate and above,5197,3886,1311,799,599,200,1191,847,344,256,183,73,982,818,164,236,175,61,204,167,37,1331,933,398,198,164,34
C5129,18,000,State - ASSAM,Urban,Total ,64608,34963,29645,9979,5100,4879,12520,6230,6290,5252,2941,2311,9141,5548,3593,3958,2345,1613,2805,1717,1088,15417,8130,7287,5536,2952,2584
C5129,18,000,State - ASSAM,Urban,Illiterate,20314,9156,11158,2771,1070,1701,3279,1241,2038,2096,1071,1025,2745,1279,1466,1617,866,751,1052,540,512,3623,1598,2025,3131,1491,1640
C5129,18,000,State - ASSAM,Urban,Literate,44294,25807,18487,7208,4030,3178,9241,4989,4252,3156,1870,1286,6396,4269,2127,2341,1479,862,1753,1177,576,11794,6532,5262,2405,1461,944
C5129,18,000,State - ASSAM,Urban,Literate but below primary,7203,3846,3357,1349,640,709,1406,696,710,567,323,244,1102,670,432,420,265,155,246,152,94,1547,795,752,566,305,261
C5129,18,000,State - ASSAM,Urban,Primary but below middle,7970,4521,3449,1374,750,624,1607,851,756,554,328,226,1245,796,449,497,312,185,327,208,119,1864,986,878,502,290,212
C5129,18,000,State - ASSAM,Urban,Middle but below matric/secondary,8479,4923,3556,1429,808,621,1672,853,819,621,353,268,1349,888,461,489,316,173,488,336,152,2011,1092,919,420,277,143
C5129,18,000,State - ASSAM,Urban,Matric/Secondary but below graduate,12465,7480,4985,1938,1168,770,2817,1605,1212,863,530,333,1608,1108,500,558,343,215,422,284,138,3756,2118,1638,503,324,179
C5129,18,000,State - ASSAM,Urban,Graduate and above,5624,3588,2036,823,512,311,1230,730,500,331,210,121,749,585,164,214,140,74,141,105,36,1981,1189,792,155,117,38
C5129,19,000,State - WEST BENGAL,Total,Total ,2017406,1127181,890225,424473,223325,201148,315192,165753,149439,147336,81255,66081,322945,204942,118003,136523,76270,60253,71515,40745,30770,402921,228263,174658,196501,106628,89873
C5129,19,000,State - WEST BENGAL,Total,Illiterate,860620,406070,454550,170289,70811,99478,121399,51502,69897,67131,34353,32778,123954,64244,59710,72952,37213,35739,36430,17857,18573,137602,66109,71493,130863,63981,66882
C5129,19,000,State - WEST BENGAL,Total,Literate,1156786,721111,435675,254184,152514,101670,193793,114251,79542,80205,46902,33303,198991,140698,58293,63571,39057,24514,35085,22888,12197,265319,162154,103165,65638,42647,22991
C5129,19,000,State - WEST BENGAL,Total,Literate but below primary,321872,193202,128670,68735,39547,29188,51409,29065,22344,23904,13837,10067,54426,37151,17275,20157,11862,8295,11053,6725,4328,66203,38980,27223,25985,16035,9950
C5129,19,000,State - WEST BENGAL,Total,Primary but below middle,254634,153799,100835,57008,33040,23968,43841,24733,19108,17493,9907,7586,43007,29946,13061,14161,8489,5672,8256,5254,3002,57030,33622,23408,13838,8808,5030
C5129,19,000,State - WEST BENGAL,Total,Middle but below matric/secondary,219207,137347,81860,48781,29185,19596,36083,21285,14798,13733,7874,5859,43078,30593,12485,11261,6987,4274,6866,4612,2254,48894,29572,19322,10511,7239,3272
C5129,19,000,State - WEST BENGAL,Total,Matric/Secondary but below graduate,199753,132307,67446,45527,29186,16341,34965,22165,12800,13546,8181,5365,36018,26565,9453,9432,6140,3292,4959,3626,1333,48285,31257,17028,7021,5187,1834
C5129,19,000,State - WEST BENGAL,Total,Graduate and above,92984,63628,29356,21167,14234,6933,16049,10630,5419,6563,4213,2350,13823,10674,3149,3758,2557,1201,1693,1260,433,27666,18352,9314,2265,1708,557
C5129,19,000,State - WEST BENGAL,Rural,Total ,1368942,768621,600321,277366,145670,131696,200419,105505,94914,94298,52419,41879,239059,152327,86732,92526,51475,41051,49881,28075,21806,262727,150461,112266,152666,82689,69977
C5129,19,000,State - WEST BENGAL,Rural,Illiterate,660505,311519,348986,129339,53310,76029,90674,38426,52248,50704,26112,24592,99804,51743,48061,54047,27427,26620,27205,13100,14105,102594,49662,52932,106138,51739,54399
C5129,19,000,State - WEST BENGAL,Rural,Literate,708437,457102,251335,148027,92360,55667,109745,67079,42666,43594,26307,17287,139255,100584,38671,38479,24048,14431,22676,14975,7701,160133,100799,59334,46528,30950,15578
C5129,19,000,State - WEST BENGAL,Rural,Literate but below primary,238738,146871,91867,49817,29471,20346,36739,21397,15342,17104,10163,6941,42616,29591,13025,14756,8781,5975,8122,4975,3147,49022,29507,19515,20562,12986,7576
C5129,19,000,State - WEST BENGAL,Rural,Primary but below middle,171945,107403,64542,37306,22566,14740,28352,16606,11746,10813,6311,4502,31665,22564,9101,9337,5691,3646,5629,3630,1999,38710,23363,15347,10133,6672,3461
C5129,19,000,State - WEST BENGAL,Rural,Middle but below matric/secondary,135925,88717,47208,28740,18115,10625,20670,12756,7914,7188,4242,2946,30459,22086,8373,6682,4265,2417,4334,2970,1364,30715,19197,11518,7137,5086,2051
C5129,19,000,State - WEST BENGAL,Rural,Matric/Secondary but below graduate,95723,68471,27252,19684,13845,5839,14456,10028,4428,4813,3149,1664,22461,17132,5329,4272,2970,1302,2669,2068,601,23460,16227,7233,3908,3052,856
C5129,19,000,State - WEST BENGAL,Rural,Graduate and above,26531,21359,5172,5039,4038,1001,3564,2862,702,1121,872,249,6183,5170,1013,1030,822,208,654,559,95,8082,6298,1784,858,738,120
C5129,19,000,State - WEST BENGAL,Urban,Total ,648464,358560,289904,147107,77655,69452,114773,60248,54525,53038,28836,24202,83886,52615,31271,43997,24795,19202,21634,12670,8964,140194,77802,62392,43835,23939,19896
C5129,19,000,State - WEST BENGAL,Urban,Illiterate,200115,94551,105564,40950,17501,23449,30725,13076,17649,16427,8241,8186,24150,12501,11649,18905,9786,9119,9225,4757,4468,35008,16447,18561,24725,12242,12483
C5129,19,000,State - WEST BENGAL,Urban,Literate,448349,264009,184340,106157,60154,46003,84048,47172,36876,36611,20595,16016,59736,40114,19622,25092,15009,10083,12409,7913,4496,105186,61355,43831,19110,11697,7413
C5129,19,000,State - WEST BENGAL,Urban,Literate but below primary,83134,46331,36803,18918,10076,8842,14670,7668,7002,6800,3674,3126,11810,7560,4250,5401,3081,2320,2931,1750,1181,17181,9473,7708,5423,3049,2374
C5129,19,000,State - WEST BENGAL,Urban,Primary but below middle,82689,46396,36293,19702,10474,9228,15489,8127,7362,6680,3596,3084,11342,7382,3960,4824,2798,2026,2627,1624,1003,18320,10259,8061,3705,2136,1569
C5129,19,000,State - WEST BENGAL,Urban,Middle but below matric/secondary,83282,48630,34652,20041,11070,8971,15413,8529,6884,6545,3632,2913,12619,8507,4112,4579,2722,1857,2532,1642,890,18179,10375,7804,3374,2153,1221
C5129,19,000,State - WEST BENGAL,Urban,Matric/Secondary but below graduate,104030,63836,40194,25843,15341,10502,20509,12137,8372,8733,5032,3701,13557,9433,4124,5160,3170,1990,2290,1558,732,24825,15030,9795,3113,2135,978
C5129,19,000,State - WEST BENGAL,Urban,Graduate and above,66453,42269,24184,16128,10196,5932,12485,7768,4717,5442,3341,2101,7640,5504,2136,2728,1735,993,1039,701,338,19584,12054,7530,1407,970,437
C5129,20,000,State - JHARKHAND,Total,Total ,769980,426876,343104,180721,96042,84679,165861,88142,77719,46684,26169,20515,147892,89103,58789,37458,21601,15857,20157,11718,8439,112372,62136,50236,58835,31965,26870
C5129,20,000,State - JHARKHAND,Total,Illiterate,408637,185004,223633,94962,40560,54402,83816,35509,48307,24472,12110,12362,74280,34753,39527,22939,11889,11050,12222,5953,6269,53161,23684,29477,42785,20546,22239
C5129,20,000,State - JHARKHAND,Total,Literate,361343,241872,119471,85759,55482,30277,82045,52633,29412,22212,14059,8153,73612,54350,19262,14519,9712,4807,7935,5765,2170,59211,38452,20759,16050,11419,4631
C5129,20,000,State - JHARKHAND,Total,Literate but below primary,79381,47654,31727,20351,11780,8571,18437,10595,7842,5850,3394,2456,12434,8444,3990,4283,2585,1698,1377,862,515,12582,7359,5223,4067,2635,1432
C5129,20,000,State - JHARKHAND,Total,Primary but below middle,98159,64066,34093,23819,15018,8801,21993,13682,8311,5883,3588,2295,20191,14576,5615,4085,2704,1381,2020,1428,592,15414,9693,5721,4754,3377,1377
C5129,20,000,State - JHARKHAND,Total,Middle but below matric/secondary,62237,43405,18832,14535,9864,4671,13508,9032,4476,3427,2273,1154,14328,10831,3497,2294,1635,659,1620,1223,397,10092,6709,3383,2433,1838,595
C5129,20,000,State - JHARKHAND,Total,Matric/Secondary but below graduate,75370,54625,20745,17327,12159,5168,17418,12174,5244,4139,2835,1304,17426,13510,3916,2201,1624,577,1718,1384,334,12750,9029,3721,2391,1910,481
C5129,20,000,State - JHARKHAND,Total,Graduate and above,23544,17574,5970,5508,4049,1459,5718,4105,1613,1601,1133,468,4928,4001,927,610,451,159,399,322,77,4187,3032,1155,593,481,112
C5129,20,000,State - JHARKHAND,Rural,Total ,597544,328696,268848,142001,74799,67202,126741,66751,59990,34544,19305,15239,118928,71213,47715,28693,16360,12333,15161,8554,6607,83788,46183,37605,47688,25531,22157
C5129,20,000,State - JHARKHAND,Rural,Illiterate,344521,155203,189318,81773,34971,46802,71018,29991,41027,20278,10025,10253,63944,29926,34018,18303,9356,8947,9594,4459,5135,43607,19398,24209,36004,17077,18927
C5129,20,000,State - JHARKHAND,Rural,Literate,253023,173493,79530,60228,39828,20400,55723,36760,18963,14266,9280,4986,54984,41287,13697,10390,7004,3386,5567,4095,1472,40181,26785,13396,11684,8454,3230
C5129,20,000,State - JHARKHAND,Rural,Literate but below primary,63658,38704,24954,16401,9606,6795,14721,8605,6116,4590,2708,1882,10198,6983,3215,3482,2109,1373,1108,697,411,9922,5885,4037,3236,2111,1125
C5129,20,000,State - JHARKHAND,Rural,Primary but below middle,76516,51461,25055,18543,11994,6549,16983,10980,6003,4365,2757,1608,16399,12108,4291,3175,2131,1044,1553,1121,432,11791,7685,4106,3707,2685,1022
C5129,20,000,State - JHARKHAND,Rural,Middle but below matric/secondary,44551,32321,12230,10415,7368,3047,9380,6576,2804,2215,1547,668,11009,8526,2483,1607,1163,444,1189,921,268,7007,4871,2136,1729,1349,380
C5129,20,000,State - JHARKHAND,Rural,Matric/Secondary but below graduate,42890,32845,10045,9733,7236,2497,9142,6837,2305,1835,1364,471,11552,9199,2353,1216,946,270,1071,879,192,6923,5182,1741,1418,1202,216
C5129,20,000,State - JHARKHAND,Rural,Graduate and above,8200,6843,1357,1781,1480,301,1724,1415,309,338,286,52,2333,1994,339,194,159,35,180,155,25,1414,1142,272,236,212,24
C5129,20,000,State - JHARKHAND,Urban,Total ,172436,98180,74256,38720,21243,17477,39120,21391,17729,12140,6864,5276,28964,17890,11074,8765,5241,3524,4996,3164,1832,28584,15953,12631,11147,6434,4713
C5129,20,000,State - JHARKHAND,Urban,Illiterate,64116,29801,34315,13189,5589,7600,12798,5518,7280,4194,2085,2109,10336,4827,5509,4636,2533,2103,2628,1494,1134,9554,4286,5268,6781,3469,3312
C5129,20,000,State - JHARKHAND,Urban,Literate,108320,68379,39941,25531,15654,9877,26322,15873,10449,7946,4779,3167,18628,13063,5565,4129,2708,1421,2368,1670,698,19030,11667,7363,4366,2965,1401
C5129,20,000,State - JHARKHAND,Urban,Literate but below primary,15723,8950,6773,3950,2174,1776,3716,1990,1726,1260,686,574,2236,1461,775,801,476,325,269,165,104,2660,1474,1186,831,524,307
C5129,20,000,State - JHARKHAND,Urban,Primary but below middle,21643,12605,9038,5276,3024,2252,5010,2702,2308,1518,831,687,3792,2468,1324,910,573,337,467,307,160,3623,2008,1615,1047,692,355
C5129,20,000,State - JHARKHAND,Urban,Middle but below matric/secondary,17686,11084,6602,4120,2496,1624,4128,2456,1672,1212,726,486,3319,2305,1014,687,472,215,431,302,129,3085,1838,1247,704,489,215
C5129,20,000,State - JHARKHAND,Urban,Matric/Secondary but below graduate,32480,21780,10700,7594,4923,2671,8276,5337,2939,2304,1471,833,5874,4311,1563,985,678,307,647,505,142,5827,3847,1980,973,708,265
C5129,20,000,State - JHARKHAND,Urban,Graduate and above,15344,10731,4613,3727,2569,1158,3994,2690,1304,1263,847,416,2595,2007,588,416,292,124,219,167,52,2773,1890,883,357,269,88
C5129,21,000,State - ODISHA,Total,Total ,1244402,674775,569627,263799,136851,126948,237858,123245,114613,68517,38506,30011,259899,152999,106900,72399,40320,32079,42837,22913,19924,172881,93980,78901,126212,65961,60251
C5129,21,000,State - ODISHA,Total,Illiterate,582804,244014,338790,125610,48933,76677,105355,41636,63719,29190,13826,15364,112586,46878,65708,37269,18105,19164,20575,8187,12388,68641,29515,39126,83578,36934,46644
C5129,21,000,State - ODISHA,Total,Literate,661598,430761,230837,138189,87918,50271,132503,81609,50894,39327,24680,14647,147313,106121,41192,35130,22215,12915,22262,14726,7536,104240,64465,39775,42634,29027,13607
C5129,21,000,State - ODISHA,Total,Literate but below primary,170523,107236,63287,37240,23250,13990,33532,20205,13327,9602,5889,3713,36163,25131,11032,10158,5960,4198,4526,2660,1866,24169,14053,10116,15133,10088,5045
C5129,21,000,State - ODISHA,Total,Primary but below middle,199661,126360,73301,41738,25703,16035,39504,23762,15742,11899,7205,4694,43317,30573,12744,11815,7354,4461,6919,4233,2686,30339,18179,12160,14130,9351,4779
C5129,21,000,State - ODISHA,Total,Middle but below matric/secondary,111184,74172,37012,22449,14377,8072,21196,13135,8061,6494,4121,2373,27057,20022,7035,5736,3883,1853,4552,3249,1303,18766,11882,6884,4934,3503,1431
C5129,21,000,State - ODISHA,Total,Matric/Secondary but below graduate,108451,75376,33075,22543,15350,7193,22770,14726,8044,6721,4431,2290,25990,19689,6301,4214,2896,1318,3883,2939,944,18320,12210,6110,4010,3135,875
C5129,21,000,State - ODISHA,Total,Graduate and above,36450,26290,10160,7603,5352,2251,7746,5265,2481,2705,1900,805,8723,6796,1927,1257,906,351,1187,940,247,6165,4289,1876,1064,842,222
C5129,21,000,State - ODISHA,Rural,Total ,1067739,576672,491067,227522,117590,109932,200619,103763,96856,56130,31472,24658,228590,133798,94792,61727,34110,27617,37227,19738,17489,143718,77960,65758,112206,58241,53965
C5129,21,000,State - ODISHA,Rural,Illiterate,525195,218639,306556,114657,44643,70014,95317,37632,57685,25957,12324,13633,102359,42360,59999,32476,15522,16954,18168,7049,11119,60305,25800,34505,75956,33309,42647
C5129,21,000,State - ODISHA,Rural,Literate,542544,358033,184511,112865,72947,39918,105302,66131,39171,30173,19148,11025,126231,91438,34793,29251,18588,10663,19059,12689,6370,83413,52160,31253,36250,24932,11318
C5129,21,000,State - ODISHA,Rural,Literate but below primary,151939,96735,55204,33310,21108,12202,29679,18179,11500,8352,5172,3180,32935,23067,9868,9023,5304,3719,4055,2411,1644,21074,12386,8688,13511,9108,4403
C5129,21,000,State - ODISHA,Rural,Primary but below middle,171882,110381,61501,35804,22435,13369,33807,20747,13060,9976,6154,3822,38124,27123,11001,10286,6417,3869,6067,3724,2343,25628,15555,10073,12190,8226,3964
C5129,21,000,State - ODISHA,Rural,Middle but below matric/secondary,92974,62775,30199,18591,12077,6514,17450,11037,6413,5159,3325,1834,23528,17480,6048,4752,3261,1491,3914,2800,1114,15471,9872,5599,4109,2923,1186
C5129,21,000,State - ODISHA,Rural,Matric/Secondary but below graduate,76926,55216,21710,15759,11092,4667,14526,9757,4769,4213,2882,1331,20565,15758,4807,3041,2149,892,3143,2432,711,12736,8783,3953,2943,2363,580
C5129,21,000,State - ODISHA,Rural,Graduate and above,19804,15180,4624,3962,2963,999,3550,2656,894,1010,738,272,5799,4599,1200,690,526,164,892,744,148,3248,2424,824,653,530,123
C5129,21,000,State - ODISHA,Urban,Total ,176663,98103,78560,36277,19261,17016,37239,19482,17757,12387,7034,5353,31309,19201,12108,10672,6210,4462,5610,3175,2435,29163,16020,13143,14006,7720,6286
C5129,21,000,State - ODISHA,Urban,Illiterate,57609,25375,32234,10953,4290,6663,10038,4004,6034,3233,1502,1731,10227,4518,5709,4793,2583,2210,2407,1138,1269,8336,3715,4621,7622,3625,3997
C5129,21,000,State - ODISHA,Urban,Literate,119054,72728,46326,25324,14971,10353,27201,15478,11723,9154,5532,3622,21082,14683,6399,5879,3627,2252,3203,2037,1166,20827,12305,8522,6384,4095,2289
C5129,21,000,State - ODISHA,Urban,Literate but below primary,18584,10501,8083,3930,2142,1788,3853,2026,1827,1250,717,533,3228,2064,1164,1135,656,479,471,249,222,3095,1667,1428,1622,980,642
C5129,21,000,State - ODISHA,Urban,Primary but below middle,27779,15979,11800,5934,3268,2666,5697,3015,2682,1923,1051,872,5193,3450,1743,1529,937,592,852,509,343,4711,2624,2087,1940,1125,815
C5129,21,000,State - ODISHA,Urban,Middle but below matric/secondary,18210,11397,6813,3858,2300,1558,3746,2098,1648,1335,796,539,3529,2542,987,984,622,362,638,449,189,3295,2010,1285,825,580,245
C5129,21,000,State - ODISHA,Urban,Matric/Secondary but below graduate,31525,20160,11365,6784,4258,2526,8244,4969,3275,2508,1549,959,5425,3931,1494,1173,747,426,740,507,233,5584,3427,2157,1067,772,295
C5129,21,000,State - ODISHA,Urban,Graduate and above,16646,11110,5536,3641,2389,1252,4196,2609,1587,1695,1162,533,2924,2197,727,567,380,187,295,196,99,2917,1865,1052,411,312,99
C5129,22,000,State - CHHATTISGARH,Total,Total ,624937,334093,290844,111169,56066,55103,92315,47940,44375,28262,15509,12753,190328,108415,81913,33171,17562,15609,20832,10891,9941,76903,41849,35054,71957,35861,36096
C5129,22,000,State - CHHATTISGARH,Total,Illiterate,321673,129608,192065,60919,22472,38447,48942,18624,30318,14051,6667,7384,84525,33696,50829,18755,8774,9981,11300,4611,6689,32089,13260,18829,51092,21504,29588
C5129,22,000,State - CHHATTISGARH,Total,Literate,303264,204485,98779,50250,33594,16656,43373,29316,14057,14211,8842,5369,105803,74719,31084,14416,8788,5628,9532,6280,3252,44814,28589,16225,20865,14357,6508
C5129,22,000,State - CHHATTISGARH,Total,Literate but below primary,81000,53615,27385,14414,9662,4752,12200,8289,3911,4579,2750,1829,22864,16116,6748,5943,3414,2529,2307,1375,932,10286,6345,3941,8407,5664,2743
C5129,22,000,State - CHHATTISGARH,Total,Primary but below middle,80187,51670,28517,13353,8653,4700,11724,7557,4167,3969,2375,1594,26336,17745,8591,4107,2435,1672,2838,1711,1127,12072,7314,4758,5788,3880,1908
C5129,22,000,State - CHHATTISGARH,Total,Middle but below matric/secondary,59063,39766,19297,8685,5777,2908,7582,4982,2600,2388,1541,847,24241,16788,7453,1944,1265,679,1953,1379,574,9413,6018,3395,2857,2016,841
C5129,22,000,State - CHHATTISGARH,Total,Matric/Secondary but below graduate,52252,38393,13859,8530,6037,2493,7195,5322,1873,1914,1315,599,21423,16185,5238,1441,1056,385,1600,1240,360,8205,5701,2504,1944,1537,407
C5129,22,000,State - CHHATTISGARH,Total,Graduate and above,18367,13416,4951,3388,2334,1054,2800,2020,780,815,524,291,7153,5474,1679,332,230,102,368,295,73,3021,2140,881,490,399,91
C5129,22,000,State - CHHATTISGARH,Rural,Total ,498228,263598,234630,88065,43912,44153,73436,37867,35569,21308,11628,9680,155537,87583,67954,25455,13279,12176,16297,8320,7977,58278,31556,26722,59852,29453,30399
C5129,22,000,State - CHHATTISGARH,Rural,Illiterate,276020,110722,165298,53116,19614,33502,42637,16327,26310,11638,5530,6108,74084,29537,44547,14913,6866,8047,9336,3725,5611,26487,10853,15634,43809,18270,25539
C5129,22,000,State - CHHATTISGARH,Rural,Literate,222208,152876,69332,34949,24298,10651,30799,21540,9259,9670,6098,3572,81453,58046,23407,10542,6413,4129,6961,4595,2366,31791,20703,11088,16043,11183,4860
C5129,22,000,State - CHHATTISGARH,Rural,Literate but below primary,66040,44623,21417,11636,8048,3588,9907,6930,2977,3651,2217,1434,19083,13620,5463,4841,2798,2043,1813,1083,730,8134,5119,3015,6975,4808,2167
C5129,22,000,State - CHHATTISGARH,Rural,Primary but below middle,61991,40594,21397,10001,6693,3308,8968,5947,3021,2947,1791,1156,21005,14226,6779,3101,1831,1270,2164,1294,870,9231,5713,3518,4574,3099,1475
C5129,22,000,State - CHHATTISGARH,Rural,Middle but below matric/secondary,45166,30948,14218,6261,4341,1920,5593,3817,1776,1659,1082,577,19607,13662,5945,1340,866,474,1455,1034,421,7154,4670,2484,2097,1476,621
C5129,22,000,State - CHHATTISGARH,Rural,Matric/Secondary but below graduate,32073,24649,7424,4530,3470,1060,4015,3174,841,852,633,219,14906,11456,3450,752,589,163,1035,850,185,4850,3520,1330,1133,957,176
C5129,22,000,State - CHHATTISGARH,Rural,Graduate and above,7459,6162,1297,1051,854,197,893,770,123,173,127,46,3825,3136,689,95,78,17,179,148,31,1028,857,171,215,192,23
C5129,22,000,State - CHHATTISGARH,Urban,Total ,126709,70495,56214,23104,12154,10950,18879,10073,8806,6954,3881,3073,34791,20832,13959,7716,4283,3433,4535,2571,1964,18625,10293,8332,12105,6408,5697
C5129,22,000,State - CHHATTISGARH,Urban,Illiterate,45653,18886,26767,7803,2858,4945,6305,2297,4008,2413,1137,1276,10441,4159,6282,3842,1908,1934,1964,886,1078,5602,2407,3195,7283,3234,4049
C5129,22,000,State - CHHATTISGARH,Urban,Literate,81056,51609,29447,15301,9296,6005,12574,7776,4798,4541,2744,1797,24350,16673,7677,3874,2375,1499,2571,1685,886,13023,7886,5137,4822,3174,1648
C5129,22,000,State - CHHATTISGARH,Urban,Literate but below primary,14960,8992,5968,2778,1614,1164,2293,1359,934,928,533,395,3781,2496,1285,1102,616,486,494,292,202,2152,1226,926,1432,856,576
C5129,22,000,State - CHHATTISGARH,Urban,Primary but below middle,18196,11076,7120,3352,1960,1392,2756,1610,1146,1022,584,438,5331,3519,1812,1006,604,402,674,417,257,2841,1601,1240,1214,781,433
C5129,22,000,State - CHHATTISGARH,Urban,Middle but below matric/secondary,13897,8818,5079,2424,1436,988,1989,1165,824,729,459,270,4634,3126,1508,604,399,205,498,345,153,2259,1348,911,760,540,220
C5129,22,000,State - CHHATTISGARH,Urban,Matric/Secondary but below graduate,20179,13744,6435,4000,2567,1433,3180,2148,1032,1062,682,380,6517,4729,1788,689,467,222,565,390,175,3355,2181,1174,811,580,231
C5129,22,000,State - CHHATTISGARH,Urban,Graduate and above,10908,7254,3654,2337,1480,857,1907,1250,657,642,397,245,3328,2338,990,237,152,85,189,147,42,1993,1283,710,275,207,68
C5129,23,000,State - MADHYA PRADESH,Total,Total ,1551931,888751,663180,270751,144282,126469,267361,145035,122326,69324,40317,29007,404738,252385,152353,77803,46571,31232,39513,23766,15747,295035,166124,128911,127406,70271,57135
C5129,23,000,State - MADHYA PRADESH,Total,Illiterate,736552,340533,396019,142098,60471,81627,122095,53298,68797,30084,15612,14472,167450,78472,88978,43349,23763,19586,21731,11039,10692,123133,56096,67037,86612,41782,44830
C5129,23,000,State - MADHYA PRADESH,Total,Literate,815379,548218,267161,128653,83811,44842,145266,91737,53529,39240,24705,14535,237288,173913,63375,34454,22808,11646,17782,12727,5055,171902,110028,61874,40794,28489,12305
C5129,23,000,State - MADHYA PRADESH,Total,Literate but below primary,175944,111580,64364,29578,18303,11275,30364,18322,12042,10265,6146,4119,41587,29238,12349,11277,6939,4338,3983,2569,1414,35608,21078,14530,13282,8985,4297
C5129,23,000,State - MADHYA PRADESH,Total,Primary but below middle,223286,145988,77298,35431,22675,12756,38973,23879,15094,10472,6414,4058,65172,46438,18734,9768,6369,3399,4949,3415,1534,46970,28959,18011,11551,7839,3712
C5129,23,000,State - MADHYA PRADESH,Total,Middle but below matric/secondary,156811,108446,48365,22733,15114,7619,26743,17317,9426,6880,4461,2419,51918,38508,13410,5229,3737,1492,3355,2548,807,33759,22198,11561,6194,4563,1631
C5129,23,000,State - MADHYA PRADESH,Total,Matric/Secondary but below graduate,145247,104894,40353,22610,15820,6790,27183,18322,8861,6451,4362,2089,45743,35387,10356,4184,3046,1138,3124,2508,616,31490,22010,9480,4462,3439,1023
C5129,23,000,State - MADHYA PRADESH,Total,Graduate and above,61679,42849,18830,10551,6970,3581,13142,8396,4746,2997,1940,1057,18253,13961,4292,1362,912,450,903,700,203,13173,8967,4206,1298,1003,295
C5129,23,000,State - MADHYA PRADESH,Rural,Total ,1105704,631523,474181,192819,101623,91196,179058,97217,81841,46389,27252,19137,309148,191581,117567,52079,31080,20999,27111,16225,10886,202346,114075,88271,96754,52470,44284
C5129,23,000,State - MADHYA PRADESH,Rural,Illiterate,583745,268213,315532,115936,49282,66654,95493,41768,53725,22945,12050,10895,140090,65322,74768,30347,16449,13898,15667,7787,7880,94351,42814,51537,68916,32741,36175
C5129,23,000,State - MADHYA PRADESH,Rural,Literate,521959,363310,158649,76883,52341,24542,83565,55449,28116,23444,15202,8242,169058,126259,42799,21732,14631,7101,11444,8438,3006,107995,71261,36734,27838,19729,8109
C5129,23,000,State - MADHYA PRADESH,Rural,Literate but below primary,133237,85950,47287,21929,13930,7999,22062,13651,8411,7639,4612,3027,33187,23633,9554,8523,5252,3271,3021,1961,1060,26629,15897,10732,10247,7014,3233
C5129,23,000,State - MADHYA PRADESH,Rural,Primary but below middle,158350,106315,52035,24545,16298,8247,26145,16667,9478,7196,4553,2643,49513,35732,13781,6570,4343,2227,3316,2328,988,32837,20727,12110,8228,5667,2561
C5129,23,000,State - MADHYA PRADESH,Rural,Middle but below matric/secondary,105112,75623,29489,13917,9786,4131,16321,11201,5120,4189,2818,1371,39001,29410,9591,3056,2275,781,2253,1783,470,22304,15274,7030,4071,3076,995
C5129,23,000,State - MADHYA PRADESH,Rural,Matric/Secondary but below graduate,71684,56388,15296,8955,7022,1933,10836,8233,2603,2518,1890,628,28449,22867,5582,1832,1473,359,1668,1448,220,15204,11642,3562,2222,1813,409
C5129,23,000,State - MADHYA PRADESH,Rural,Graduate and above,17629,14654,2975,2110,1736,374,2414,1943,471,543,428,115,8060,6747,1313,314,264,50,321,291,30,3466,2887,579,401,358,43
C5129,23,000,State - MADHYA PRADESH,Urban,Total ,446227,257228,188999,77932,42659,35273,88303,47818,40485,22935,13065,9870,95590,60804,34786,25724,15491,10233,12402,7541,4861,92689,52049,40640,30652,17801,12851
C5129,23,000,State - MADHYA PRADESH,Urban,Illiterate,152807,72320,80487,26162,11189,14973,26602,11530,15072,7139,3562,3577,27360,13150,14210,13002,7314,5688,6064,3252,2812,28782,13282,15500,17696,9041,8655
C5129,23,000,State - MADHYA PRADESH,Urban,Literate,293420,184908,108512,51770,31470,20300,61701,36288,25413,15796,9503,6293,68230,47654,20576,12722,8177,4545,6338,4289,2049,63907,38767,25140,12956,8760,4196
C5129,23,000,State - MADHYA PRADESH,Urban,Literate but below primary,42707,25630,17077,7649,4373,3276,8302,4671,3631,2626,1534,1092,8400,5605,2795,2754,1687,1067,962,608,354,8979,5181,3798,3035,1971,1064
C5129,23,000,State - MADHYA PRADESH,Urban,Primary but below middle,64936,39673,25263,10886,6377,4509,12828,7212,5616,3276,1861,1415,15659,10706,4953,3198,2026,1172,1633,1087,546,14133,8232,5901,3323,2172,1151
C5129,23,000,State - MADHYA PRADESH,Urban,Middle but below matric/secondary,51699,32823,18876,8816,5328,3488,10422,6116,4306,2691,1643,1048,12917,9098,3819,2173,1462,711,1102,765,337,11455,6924,4531,2123,1487,636
C5129,23,000,State - MADHYA PRADESH,Urban,Matric/Secondary but below graduate,73563,48506,25057,13655,8798,4857,16347,10089,6258,3933,2472,1461,17294,12520,4774,2352,1573,779,1456,1060,396,16286,10368,5918,2240,1626,614
C5129,23,000,State - MADHYA PRADESH,Urban,Graduate and above,44050,28195,15855,8441,5234,3207,10728,6453,4275,2454,1512,942,10193,7214,2979,1048,648,400,582,409,173,9707,6080,3627,897,645,252
C5129,24,000,State - GUJARAT,Total,Total ,1092302,612804,479498,214150,113617,100533,190675,100441,90234,60332,35277,25055,245879,149263,96616,66393,39309,27084,42037,24943,17094,197725,107415,90310,75111,42539,32572
C5129,24,000,State - GUJARAT,Total,Illiterate,405859,184031,221828,79035,32140,46895,70772,28446,42326,19795,10077,9718,70565,31503,39062,36518,20341,16177,20026,10016,10010,65362,29203,36159,43786,22305,21481
C5129,24,000,State - GUJARAT,Total,Literate,686443,428773,257670,135115,81477,53638,119903,71995,47908,40537,25200,15337,175314,117760,57554,29875,18968,10907,22011,14927,7084,132363,78212,54151,31325,20234,11091
C5129,24,000,State - GUJARAT,Total,Literate but below primary,145977,86753,59224,28303,16212,12091,25570,14628,10942,9415,5768,3647,31071,19901,11170,11420,6904,4516,5216,3298,1918,25267,13987,11280,9715,6055,3660
C5129,24,000,State - GUJARAT,Total,Primary but below middle,166808,99259,67549,32707,18712,13995,28753,16287,12466,10509,6221,4288,40318,26005,14313,8657,5498,3159,5901,3832,2069,31456,17329,14127,8507,5375,3132
C5129,24,000,State - GUJARAT,Total,Middle but below matric/secondary,101942,68321,33621,19828,12729,7099,16655,10807,5848,5911,3944,1967,29341,20986,8355,3050,2158,892,3121,2325,796,20375,12859,7516,3661,2513,1148
C5129,24,000,State - GUJARAT,Total,Matric/Secondary but below graduate,164992,108510,56482,33749,21578,12171,28994,18521,10473,8972,5803,3169,48002,33157,14845,2632,1794,838,4412,3253,1159,33259,20994,12265,4972,3410,1562
C5129,24,000,State - GUJARAT,Total,Graduate and above,57842,36985,20857,13184,8156,5028,11773,7213,4560,3300,2006,1294,14822,10389,4433,748,439,309,1199,802,397,11814,7290,4524,1002,690,312
C5129,24,000,State - GUJARAT,Rural,Total ,570479,321906,248573,98315,51468,46847,85434,44201,41233,29348,17554,11794,153695,94479,59216,39554,23361,16193,24821,14563,10258,93382,50458,42924,45930,25822,20108
C5129,24,000,State - GUJARAT,Rural,Illiterate,255087,113662,141425,48737,19338,29399,43254,16908,26346,12306,6288,6018,49440,21963,27477,21532,11841,9691,12853,6126,6727,37466,16277,21189,29499,14921,14578
C5129,24,000,State - GUJARAT,Rural,Literate,315392,208244,107148,49578,32130,17448,42180,27293,14887,17042,11266,5776,104255,72516,31739,18022,11520,6502,11968,8437,3531,55916,34181,21735,16431,10901,5530
C5129,24,000,State - GUJARAT,Rural,Literate but below primary,87378,54559,32819,15020,9231,5789,13470,8354,5116,5645,3607,2038,21389,14183,7206,8291,5043,3248,3459,2260,1199,13960,7980,5980,6144,3901,2243
C5129,24,000,State - GUJARAT,Rural,Primary but below middle,87064,54945,32119,14433,8933,5500,12060,7427,4633,5245,3316,1929,25762,17144,8618,5744,3711,2033,3527,2361,1166,15446,8846,6600,4847,3207,1640
C5129,24,000,State - GUJARAT,Rural,Middle but below matric/secondary,45903,32448,13455,6884,4767,2117,5439,3804,1635,2379,1685,694,17808,13029,4779,1521,1103,418,1496,1177,319,8654,5684,2970,1722,1199,523
C5129,24,000,State - GUJARAT,Rural,Matric/Secondary but below graduate,60134,43280,16854,8422,6127,2295,6810,4929,1881,2394,1738,656,26459,19199,7260,926,680,246,2066,1659,407,11177,7575,3602,1880,1373,507
C5129,24,000,State - GUJARAT,Rural,Graduate and above,10708,8026,2682,1305,982,323,966,734,232,308,239,69,5624,4251,1373,83,59,24,314,249,65,1896,1344,552,212,168,44
C5129,24,000,State - GUJARAT,Urban,Total ,521823,290898,230925,115835,62149,53686,105241,56240,49001,30984,17723,13261,92184,54784,37400,26839,15948,10891,17216,10380,6836,104343,56957,47386,29181,16717,12464
C5129,24,000,State - GUJARAT,Urban,Illiterate,150772,70369,80403,30298,12802,17496,27518,11538,15980,7489,3789,3700,21125,9540,11585,14986,8500,6486,7173,3890,3283,27896,12926,14970,14287,7384,6903
C5129,24,000,State - GUJARAT,Urban,Literate,371051,220529,150522,85537,49347,36190,77723,44702,33021,23495,13934,9561,71059,45244,25815,11853,7448,4405,10043,6490,3553,76447,44031,32416,14894,9333,5561
C5129,24,000,State - GUJARAT,Urban,Literate but below primary,58599,32194,26405,13283,6981,6302,12100,6274,5826,3770,2161,1609,9682,5718,3964,3129,1861,1268,1757,1038,719,11307,6007,5300,3571,2154,1417
C5129,24,000,State - GUJARAT,Urban,Primary but below middle,79744,44314,35430,18274,9779,8495,16693,8860,7833,5264,2905,2359,14556,8861,5695,2913,1787,1126,2374,1471,903,16010,8483,7527,3660,2168,1492
C5129,24,000,State - GUJARAT,Urban,Middle but below matric/secondary,56039,35873,20166,12944,7962,4982,11216,7003,4213,3532,2259,1273,11533,7957,3576,1529,1055,474,1625,1148,477,11721,7175,4546,1939,1314,625
C5129,24,000,State - GUJARAT,Urban,Matric/Secondary but below graduate,104858,65230,39628,25327,15451,9876,22184,13592,8592,6578,4065,2513,21543,13958,7585,1706,1114,592,2346,1594,752,22082,13419,8663,3092,2037,1055
C5129,24,000,State - GUJARAT,Urban,Graduate and above,47134,28959,18175,11879,7174,4705,10807,6479,4328,2992,1767,1225,9198,6138,3060,665,380,285,885,553,332,9918,5946,3972,790,522,268
C5129,25,000,State - DAMAN & DIU,Total,Total ,2196,1300,896,382,222,160,309,158,151,149,103,46,620,367,253,176,98,78,89,54,35,264,182,82,207,116,91
C5129,25,000,State - DAMAN & DIU,Total,Illiterate,834,376,458,123,53,70,106,26,80,67,38,29,182,70,112,123,66,57,45,24,21,58,33,25,130,66,64
C5129,25,000,State - DAMAN & DIU,Total,Literate,1362,924,438,259,169,90,203,132,71,82,65,17,438,297,141,53,32,21,44,30,14,206,149,57,77,50,27
C5129,25,000,State - DAMAN & DIU,Total,Literate but below primary,277,161,116,50,28,22,40,20,20,10,8,2,79,39,40,24,14,10,15,10,5,28,20,8,31,22,9
C5129,25,000,State - DAMAN & DIU,Total,Primary but below middle,288,191,97,54,29,25,41,29,12,23,19,4,93,62,31,7,3,4,12,7,5,46,32,14,12,10,2
C5129,25,000,State - DAMAN & DIU,Total,Middle but below matric/secondary,238,174,64,43,36,7,35,23,12,16,14,2,69,53,16,6,3,3,8,6,2,47,35,12,14,4,10
C5129,25,000,State - DAMAN & DIU,Total,Matric/Secondary but below graduate,407,296,111,85,61,24,67,45,22,28,20,8,139,102,37,4,4,0,8,7,1,62,46,16,14,11,3
C5129,25,000,State - DAMAN & DIU,Total,Graduate and above,87,55,32,20,10,10,7,7,0,3,3,0,40,26,14,0,0,0,1,0,1,15,8,7,1,1,0
C5129,25,000,State - DAMAN & DIU,Rural,Total ,777,451,326,146,95,51,80,36,44,56,33,23,254,145,109,66,37,29,34,20,14,65,37,28,76,48,28
C5129,25,000,State - DAMAN & DIU,Rural,Illiterate,344,153,191,48,20,28,34,8,26,37,19,18,93,33,60,47,24,23,18,9,9,15,10,5,52,30,22
C5129,25,000,State - DAMAN & DIU,Rural,Literate,433,298,135,98,75,23,46,28,18,19,14,5,161,112,49,19,13,6,16,11,5,50,27,23,24,18,6
C5129,25,000,State - DAMAN & DIU,Rural,Literate but below primary,105,69,36,23,15,8,10,8,2,3,2,1,31,18,13,11,7,4,7,5,2,6,4,2,14,10,4
C5129,25,000,State - DAMAN & DIU,Rural,Primary but below middle,101,64,37,24,15,9,9,8,1,7,6,1,36,21,15,2,1,1,3,2,1,17,8,9,3,3,0
C5129,25,000,State - DAMAN & DIU,Rural,Middle but below matric/secondary,78,57,21,19,18,1,10,4,6,2,2,0,32,25,7,2,1,1,3,2,1,8,5,3,2,0,2
C5129,25,000,State - DAMAN & DIU,Rural,Matric/Secondary but below graduate,109,81,28,25,24,1,15,8,7,7,4,3,37,29,8,2,2,0,3,2,1,16,8,8,4,4,0
C5129,25,000,State - DAMAN & DIU,Rural,Graduate and above,28,17,11,5,1,4,0,0,0,0,0,0,19,13,6,0,0,0,0,0,0,3,2,1,1,1,0
C5129,25,000,State - DAMAN & DIU,Urban,Total ,1419,849,570,236,127,109,229,122,107,93,70,23,366,222,144,110,61,49,55,34,21,199,145,54,131,68,63
C5129,25,000,State - DAMAN & DIU,Urban,Illiterate,490,223,267,75,33,42,72,18,54,30,19,11,89,37,52,76,42,34,27,15,12,43,23,20,78,36,42
C5129,25,000,State - DAMAN & DIU,Urban,Literate,929,626,303,161,94,67,157,104,53,63,51,12,277,185,92,34,19,15,28,19,9,156,122,34,53,32,21
C5129,25,000,State - DAMAN & DIU,Urban,Literate but below primary,172,92,80,27,13,14,30,12,18,7,6,1,48,21,27,13,7,6,8,5,3,22,16,6,17,12,5
C5129,25,000,State - DAMAN & DIU,Urban,Primary but below middle,187,127,60,30,14,16,32,21,11,16,13,3,57,41,16,5,2,3,9,5,4,29,24,5,9,7,2
C5129,25,000,State - DAMAN & DIU,Urban,Middle but below matric/secondary,160,117,43,24,18,6,25,19,6,14,12,2,37,28,9,4,2,2,5,4,1,39,30,9,12,4,8
C5129,25,000,State - DAMAN & DIU,Urban,Matric/Secondary but below graduate,298,215,83,60,37,23,52,37,15,21,16,5,102,73,29,2,2,0,5,5,0,46,38,8,10,7,3
C5129,25,000,State - DAMAN & DIU,Urban,Graduate and above,59,38,21,15,9,6,7,7,0,3,3,0,21,13,8,0,0,0,1,0,1,12,6,6,0,0,0
C5129,26,000,State - DADRA & NAGAR HAVELI,Total,Total ,3294,1893,1401,429,234,195,715,404,311,201,115,86,682,440,242,180,95,85,115,70,45,483,266,217,489,269,220
C5129,26,000,State - DADRA & NAGAR HAVELI,Total,Illiterate,1622,773,849,235,104,131,343,154,189,108,54,54,269,142,127,112,55,57,69,35,34,171,72,99,315,157,158
C5129,26,000,State - DADRA & NAGAR HAVELI,Total,Literate,1672,1120,552,194,130,64,372,250,122,93,61,32,413,298,115,68,40,28,46,35,11,312,194,118,174,112,62
C5129,26,000,State - DADRA & NAGAR HAVELI,Total,Literate but below primary,360,226,134,42,23,19,66,39,27,27,15,12,64,51,13,32,21,11,13,8,5,61,36,25,55,33,22
C5129,26,000,State - DADRA & NAGAR HAVELI,Total,Primary but below middle,414,269,145,57,34,23,107,75,32,15,9,6,82,51,31,14,9,5,12,8,4,62,41,21,65,42,23
C5129,26,000,State - DADRA & NAGAR HAVELI,Total,Middle but below matric/secondary,237,165,72,24,17,7,47,27,20,15,10,5,84,64,20,2,1,1,7,7,0,40,26,14,18,13,5
C5129,26,000,State - DADRA & NAGAR HAVELI,Total,Matric/Secondary but below graduate,392,276,116,40,31,9,79,59,20,19,17,2,124,89,35,5,0,5,10,8,2,95,59,36,20,13,7
C5129,26,000,State - DADRA & NAGAR HAVELI,Total,Graduate and above,124,79,45,14,11,3,37,22,15,6,4,2,28,23,5,1,0,1,1,1,0,31,15,16,6,3,3
C5129,26,000,State - DADRA & NAGAR HAVELI,Rural,Total ,1956,1097,859,260,136,124,393,220,173,119,68,51,388,243,145,118,67,51,85,50,35,248,135,113,345,178,167
C5129,26,000,State - DADRA & NAGAR HAVELI,Rural,Illiterate,1208,562,646,174,75,99,247,116,131,75,36,39,196,95,101,83,44,39,58,28,30,129,55,74,246,113,133
C5129,26,000,State - DADRA & NAGAR HAVELI,Rural,Literate,748,535,213,86,61,25,146,104,42,44,32,12,192,148,44,35,23,12,27,22,5,119,80,39,99,65,34
C5129,26,000,State - DADRA & NAGAR HAVELI,Rural,Literate but below primary,223,142,81,22,13,9,36,21,15,16,10,6,46,37,9,23,15,8,5,3,2,41,24,17,34,19,15
C5129,26,000,State - DADRA & NAGAR HAVELI,Rural,Primary but below middle,216,149,67,32,21,11,43,35,8,6,4,2,44,30,14,7,4,3,8,6,2,28,19,9,48,30,18
C5129,26,000,State - DADRA & NAGAR HAVELI,Rural,Middle but below matric/secondary,111,88,23,10,7,3,20,12,8,7,6,1,45,38,7,0,0,0,5,5,0,17,13,4,7,7,0
C5129,26,000,State - DADRA & NAGAR HAVELI,Rural,Matric/Secondary but below graduate,107,87,20,11,11,0,18,14,4,8,8,0,42,33,9,1,0,1,5,4,1,20,15,5,2,2,0
C5129,26,000,State - DADRA & NAGAR HAVELI,Rural,Graduate and above,20,14,6,2,2,0,6,3,3,1,1,0,5,5,0,0,0,0,1,1,0,3,0,3,2,2,0
C5129,26,000,State - DADRA & NAGAR HAVELI,Urban,Total ,1338,796,542,169,98,71,322,184,138,82,47,35,294,197,97,62,28,34,30,20,10,235,131,104,144,91,53
C5129,26,000,State - DADRA & NAGAR HAVELI,Urban,Illiterate,414,211,203,61,29,32,96,38,58,33,18,15,73,47,26,29,11,18,11,7,4,42,17,25,69,44,25
C5129,26,000,State - DADRA & NAGAR HAVELI,Urban,Literate,924,585,339,108,69,39,226,146,80,49,29,20,221,150,71,33,17,16,19,13,6,193,114,79,75,47,28
C5129,26,000,State - DADRA & NAGAR HAVELI,Urban,Literate but below primary,137,84,53,20,10,10,30,18,12,11,5,6,18,14,4,9,6,3,8,5,3,20,12,8,21,14,7
C5129,26,000,State - DADRA & NAGAR HAVELI,Urban,Primary but below middle,198,120,78,25,13,12,64,40,24,9,5,4,38,21,17,7,5,2,4,2,2,34,22,12,17,12,5
C5129,26,000,State - DADRA & NAGAR HAVELI,Urban,Middle but below matric/secondary,126,77,49,14,10,4,27,15,12,8,4,4,39,26,13,2,1,1,2,2,0,23,13,10,11,6,5
C5129,26,000,State - DADRA & NAGAR HAVELI,Urban,Matric/Secondary but below graduate,285,189,96,29,20,9,61,45,16,11,9,2,82,56,26,4,0,4,5,4,1,75,44,31,18,11,7
C5129,26,000,State - DADRA & NAGAR HAVELI,Urban,Graduate and above,104,65,39,12,9,3,31,19,12,5,3,2,23,18,5,1,0,1,0,0,0,28,15,13,4,1,3
C5129,27,000,State - MAHARASHTRA,Total,Total ,2963392,1692285,1271107,574052,311835,262217,473271,264956,208315,473610,260792,212818,548418,357348,191070,160209,90408,69801,58753,32907,25846,510736,279048,231688,164343,94991,69352
C5129,27,000,State - MAHARASHTRA,Total,Illiterate,958849,442646,516203,190389,79050,111339,145018,63009,82009,122525,58194,64331,147467,71356,76111,83202,44079,39123,22932,10080,12852,162106,73464,88642,85210,43414,41796
C5129,27,000,State - MAHARASHTRA,Total,Literate,2004543,1249639,754904,383663,232785,150878,328253,201947,126306,351085,202598,148487,400951,285992,114959,77007,46329,30678,35821,22827,12994,348630,205584,143046,79133,51577,27556
C5129,27,000,State - MAHARASHTRA,Total,Literate but below primary,413114,248756,164358,81536,47896,33640,65426,39031,26395,62993,34986,28007,78960,54724,24236,26411,15352,11059,6937,4021,2916,66036,36911,29125,24815,15835,8980
C5129,27,000,State - MAHARASHTRA,Total,Primary but below middle,401603,233486,168117,80336,45702,34634,66171,37620,28551,68162,35941,32221,77124,52409,24715,16516,9667,6849,7096,4187,2909,69553,37413,32140,16645,10547,6098
C5129,27,000,State - MAHARASHTRA,Total,Middle but below matric/secondary,291121,187147,103974,55262,34613,20649,46038,29066,16972,48232,28279,19953,64885,47500,17385,8657,5498,3159,5720,3868,1852,53119,32065,21054,9208,6258,2950
C5129,27,000,State - MAHARASHTRA,Total,Matric/Secondary but below graduate,540260,359818,180442,102088,66166,35922,91361,60081,31280,101839,63114,38725,112617,84392,28225,11229,7275,3954,8799,6320,2479,97702,62117,35585,14625,10353,4272
C5129,27,000,State - MAHARASHTRA,Total,Graduate and above,201430,131561,69869,38827,24747,14080,36278,23250,13028,43175,26329,16846,38614,28643,9971,3242,2039,1203,2676,1818,858,34941,22172,12769,3677,2563,1114
C5129,27,000,State - MAHARASHTRA,Rural,Total ,1666135,950781,715354,321266,171367,149899,237739,132348,105391,240835,131871,108964,363353,237783,125570,92318,51165,41153,33972,18658,15314,270742,146452,124290,105910,61137,44773
C5129,27,000,State - MAHARASHTRA,Rural,Illiterate,632040,283615,348425,131007,52503,78504,91676,38674,53002,76489,34665,41824,110064,52851,57213,49093,25263,23830,14217,5855,8362,100183,43952,56231,59311,29852,29459
C5129,27,000,State - MAHARASHTRA,Rural,Literate,1034095,667166,366929,190259,118864,71395,146063,93674,52389,164346,97206,67140,253289,184932,68357,43225,25902,17323,19755,12803,6952,170559,102500,68059,46599,31285,15314
C5129,27,000,State - MAHARASHTRA,Rural,Literate but below primary,272861,169840,103021,53263,32441,20822,39565,24808,14757,40425,23313,17112,58105,41067,17038,18491,10660,7831,4634,2706,1928,41261,23620,17641,17117,11225,5892
C5129,27,000,State - MAHARASHTRA,Rural,Primary but below middle,226612,136213,90399,43930,25819,18111,33038,19659,13379,37171,20073,17098,50979,35473,15506,9712,5635,4077,4273,2474,1799,37334,20360,16974,10175,6720,3455
C5129,27,000,State - MAHARASHTRA,Rural,Middle but below matric/secondary,155337,102995,52342,27885,17966,9919,21177,13946,7231,24705,14784,9921,41615,31041,10574,4343,2812,1531,3265,2236,1029,27178,16585,10593,5169,3625,1544
C5129,27,000,State - MAHARASHTRA,Rural,Matric/Secondary but below graduate,235624,166729,68895,41120,28144,12976,32642,22875,9767,39512,25814,13698,65452,50764,14688,4519,3092,1427,4518,3466,1052,41214,27527,13687,6647,5047,1600
C5129,27,000,State - MAHARASHTRA,Rural,Graduate and above,51627,39758,11869,8329,6343,1986,6953,5382,1571,8185,5897,2288,17004,13695,3309,686,492,194,941,760,181,8340,6235,2105,1189,954,235
C5129,27,000,State - MAHARASHTRA,Urban,Total ,1297257,741504,555753,252786,140468,112318,235532,132608,102924,232775,128921,103854,185065,119565,65500,67891,39243,28648,24781,14249,10532,239994,132596,107398,58433,33854,24579
C5129,27,000,State - MAHARASHTRA,Urban,Illiterate,326809,159031,167778,59382,26547,32835,53342,24335,29007,46036,23529,22507,37403,18505,18898,34109,18816,15293,8715,4225,4490,61923,29512,32411,25899,13562,12337
C5129,27,000,State - MAHARASHTRA,Urban,Literate,970448,582473,387975,193404,113921,79483,182190,108273,73917,186739,105392,81347,147662,101060,46602,33782,20427,13355,16066,10024,6042,178071,103084,74987,32534,20292,12242
C5129,27,000,State - MAHARASHTRA,Urban,Literate but below primary,140253,78916,61337,28273,15455,12818,25861,14223,11638,22568,11673,10895,20855,13657,7198,7920,4692,3228,2303,1315,988,24775,13291,11484,7698,4610,3088
C5129,27,000,State - MAHARASHTRA,Urban,Primary but below middle,174991,97273,77718,36406,19883,16523,33133,17961,15172,30991,15868,15123,26145,16936,9209,6804,4032,2772,2823,1713,1110,32219,17053,15166,6470,3827,2643
C5129,27,000,State - MAHARASHTRA,Urban,Middle but below matric/secondary,135784,84152,51632,27377,16647,10730,24861,15120,9741,23527,13495,10032,23270,16459,6811,4314,2686,1628,2455,1632,823,25941,15480,10461,4039,2633,1406
C5129,27,000,State - MAHARASHTRA,Urban,Matric/Secondary but below graduate,304636,193089,111547,60968,38022,22946,58719,37206,21513,62327,37300,25027,47165,33628,13537,6710,4183,2527,4281,2854,1427,56488,34590,21898,7978,5306,2672
C5129,27,000,State - MAHARASHTRA,Urban,Graduate and above,149803,91803,58000,30498,18404,12094,29325,17868,11457,34990,20432,14558,21610,14948,6662,2556,1547,1009,1735,1058,677,26601,15937,10664,2488,1609,879
C5129,28,000,State - ANDHRA PRADESH,Total,Total ,2266607,1224459,1042148,398144,198473,199671,334292,167226,167066,219543,121644,97899,538934,327947,210987,132380,70272,62108,43169,22283,20886,409775,214338,195437,190370,102276,88094
C5129,28,000,State - ANDHRA PRADESH,Total,Illiterate,1171078,536461,634617,223277,90494,132783,161061,65644,95417,101922,50083,51839,254734,129188,125546,86167,42395,43772,26655,11895,14760,185358,82137,103221,131904,64625,67279
C5129,28,000,State - ANDHRA PRADESH,Total,Literate,1095529,687998,407531,174867,107979,66888,173231,101582,71649,117621,71561,46060,284200,198759,85441,46213,27877,18336,16514,10388,6126,224417,132201,92216,58466,37651,20815
C5129,28,000,State - ANDHRA PRADESH,Total,Literate but below primary,155825,92013,63812,25820,15241,10579,23635,13083,10552,18350,10534,7816,33732,22459,11273,10245,5693,4552,2338,1338,1000,29827,16354,13473,11878,7311,4567
C5129,28,000,State - ANDHRA PRADESH,Total,Primary but below middle,290271,174150,116121,47223,28180,19043,44757,24875,19882,30854,17528,13326,77421,52434,24987,13452,7619,5833,5087,2895,2192,53388,29434,23954,18089,11185,6904
C5129,28,000,State - ANDHRA PRADESH,Total,Middle but below matric/secondary,107283,65859,41424,16895,10172,6723,16879,9554,7325,11429,6691,4738,27895,19434,8461,4482,2804,1678,1611,998,613,22264,12552,9712,5828,3654,2174
C5129,28,000,State - ANDHRA PRADESH,Total,Matric/Secondary but below graduate,307364,203387,103977,47767,30742,17025,47680,29533,18147,32167,20732,11435,89317,64377,24940,9572,6304,3268,4279,3008,1271,63610,39686,23924,12972,9005,3967
C5129,28,000,State - ANDHRA PRADESH,Total,Graduate and above,120194,82510,37684,20126,13669,6457,20657,13283,7374,12993,8916,4077,33273,24532,8741,2878,1964,914,1181,870,311,26355,17230,9125,2731,2046,685
C5129,28,000,State - ANDHRA PRADESH,Rural,Total ,1512961,812882,700079,261467,127379,134088,197246,96517,100729,138068,76156,61912,411720,249840,161880,92195,47964,44231,30581,15303,15278,238999,123976,115023,142685,75747,66938
C5129,28,000,State - ANDHRA PRADESH,Rural,Illiterate,901678,413204,488474,176161,71212,104949,118289,47931,70358,76553,37868,38685,211763,107980,103783,64461,31136,33325,20113,8661,11452,128916,57078,71838,105422,51338,54084
C5129,28,000,State - ANDHRA PRADESH,Rural,Literate,611283,399678,211605,85306,56167,29139,78957,48586,30371,61515,38288,23227,199957,141860,58097,27734,16828,10906,10468,6642,3826,110083,66898,43185,37263,24409,12854
C5129,28,000,State - ANDHRA PRADESH,Rural,Literate but below primary,106654,64732,41922,16539,10254,6285,14414,8256,6158,12732,7451,5281,26641,17966,8675,7614,4205,3409,1706,964,742,18256,10217,8039,8752,5419,3333
C5129,28,000,State - ANDHRA PRADESH,Rural,Primary but below middle,188633,118070,70563,28530,18151,10379,26132,15309,10823,19202,11339,7863,57781,39772,18009,9116,5247,3869,3555,2024,1531,31557,18149,13408,12760,8079,4681
C5129,28,000,State - ANDHRA PRADESH,Rural,Middle but below matric/secondary,65008,41881,23127,9006,5898,3108,8848,5274,3574,6723,4144,2579,20599,14575,6024,2828,1841,987,1064,687,377,12208,7065,5143,3732,2397,1335
C5129,28,000,State - ANDHRA PRADESH,Rural,Matric/Secondary but below graduate,152699,107384,45315,18775,13341,5434,17685,12046,5639,14049,9517,4532,60631,44245,16386,4605,3182,1423,2522,1824,698,27649,18283,9366,6783,4946,1837
C5129,28,000,State - ANDHRA PRADESH,Rural,Graduate and above,38276,29126,9150,4566,3550,1016,3777,2787,990,2733,2036,697,18387,14107,4280,804,616,188,573,461,112,6424,4767,1657,1012,802,210
C5129,28,000,State - ANDHRA PRADESH,Urban,Total ,753646,411577,342069,136677,71094,65583,137046,70709,66337,81475,45488,35987,127214,78107,49107,40185,22308,17877,12588,6980,5608,170776,90362,80414,47685,26529,21156
C5129,28,000,State - ANDHRA PRADESH,Urban,Illiterate,269400,123257,146143,47116,19282,27834,42772,17713,25059,25369,12215,13154,42971,21208,21763,21706,11259,10447,6542,3234,3308,56442,25059,31383,26482,13287,13195
C5129,28,000,State - ANDHRA PRADESH,Urban,Literate,484246,288320,195926,89561,51812,37749,94274,52996,41278,56106,33273,22833,84243,56899,27344,18479,11049,7430,6046,3746,2300,114334,65303,49031,21203,13242,7961
C5129,28,000,State - ANDHRA PRADESH,Urban,Literate but below primary,49171,27281,21890,9281,4987,4294,9221,4827,4394,5618,3083,2535,7091,4493,2598,2631,1488,1143,632,374,258,11571,6137,5434,3126,1892,1234
C5129,28,000,State - ANDHRA PRADESH,Urban,Primary but below middle,101638,56080,45558,18693,10029,8664,18625,9566,9059,11652,6189,5463,19640,12662,6978,4336,2372,1964,1532,871,661,21831,11285,10546,5329,3106,2223
C5129,28,000,State - ANDHRA PRADESH,Urban,Middle but below matric/secondary,42275,23978,18297,7889,4274,3615,8031,4280,3751,4706,2547,2159,7296,4859,2437,1654,963,691,547,311,236,10056,5487,4569,2096,1257,839
C5129,28,000,State - ANDHRA PRADESH,Urban,Matric/Secondary but below graduate,154665,96003,58662,28992,17401,11591,29995,17487,12508,18118,11215,6903,28686,20132,8554,4967,3122,1845,1757,1184,573,35961,21403,14558,6189,4059,2130
C5129,28,000,State - ANDHRA PRADESH,Urban,Graduate and above,81918,53384,28534,15560,10119,5441,16880,10496,6384,10260,6880,3380,14886,10425,4461,2074,1348,726,608,409,199,19931,12463,7468,1719,1244,475
C5129,29,000,State - KARNATAKA,Total,Total ,1324205,726521,597684,264170,133909,130261,235691,122685,113006,90741,49848,40893,271982,171139,100843,93974,49501,44473,20913,10828,10085,246721,133079,113642,100013,55532,44481
C5129,29,000,State - KARNATAKA,Total,Illiterate,536919,244670,292249,108793,42747,66046,85305,35119,50186,42497,21129,21368,91061,46396,44665,52641,25741,26900,10187,4320,5867,85253,38194,47059,61182,31024,30158
C5129,29,000,State - KARNATAKA,Total,Literate,787286,481851,305435,155377,91162,64215,150386,87566,62820,48244,28719,19525,180921,124743,56178,41333,23760,17573,10726,6508,4218,161468,94885,66583,38831,24508,14323
C5129,29,000,State - KARNATAKA,Total,Literate but below primary,135247,80186,55061,25364,14646,10718,23563,13213,10350,11039,6557,4482,27627,18636,8991,9730,5356,4374,1771,966,805,26528,14893,11635,9625,5919,3706
C5129,29,000,State - KARNATAKA,Total,Primary but below middle,184200,108546,75654,35068,19808,15260,32968,18232,14736,13595,7911,5684,41112,27715,13397,11766,6569,5197,2978,1692,1286,35946,20064,15882,10767,6555,4212
C5129,29,000,State - KARNATAKA,Total,Middle but below matric/secondary,94736,58328,36408,18179,10751,7428,17188,9897,7291,6065,3615,2450,23498,16328,7170,4566,2748,1818,1348,813,535,19315,11248,8067,4577,2928,1649
C5129,29,000,State - KARNATAKA,Total,Matric/Secondary but below graduate,230407,145484,84923,47145,28309,18836,46620,28079,18541,10449,6347,4102,58528,40909,17619,8360,5031,3329,2659,1792,867,49206,30003,19203,7440,5014,2426
C5129,29,000,State - KARNATAKA,Total,Graduate and above,82203,52891,29312,20342,12429,7913,19312,12057,7255,3112,1941,1171,15455,11295,4160,2732,1648,1084,786,555,231,18389,11577,6812,2075,1389,686
C5129,29,000,State - KARNATAKA,Rural,Total ,792694,438605,354089,139405,69266,70139,120294,62341,57953,60633,33680,26953,195850,124089,71761,59116,30810,28306,13225,6698,6527,135183,73633,61550,68988,38088,30900
C5129,29,000,State - KARNATAKA,Rural,Illiterate,382083,173329,208754,76174,29208,46966,56283,22920,33363,31772,15880,15892,71848,36783,35065,36184,17291,18893,6843,2742,4101,57491,25617,31874,45488,22888,22600
C5129,29,000,State - KARNATAKA,Rural,Literate,410611,265276,145335,63231,40058,23173,64011,39421,24590,28861,17800,11061,124002,87306,36696,22932,13519,9413,6382,3956,2426,77692,48016,29676,23500,15200,8300
C5129,29,000,State - KARNATAKA,Rural,Literate but below primary,90145,55397,34748,15052,9183,5869,14165,8303,5862,7915,4838,3077,21293,14550,6743,6672,3699,2973,1192,675,517,16937,9809,7128,6919,4340,2579
C5129,29,000,State - KARNATAKA,Rural,Primary but below middle,112535,69638,42897,18181,11110,7071,17582,10252,7330,9349,5587,3762,29892,20536,9356,7837,4484,3353,1959,1104,855,20503,12039,8464,7232,4526,2706
C5129,29,000,State - KARNATAKA,Rural,Middle but below matric/secondary,55104,36128,18976,8761,5704,3057,8545,5286,3259,3889,2438,1451,17136,12166,4970,2621,1657,964,803,491,312,10538,6514,4024,2811,1872,939
C5129,29,000,State - KARNATAKA,Rural,Matric/Secondary but below graduate,98822,67812,31010,13803,9368,4435,15644,10321,5323,4618,3004,1614,37384,26813,10571,3077,2030,1047,1403,1006,397,19506,12862,6644,3387,2408,979
C5129,29,000,State - KARNATAKA,Rural,Graduate and above,17528,13416,4112,2256,1708,548,2429,1826,603,610,443,167,7582,5883,1699,446,337,109,296,246,50,3467,2611,856,442,362,80
C5129,29,000,State - KARNATAKA,Urban,Total ,531511,287916,243595,124765,64643,60122,115397,60344,55053,30108,16168,13940,76132,47050,29082,34858,18691,16167,7688,4130,3558,111538,59446,52092,31025,17444,13581
C5129,29,000,State - KARNATAKA,Urban,Illiterate,154836,71341,83495,32619,13539,19080,29022,12199,16823,10725,5249,5476,19213,9613,9600,16457,8450,8007,3344,1578,1766,27762,12577,15185,15694,8136,7558
C5129,29,000,State - KARNATAKA,Urban,Literate,376675,216575,160100,92146,51104,41042,86375,48145,38230,19383,10919,8464,56919,37437,19482,18401,10241,8160,4344,2552,1792,83776,46869,36907,15331,9308,6023
C5129,29,000,State - KARNATAKA,Urban,Literate but below primary,45102,24789,20313,10312,5463,4849,9398,4910,4488,3124,1719,1405,6334,4086,2248,3058,1657,1401,579,291,288,9591,5084,4507,2706,1579,1127
C5129,29,000,State - KARNATAKA,Urban,Primary but below middle,71665,38908,32757,16887,8698,8189,15386,7980,7406,4246,2324,1922,11220,7179,4041,3929,2085,1844,1019,588,431,15443,8025,7418,3535,2029,1506
C5129,29,000,State - KARNATAKA,Urban,Middle but below matric/secondary,39632,22200,17432,9418,5047,4371,8643,4611,4032,2176,1177,999,6362,4162,2200,1945,1091,854,545,322,223,8777,4734,4043,1766,1056,710
C5129,29,000,State - KARNATAKA,Urban,Matric/Secondary but below graduate,131585,77672,53913,33342,18941,14401,30976,17758,13218,5831,3343,2488,21144,14096,7048,5283,3001,2282,1256,786,470,29700,17141,12559,4053,2606,1447
C5129,29,000,State - KARNATAKA,Urban,Graduate and above,64675,39475,25200,18086,10721,7365,16883,10231,6652,2502,1498,1004,7873,5412,2461,2286,1311,975,490,309,181,14922,8966,5956,1633,1027,606
C5129,30,000,State - GOA,Total,Total ,33012,17016,15996,4964,2350,2614,5347,2621,2726,5272,2807,2465,5578,3153,2425,1817,965,852,1675,875,800,5784,2933,2851,2575,1312,1263
C5129,30,000,State - GOA,Total,Illiterate,9801,3913,5888,1516,460,1056,1564,547,1017,1173,547,626,1523,590,933,706,340,366,557,249,308,1518,624,894,1244,556,688
C5129,30,000,State - GOA,Total,Literate,23211,13103,10108,3448,1890,1558,3783,2074,1709,4099,2260,1839,4055,2563,1492,1111,625,486,1118,626,492,4266,2309,1957,1331,756,575
C5129,30,000,State - GOA,Total,Literate but below primary,4270,2375,1895,664,370,294,678,367,311,617,332,285,785,489,296,323,175,148,221,112,109,670,350,320,312,180,132
C5129,30,000,State - GOA,Total,Primary but below middle,3940,2214,1726,542,293,249,675,344,331,671,372,299,686,426,260,201,118,83,222,121,101,701,393,308,242,147,95
C5129,30,000,State - GOA,Total,Middle but below matric/secondary,2999,1780,1219,424,241,183,496,303,193,537,301,236,558,375,183,95,55,40,166,100,66,584,314,270,139,91,48
C5129,30,000,State - GOA,Total,Matric/Secondary but below graduate,6468,3882,2586,1008,599,409,1118,667,451,1289,754,535,1107,744,363,190,110,80,247,152,95,1278,714,564,231,142,89
C5129,30,000,State - GOA,Total,Graduate and above,2063,1147,916,343,198,145,340,180,160,443,226,217,308,198,110,52,25,27,40,22,18,487,265,222,50,33,17
C5129,30,000,State - GOA,Rural,Total ,14622,7479,7143,2418,1138,1280,2272,1072,1200,2148,1119,1029,2446,1418,1028,793,418,375,764,404,360,2553,1312,1241,1228,598,630
C5129,30,000,State - GOA,Rural,Illiterate,4785,1839,2946,849,265,584,777,260,517,524,234,290,741,292,449,288,136,152,263,112,151,736,290,446,607,250,357
C5129,30,000,State - GOA,Rural,Literate,9837,5640,4197,1569,873,696,1495,812,683,1624,885,739,1705,1126,579,505,282,223,501,292,209,1817,1022,795,621,348,273
C5129,30,000,State - GOA,Rural,Literate but below primary,2099,1209,890,348,208,140,339,177,162,263,144,119,367,242,125,192,105,87,99,52,47,338,190,148,153,91,62
C5129,30,000,State - GOA,Rural,Primary but below middle,1755,1013,742,246,138,108,291,151,140,304,166,138,285,198,87,76,39,37,107,61,46,340,196,144,106,64,42
C5129,30,000,State - GOA,Rural,Middle but below matric/secondary,1419,852,567,219,122,97,214,133,81,250,131,119,266,192,74,39,24,15,80,46,34,293,166,127,58,38,20
C5129,30,000,State - GOA,Rural,Matric/Secondary but below graduate,2421,1490,931,408,250,158,355,216,139,473,286,187,426,284,142,75,40,35,99,68,31,484,285,199,101,61,40
C5129,30,000,State - GOA,Rural,Graduate and above,496,283,213,81,48,33,69,37,32,115,55,60,80,53,27,16,11,5,9,6,3,110,62,48,16,11,5
C5129,30,000,State - GOA,Urban,Total ,18390,9537,8853,2546,1212,1334,3075,1549,1526,3124,1688,1436,3132,1735,1397,1024,547,477,911,471,440,3231,1621,1610,1347,714,633
C5129,30,000,State - GOA,Urban,Illiterate,5016,2074,2942,667,195,472,787,287,500,649,313,336,782,298,484,418,204,214,294,137,157,782,334,448,637,306,331
C5129,30,000,State - GOA,Urban,Literate,13374,7463,5911,1879,1017,862,2288,1262,1026,2475,1375,1100,2350,1437,913,606,343,263,617,334,283,2449,1287,1162,710,408,302
C5129,30,000,State - GOA,Urban,Literate but below primary,2171,1166,1005,316,162,154,339,190,149,354,188,166,418,247,171,131,70,61,122,60,62,332,160,172,159,89,70
C5129,30,000,State - GOA,Urban,Primary but below middle,2185,1201,984,296,155,141,384,193,191,367,206,161,401,228,173,125,79,46,115,60,55,361,197,164,136,83,53
C5129,30,000,State - GOA,Urban,Middle but below matric/secondary,1580,928,652,205,119,86,282,170,112,287,170,117,292,183,109,56,31,25,86,54,32,291,148,143,81,53,28
C5129,30,000,State - GOA,Urban,Matric/Secondary but below graduate,4047,2392,1655,600,349,251,763,451,312,816,468,348,681,460,221,115,70,45,148,84,64,794,429,365,130,81,49
C5129,30,000,State - GOA,Urban,Graduate and above,1567,864,703,262,150,112,271,143,128,328,171,157,228,145,83,36,14,22,31,16,15,377,203,174,34,22,12
C5129,31,000,State - LAKSHADWEEP,Total,Total ,1615,838,777,337,149,188,224,105,119,73,48,25,361,210,151,112,75,37,96,34,62,183,100,83,229,117,112
C5129,31,000,State - LAKSHADWEEP,Total,Illiterate,545,227,318,101,26,75,69,25,44,27,15,12,92,35,57,60,37,23,26,7,19,38,20,18,132,62,70
C5129,31,000,State - LAKSHADWEEP,Total,Literate,1070,611,459,236,123,113,155,80,75,46,33,13,269,175,94,52,38,14,70,27,43,145,80,65,97,55,42
C5129,31,000,State - LAKSHADWEEP,Total,Literate but below primary,311,169,142,62,32,30,41,22,19,17,14,3,77,49,28,18,11,7,23,6,17,35,18,17,38,17,21
C5129,31,000,State - LAKSHADWEEP,Total,Primary but below middle,266,156,110,68,29,39,33,18,15,10,9,1,59,40,19,24,19,5,18,9,9,29,17,12,25,15,10
C5129,31,000,State - LAKSHADWEEP,Total,Middle but below matric/secondary,173,96,77,38,20,18,31,8,23,7,4,3,44,32,12,5,3,2,8,5,3,24,13,11,16,11,5
C5129,31,000,State - LAKSHADWEEP,Total,Matric/Secondary but below graduate,206,128,78,46,34,12,33,22,11,8,5,3,55,35,20,1,1,0,13,4,9,39,19,20,11,8,3
C5129,31,000,State - LAKSHADWEEP,Total,Graduate and above,25,15,10,9,4,5,1,0,1,0,0,0,7,4,3,0,0,0,2,2,0,5,4,1,1,1,0
C5129,31,000,State - LAKSHADWEEP,Rural,Total ,396,188,208,104,45,59,47,22,25,10,7,3,79,44,35,24,13,11,39,12,27,35,16,19,58,29,29
C5129,31,000,State - LAKSHADWEEP,Rural,Illiterate,116,42,74,21,5,16,13,5,8,4,3,1,23,8,15,14,7,7,7,2,5,2,0,2,32,12,20
C5129,31,000,State - LAKSHADWEEP,Rural,Literate,280,146,134,83,40,43,34,17,17,6,4,2,56,36,20,10,6,4,32,10,22,33,16,17,26,17,9
C5129,31,000,State - LAKSHADWEEP,Rural,Literate but below primary,84,39,45,17,9,8,9,3,6,4,3,1,23,16,7,4,2,2,6,0,6,11,2,9,10,4,6
C5129,31,000,State - LAKSHADWEEP,Rural,Primary but below middle,71,35,36,29,8,21,3,3,0,0,0,0,11,8,3,6,4,2,9,4,5,7,4,3,6,4,2
C5129,31,000,State - LAKSHADWEEP,Rural,Middle but below matric/secondary,41,21,20,12,6,6,10,2,8,0,0,0,6,4,2,0,0,0,5,3,2,5,3,2,3,3,0
C5129,31,000,State - LAKSHADWEEP,Rural,Matric/Secondary but below graduate,57,35,22,21,15,6,6,5,1,2,1,1,11,4,7,0,0,0,6,2,4,7,4,3,4,4,0
C5129,31,000,State - LAKSHADWEEP,Rural,Graduate and above,9,6,3,3,1,2,1,0,1,0,0,0,3,3,0,0,0,0,0,0,0,1,1,0,1,1,0
C5129,31,000,State - LAKSHADWEEP,Urban,Total ,1219,650,569,233,104,129,177,83,94,63,41,22,282,166,116,88,62,26,57,22,35,148,84,64,171,88,83
C5129,31,000,State - LAKSHADWEEP,Urban,Illiterate,429,185,244,80,21,59,56,20,36,23,12,11,69,27,42,46,30,16,19,5,14,36,20,16,100,50,50
C5129,31,000,State - LAKSHADWEEP,Urban,Literate,790,465,325,153,83,70,121,63,58,40,29,11,213,139,74,42,32,10,38,17,21,112,64,48,71,38,33
C5129,31,000,State - LAKSHADWEEP,Urban,Literate but below primary,227,130,97,45,23,22,32,19,13,13,11,2,54,33,21,14,9,5,17,6,11,24,16,8,28,13,15
C5129,31,000,State - LAKSHADWEEP,Urban,Primary but below middle,195,121,74,39,21,18,30,15,15,10,9,1,48,32,16,18,15,3,9,5,4,22,13,9,19,11,8
C5129,31,000,State - LAKSHADWEEP,Urban,Middle but below matric/secondary,132,75,57,26,14,12,21,6,15,7,4,3,38,28,10,5,3,2,3,2,1,19,10,9,13,8,5
C5129,31,000,State - LAKSHADWEEP,Urban,Matric/Secondary but below graduate,149,93,56,25,19,6,27,17,10,6,4,2,44,31,13,1,1,0,7,2,5,32,15,17,7,4,3
C5129,31,000,State - LAKSHADWEEP,Urban,Graduate and above,16,9,7,6,3,3,0,0,0,0,0,0,4,1,3,0,0,0,2,2,0,4,3,1,0,0,0
C5129,32,000,State - KERALA,Total,Total ,761843,394706,367137,115513,53167,62346,105366,48087,57279,41346,22319,19027,171630,100894,70736,65709,35614,30095,66915,33819,33096,96131,49498,46633,99233,51308,47925
C5129,32,000,State - KERALA,Total,Illiterate,222540,95671,126869,28114,8558,19556,24388,8323,16065,10941,5527,5414,31916,13313,18603,39673,20723,18950,17023,6593,10430,19033,8227,10806,51452,24407,27045
C5129,32,000,State - KERALA,Total,Literate,539303,299035,240268,87399,44609,42790,80978,39764,41214,30405,16792,13613,139714,87581,52133,26036,14891,11145,49892,27226,22666,77098,41271,35827,47781,26901,20880
C5129,32,000,State - KERALA,Total,Literate but below primary,123469,62544,60925,23788,10605,13183,19033,8659,10374,6355,3585,2770,29403,16953,12450,6866,3761,3105,9157,4352,4805,14968,7561,7407,13899,7068,6831
C5129,32,000,State - KERALA,Total,Primary but below middle,125132,69779,55353,21848,10920,10928,18098,9089,9009,6745,3839,2906,31091,19607,11484,7214,4113,3101,12099,6701,5398,16279,8842,7437,11758,6668,5090
C5129,32,000,State - KERALA,Total,Middle but below matric/secondary,92269,54667,37602,13438,7483,5955,12786,6591,6195,5544,3104,2440,24718,16699,8019,4748,2842,1906,10470,6072,4398,13426,7592,5834,7139,4284,2855
C5129,32,000,State - KERALA,Total,Matric/Secondary but below graduate,131372,76169,55203,18910,10807,8103,21210,10838,10372,8244,4477,3767,36423,23557,12866,3406,2039,1367,11892,6695,5197,22181,12167,10014,9106,5589,3517
C5129,32,000,State - KERALA,Total,Graduate and above,26477,14563,11914,4286,2434,1852,4562,2214,2348,1543,747,796,7992,4887,3105,267,148,119,1662,966,696,5175,2543,2632,990,624,366
C5129,32,000,State - KERALA,Rural,Total ,414875,215752,199123,63409,29155,34254,56110,25617,30493,22534,12267,10267,93297,55511,37786,35170,18926,16244,37432,18941,18491,52351,27088,25263,54572,28247,26325
C5129,32,000,State - KERALA,Rural,Illiterate,126968,54689,72279,16916,5284,11632,14229,4863,9366,6186,3154,3032,18678,8095,10583,21571,11119,10452,9729,3839,5890,10986,4758,6228,28673,13577,15096
C5129,32,000,State - KERALA,Rural,Literate,287907,161063,126844,46493,23871,22622,41881,20754,21127,16348,9113,7235,74619,47416,27203,13599,7807,5792,27703,15102,12601,41365,22330,19035,25899,14670,11229
C5129,32,000,State - KERALA,Rural,Literate but below primary,69524,35916,33608,13517,6154,7363,10684,4968,5716,3484,2014,1470,16501,9718,6783,3630,1997,1633,5198,2530,2668,8504,4380,4124,8006,4155,3851
C5129,32,000,State - KERALA,Rural,Primary but below middle,67646,38229,29417,11838,5983,5855,9538,4880,4658,3741,2143,1598,16810,10801,6009,3714,2122,1592,6671,3680,2991,8936,4939,3997,6398,3681,2717
C5129,32,000,State - KERALA,Rural,Middle but below matric/secondary,49647,29466,20181,6951,3882,3069,6632,3471,3161,3011,1694,1317,13382,9067,4315,2677,1592,1085,5723,3268,2455,7402,4178,3224,3869,2314,1555
C5129,32,000,State - KERALA,Rural,Matric/Secondary but below graduate,68081,39663,28418,9524,5440,4084,10489,5361,5128,4415,2379,2036,18928,12408,6520,1785,1087,698,6585,3706,2879,11704,6410,5294,4651,2872,1779
C5129,32,000,State - KERALA,Rural,Graduate and above,11460,6364,5096,1849,1053,796,1792,855,937,654,330,324,3556,2197,1359,112,65,47,888,519,369,2174,1081,1093,435,264,171
C5129,32,000,State - KERALA,Urban,Total ,346968,178954,168014,52104,24012,28092,49256,22470,26786,18812,10052,8760,78333,45383,32950,30539,16688,13851,29483,14878,14605,43780,22410,21370,44661,23061,21600
C5129,32,000,State - KERALA,Urban,Illiterate,95572,40982,54590,11198,3274,7924,10159,3460,6699,4755,2373,2382,13238,5218,8020,18102,9604,8498,7294,2754,4540,8047,3469,4578,22779,10830,11949
C5129,32,000,State - KERALA,Urban,Literate,251396,137972,113424,40906,20738,20168,39097,19010,20087,14057,7679,6378,65095,40165,24930,12437,7084,5353,22189,12124,10065,35733,18941,16792,21882,12231,9651
C5129,32,000,State - KERALA,Urban,Literate but below primary,53945,26628,27317,10271,4451,5820,8349,3691,4658,2871,1571,1300,12902,7235,5667,3236,1764,1472,3959,1822,2137,6464,3181,3283,5893,2913,2980
C5129,32,000,State - KERALA,Urban,Primary but below middle,57486,31550,25936,10010,4937,5073,8560,4209,4351,3004,1696,1308,14281,8806,5475,3500,1991,1509,5428,3021,2407,7343,3903,3440,5360,2987,2373
C5129,32,000,State - KERALA,Urban,Middle but below matric/secondary,42622,25201,17421,6487,3601,2886,6154,3120,3034,2533,1410,1123,11336,7632,3704,2071,1250,821,4747,2804,1943,6024,3414,2610,3270,1970,1300
C5129,32,000,State - KERALA,Urban,Matric/Secondary but below graduate,63291,36506,26785,9386,5367,4019,10721,5477,5244,3829,2098,1731,17495,11149,6346,1621,952,669,5307,2989,2318,10477,5757,4720,4455,2717,1738
C5129,32,000,State - KERALA,Urban,Graduate and above,15017,8199,6818,2437,1381,1056,2770,1359,1411,889,417,472,4436,2690,1746,155,83,72,774,447,327,3001,1462,1539,555,360,195
C5129,33,000,State - TAMIL NADU,Total,Total ,1179963,657418,522545,127405,67744,59661,220241,109879,110362,80077,44512,35565,287241,177476,109765,100847,55854,44993,32964,17707,15257,238392,131150,107242,92796,53096,39700
C5129,33,000,State - TAMIL NADU,Total,Illiterate,464141,217817,246324,54445,22964,31481,73426,28162,45264,40566,20597,19969,84953,41487,43466,66583,35122,31461,16695,7591,9104,71190,32247,38943,56283,29647,26636
C5129,33,000,State - TAMIL NADU,Total,Literate,715822,439601,276221,72960,44780,28180,146815,81717,65098,39511,23915,15596,202288,135989,66299,34264,20732,13532,16269,10116,6153,167202,98903,68299,36513,23449,13064
C5129,33,000,State - TAMIL NADU,Total,Literate but below primary,74107,43456,30651,8211,4794,3417,14886,7822,7064,5829,3424,2405,17213,11305,5908,5600,3263,2337,1256,704,552,16111,9034,7077,5001,3110,1891
C5129,33,000,State - TAMIL NADU,Total,Primary but below middle,179460,109080,70380,18959,11498,7461,35999,19718,16281,12247,7315,4932,48674,32947,15727,10719,6278,4441,4361,2537,1824,37851,22143,15708,10650,6644,4006
C5129,33,000,State - TAMIL NADU,Total,Middle but below matric/secondary,130881,80221,50660,13381,8122,5259,26424,14350,12074,7685,4570,3115,37776,25813,11963,6035,3716,2319,3210,2011,1199,29305,17162,12143,7065,4477,2588
C5129,33,000,State - TAMIL NADU,Total,Matric/Secondary but below graduate,205106,129926,75180,20561,13068,7493,43496,25123,18373,8496,5343,3153,63618,43325,20293,5414,3528,1886,4657,3062,1595,50784,30995,19789,8080,5482,2598
C5129,33,000,State - TAMIL NADU,Total,Graduate and above,72330,44837,27493,7051,4456,2595,15582,9111,6471,1920,1211,709,23854,15335,8519,1251,807,444,1223,886,337,19686,11828,7858,1763,1203,560
C5129,33,000,State - TAMIL NADU,Rural,Total ,621745,346846,274899,71650,37833,33817,107621,53739,53882,47160,26156,21004,158624,98242,60382,52522,28518,24004,17344,9009,8335,113844,63088,50756,52980,30261,22719
C5129,33,000,State - TAMIL NADU,Rural,Illiterate,288881,135127,153754,37013,15716,21297,45926,17664,28262,26615,13527,13088,56749,27974,28775,35961,18564,17397,9245,3886,5359,41890,19033,22857,35482,18763,16719
C5129,33,000,State - TAMIL NADU,Rural,Literate,332864,211719,121145,34637,22117,12520,61695,36075,25620,20545,12629,7916,101875,70268,31607,16561,9954,6607,8099,5123,2976,71954,44055,27899,17498,11498,6000
C5129,33,000,State - TAMIL NADU,Rural,Literate but below primary,40042,24085,15957,4486,2693,1793,7643,4167,3476,3353,1967,1386,9913,6689,3224,2961,1713,1248,673,387,286,8278,4742,3536,2735,1727,1008
C5129,33,000,State - TAMIL NADU,Rural,Primary but below middle,98068,62021,36047,10739,6845,3894,18799,10959,7840,7277,4453,2824,27876,19326,8550,5956,3469,2487,2339,1392,947,19165,11787,7378,5917,3790,2127
C5129,33,000,State - TAMIL NADU,Rural,Middle but below matric/secondary,66179,41840,24339,6781,4301,2480,12610,7234,5376,4156,2515,1641,20461,14259,6202,3121,1896,1225,1735,1061,674,13886,8370,5516,3429,2204,1225
C5129,33,000,State - TAMIL NADU,Rural,Matric/Secondary but below graduate,85336,56022,29314,8443,5591,2852,15725,9620,6105,3657,2360,1297,29727,20603,9124,2317,1523,794,2205,1496,709,20083,12604,7479,3179,2225,954
C5129,33,000,State - TAMIL NADU,Rural,Graduate and above,18947,12808,6139,1797,1238,559,2613,1708,905,472,309,163,8290,5608,2682,321,222,99,498,404,94,4524,2974,1550,432,345,87
C5129,33,000,State - TAMIL NADU,Urban,Total ,558218,310572,247646,55755,29911,25844,112620,56140,56480,32917,18356,14561,128617,79234,49383,48325,27336,20989,15620,8698,6922,124548,68062,56486,39816,22835,16981
C5129,33,000,State - TAMIL NADU,Urban,Illiterate,175260,82690,92570,17432,7248,10184,27500,10498,17002,13951,7070,6881,28204,13513,14691,30622,16558,14064,7450,3705,3745,29300,13214,16086,20801,10884,9917
C5129,33,000,State - TAMIL NADU,Urban,Literate,382958,227882,155076,38323,22663,15660,85120,45642,39478,18966,11286,7680,100413,65721,34692,17703,10778,6925,8170,4993,3177,95248,54848,40400,19015,11951,7064
C5129,33,000,State - TAMIL NADU,Urban,Literate but below primary,34065,19371,14694,3725,2101,1624,7243,3655,3588,2476,1457,1019,7300,4616,2684,2639,1550,1089,583,317,266,7833,4292,3541,2266,1383,883
C5129,33,000,State - TAMIL NADU,Urban,Primary but below middle,81392,47059,34333,8220,4653,3567,17200,8759,8441,4970,2862,2108,20798,13621,7177,4763,2809,1954,2022,1145,877,18686,10356,8330,4733,2854,1879
C5129,33,000,State - TAMIL NADU,Urban,Middle but below matric/secondary,64702,38381,26321,6600,3821,2779,13814,7116,6698,3529,2055,1474,17315,11554,5761,2914,1820,1094,1475,950,525,15419,8792,6627,3636,2273,1363
C5129,33,000,State - TAMIL NADU,Urban,Matric/Secondary but below graduate,119770,73904,45866,12118,7477,4641,27771,15503,12268,4839,2983,1856,33891,22722,11169,3097,2005,1092,2452,1566,886,30701,18391,12310,4901,3257,1644
C5129,33,000,State - TAMIL NADU,Urban,Graduate and above,53383,32029,21354,5254,3218,2036,12969,7403,5566,1448,902,546,15564,9727,5837,930,585,345,725,482,243,15162,8854,6308,1331,858,473
C5129,34,000,State - PUDUCHERRY,Total,Total ,30189,16373,13816,3608,1841,1767,6152,2959,3193,1824,958,866,9054,5464,3590,2335,1285,1050,853,450,403,4137,2195,1942,2226,1221,1005
C5129,34,000,State - PUDUCHERRY,Total,Illiterate,11143,4789,6354,1402,523,879,2004,625,1379,723,332,391,2611,1157,1454,1563,851,712,361,152,209,1165,510,655,1314,639,675
C5129,34,000,State - PUDUCHERRY,Total,Literate,19046,11584,7462,2206,1318,888,4148,2334,1814,1101,626,475,6443,4307,2136,772,434,338,492,298,194,2972,1685,1287,912,582,330
C5129,34,000,State - PUDUCHERRY,Total,Literate but below primary,2023,1144,879,260,130,130,455,227,228,138,86,52,576,375,201,152,85,67,51,28,23,270,140,130,121,73,48
C5129,34,000,State - PUDUCHERRY,Total,Primary but below middle,4774,2755,2019,591,332,259,1087,551,536,282,148,134,1492,973,519,232,136,96,127,75,52,702,385,317,261,155,106
C5129,34,000,State - PUDUCHERRY,Total,Middle but below matric/secondary,3606,2193,1413,423,258,165,813,456,357,190,104,86,1231,819,412,113,59,54,101,63,38,533,296,237,202,138,64
C5129,34,000,State - PUDUCHERRY,Total,Matric/Secondary but below graduate,5804,3753,2051,631,426,205,1250,779,471,329,200,129,2134,1465,669,130,76,54,161,102,59,962,567,395,207,138,69
C5129,34,000,State - PUDUCHERRY,Total,Graduate and above,1908,1222,686,208,128,80,368,239,129,99,48,51,786,533,253,19,8,11,26,16,10,353,215,138,49,35,14
C5129,34,000,State - PUDUCHERRY,Rural,Total ,10581,5880,4701,1349,672,677,2229,1098,1131,611,339,272,3208,2006,1202,649,363,286,255,138,117,1558,846,712,722,418,304
C5129,34,000,State - PUDUCHERRY,Rural,Illiterate,4402,1928,2474,626,243,383,892,298,594,278,124,154,1092,513,579,408,225,183,112,42,70,539,245,294,455,238,217
C5129,34,000,State - PUDUCHERRY,Rural,Literate,6179,3952,2227,723,429,294,1337,800,537,333,215,118,2116,1493,623,241,138,103,143,96,47,1019,601,418,267,180,87
C5129,34,000,State - PUDUCHERRY,Rural,Literate but below primary,713,440,273,98,51,47,156,86,70,45,33,12,197,140,57,51,28,23,18,13,5,114,66,48,34,23,11
C5129,34,000,State - PUDUCHERRY,Rural,Primary but below middle,1672,1041,631,205,116,89,380,215,165,103,60,43,523,374,149,78,41,37,35,24,11,258,158,100,90,53,37
C5129,34,000,State - PUDUCHERRY,Rural,Middle but below matric/secondary,1267,800,467,156,99,57,291,165,126,61,39,22,442,305,137,40,26,14,31,18,13,181,100,81,65,48,17
C5129,34,000,State - PUDUCHERRY,Rural,Matric/Secondary but below graduate,1829,1243,586,184,125,59,385,259,126,98,67,31,684,492,192,44,28,16,49,34,15,332,201,131,53,37,16
C5129,34,000,State - PUDUCHERRY,Rural,Graduate and above,388,256,132,40,22,18,70,48,22,11,7,4,186,128,58,5,3,2,5,4,1,65,38,27,6,6,0
C5129,34,000,State - PUDUCHERRY,Urban,Total ,19608,10493,9115,2259,1169,1090,3923,1861,2062,1213,619,594,5846,3458,2388,1686,922,764,598,312,286,2579,1349,1230,1504,803,701
C5129,34,000,State - PUDUCHERRY,Urban,Illiterate,6741,2861,3880,776,280,496,1112,327,785,445,208,237,1519,644,875,1155,626,529,249,110,139,626,265,361,859,401,458
C5129,34,000,State - PUDUCHERRY,Urban,Literate,12867,7632,5235,1483,889,594,2811,1534,1277,768,411,357,4327,2814,1513,531,296,235,349,202,147,1953,1084,869,645,402,243
C5129,34,000,State - PUDUCHERRY,Urban,Literate but below primary,1310,704,606,162,79,83,299,141,158,93,53,40,379,235,144,101,57,44,33,15,18,156,74,82,87,50,37
C5129,34,000,State - PUDUCHERRY,Urban,Primary but below middle,3102,1714,1388,386,216,170,707,336,371,179,88,91,969,599,370,154,95,59,92,51,41,444,227,217,171,102,69
C5129,34,000,State - PUDUCHERRY,Urban,Middle but below matric/secondary,2339,1393,946,267,159,108,522,291,231,129,65,64,789,514,275,73,33,40,70,45,25,352,196,156,137,90,47
C5129,34,000,State - PUDUCHERRY,Urban,Matric/Secondary but below graduate,3975,2510,1465,447,301,146,865,520,345,231,133,98,1450,973,477,86,48,38,112,68,44,630,366,264,154,101,53
C5129,34,000,State - PUDUCHERRY,Urban,Graduate and above,1520,966,554,168,106,62,298,191,107,88,41,47,600,405,195,14,5,9,21,12,9,288,177,111,43,29,14
C5129,35,000,State - ANDAMAN & NICOBAR ISLANDS,Total,Total ,6660,3861,2799,1084,598,486,1219,664,555,531,316,215,1593,1043,550,294,160,134,364,163,201,838,490,348,737,427,310
C5129,35,000,State - ANDAMAN & NICOBAR ISLANDS,Total,Illiterate,2301,1132,1169,376,159,217,388,176,212,142,79,63,502,263,239,128,65,63,146,56,90,225,125,100,394,209,185
C5129,35,000,State - ANDAMAN & NICOBAR ISLANDS,Total,Literate,4359,2729,1630,708,439,269,831,488,343,389,237,152,1091,780,311,166,95,71,218,107,111,613,365,248,343,218,125
C5129,35,000,State - ANDAMAN & NICOBAR ISLANDS,Total,Literate but below primary,771,468,303,149,90,59,153,87,66,73,46,27,172,122,50,33,21,12,34,13,21,74,39,35,83,50,33
C5129,35,000,State - ANDAMAN & NICOBAR ISLANDS,Total,Primary but below middle,1157,731,426,210,131,79,209,125,84,100,59,41,273,195,78,62,36,26,67,35,32,137,86,51,99,64,35
C5129,35,000,State - ANDAMAN & NICOBAR ISLANDS,Total,Middle but below matric/secondary,1064,680,384,171,103,68,176,104,72,103,69,34,279,203,76,34,19,15,68,33,35,150,91,59,83,58,25
C5129,35,000,State - ANDAMAN & NICOBAR ISLANDS,Total,Matric/Secondary but below graduate,959,588,371,131,84,47,192,111,81,81,47,34,259,182,77,22,11,11,31,16,15,191,105,86,52,32,20
C5129,35,000,State - ANDAMAN & NICOBAR ISLANDS,Total,Graduate and above,221,146,75,25,18,7,54,33,21,25,10,15,63,45,18,2,2,0,3,2,1,42,32,10,7,4,3
C5129,35,000,State - ANDAMAN & NICOBAR ISLANDS,Rural,Total ,4880,2834,2046,919,511,408,834,464,370,362,216,146,1195,776,419,189,107,82,264,107,157,545,324,221,572,329,243
C5129,35,000,State - ANDAMAN & NICOBAR ISLANDS,Rural,Illiterate,1836,895,941,340,146,194,312,148,164,103,56,47,415,215,200,88,45,43,111,40,71,160,88,72,307,157,150
C5129,35,000,State - ANDAMAN & NICOBAR ISLANDS,Rural,Literate,3044,1939,1105,579,365,214,522,316,206,259,160,99,780,561,219,101,62,39,153,67,86,385,236,149,265,172,93
C5129,35,000,State - ANDAMAN & NICOBAR ISLANDS,Rural,Literate but below primary,614,379,235,134,82,52,119,70,49,48,31,17,144,103,41,22,15,7,28,8,20,56,31,25,63,39,24
C5129,35,000,State - ANDAMAN & NICOBAR ISLANDS,Rural,Primary but below middle,857,549,308,180,114,66,143,89,54,71,40,31,204,146,58,37,22,15,47,22,25,92,61,31,83,55,28
C5129,35,000,State - ANDAMAN & NICOBAR ISLANDS,Rural,Middle but below matric/secondary,771,502,269,135,80,55,115,66,49,78,55,23,210,157,53,19,12,7,50,23,27,99,62,37,65,47,18
C5129,35,000,State - ANDAMAN & NICOBAR ISLANDS,Rural,Matric/Secondary but below graduate,567,354,213,100,67,33,91,56,35,49,25,24,153,107,46,15,10,5,17,9,8,104,56,48,38,24,14
C5129,35,000,State - ANDAMAN & NICOBAR ISLANDS,Rural,Graduate and above,107,75,32,12,10,2,23,14,9,9,5,4,35,24,11,1,1,0,1,1,0,22,19,3,4,1,3
C5129,35,000,State - ANDAMAN & NICOBAR ISLANDS,Urban,Total ,1780,1027,753,165,87,78,385,200,185,169,100,69,398,267,131,105,53,52,100,56,44,293,166,127,165,98,67
C5129,35,000,State - ANDAMAN & NICOBAR ISLANDS,Urban,Illiterate,465,237,228,36,13,23,76,28,48,39,23,16,87,48,39,40,20,20,35,16,19,65,37,28,87,52,35
C5129,35,000,State - ANDAMAN & NICOBAR ISLANDS,Urban,Literate,1315,790,525,129,74,55,309,172,137,130,77,53,311,219,92,65,33,32,65,40,25,228,129,99,78,46,32
C5129,35,000,State - ANDAMAN & NICOBAR ISLANDS,Urban,Literate but below primary,157,89,68,15,8,7,34,17,17,25,15,10,28,19,9,11,6,5,6,5,1,18,8,10,20,11,9
C5129,35,000,State - ANDAMAN & NICOBAR ISLANDS,Urban,Primary but below middle,300,182,118,30,17,13,66,36,30,29,19,10,69,49,20,25,14,11,20,13,7,45,25,20,16,9,7
C5129,35,000,State - ANDAMAN & NICOBAR ISLANDS,Urban,Middle but below matric/secondary,293,178,115,36,23,13,61,38,23,25,14,11,69,46,23,15,7,8,18,10,8,51,29,22,18,11,7
C5129,35,000,State - ANDAMAN & NICOBAR ISLANDS,Urban,Matric/Secondary but below graduate,392,234,158,31,17,14,101,55,46,32,22,10,106,75,31,7,1,6,14,7,7,87,49,38,14,8,6
C5129,35,000,State - ANDAMAN & NICOBAR ISLANDS,Urban,Graduate and above,114,71,43,13,8,5,31,19,12,16,5,11,28,21,7,1,1,0,2,1,1,20,13,7,3,3,0
