Table,State,Town,Area,Total_Rural_Urban,Educational level,Total_Persons,Male_Persons,Female_Persons,Total_Main_worker,Male_Main_worker,Female_Main_worker,Total_Marg_worker,Male_Marg_worker,Female_Marg_worker,Total_marg_worker_avlbl_for_work,Male_marg_worker_avlbl_for_work,Female_marg_worker_avlbl_for_work,Total_Non_worker,Male_Non_worker,Female_Non_worker,Total_Non_worker_avlbl_for_work,Male_Non_worker_avlbl_for_work,Female_Non_worker_avlbl_for_work
B0103,01,800013,Srinagar (M Corp.+OG),Urban,Total,1206419,631830,574589,317254,277267,39987,73814,41915,31899,41767,24441,17326,815351,312648,502703,163909,63151,100758
B0103,01,800013,Srinagar (M Corp.+OG),Urban,Illiterate,478675,215099,263576,88424,78747,9677,29394,15799,13595,14205,8472,5733,360857,120553,240304,32457,7421,25036
B0103,01,800013,Srinagar (M Corp.+OG),Urban,Literate,727744,416731,311013,228830,198520,30310,44420,26116,18304,27562,15969,11593,454494,192095,262399,131452,55730,75722
B0103,01,800013,Srinagar (M Corp.+OG),Urban,Literate but below matric/secondary,296727,164328,132399,57910,53688,4222,16684,10195,6489,8957,5687,3270,222133,100445,121688,31904,13694,18210
B0103,01,800013,Srinagar (M Corp.+OG),Urban,Matric/secondary but below graduate,237379,142307,95072,85060,78437,6623,14621,8684,5937,9863,5678,4185,137698,55186,82512,53976,23527,30449
B0103,01,800013,Srinagar (M Corp.+OG),Urban,Technical diploma or certificate not equal to degree,21744,12699,9045,7541,6494,1047,1565,920,645,1080,623,457,12638,5285,7353,5703,2698,3005
B0103,01,800013,Srinagar (M Corp.+OG),Urban,Graduate and above other than technical degree,108020,60547,47473,49760,38115,11645,6714,3466,3248,4699,2262,2437,51546,18966,32580,28216,11041,17175
B0103,01,800013,Srinagar (M Corp.+OG),Urban,Technical degree or diploma equal to degree or post-graduate degree,27763,15278,12485,14251,9350,4901,1623,804,819,1166,560,606,11889,5124,6765,6629,2762,3867
B0103,01,800033,Anantnag (M Cl+OG),Urban,Total,150592,77712,72880,29562,26007,3555,14428,6465,7963,6988,3907,3081,106602,45240,61362,18714,7564,11150
B0103,01,800033,Anantnag (M Cl+OG),Urban,Illiterate,58108,25767,32341,6217,5651,566,6165,2176,3989,2321,1170,1151,45726,17940,27786,3221,838,2383
B0103,01,800033,Anantnag (M Cl+OG),Urban,Literate,92484,51945,40539,23345,20356,2989,8263,4289,3974,4667,2737,1930,60876,27300,33576,15493,6726,8767
B0103,01,800033,Anantnag (M Cl+OG),Urban,Literate but below matric/secondary,48080,26209,21871,7577,7065,512,4089,2094,1995,2069,1237,832,36414,17050,19364,5131,2162,2969
B0103,01,800033,Anantnag (M Cl+OG),Urban,Matric/secondary but below graduate,28910,16765,12145,8949,8129,820,2806,1499,1307,1698,1018,680,17155,7137,10018,6664,2986,3678
B0103,01,800033,Anantnag (M Cl+OG),Urban,Technical diploma or certificate not equal to degree,534,334,200,237,203,34,33,17,16,15,11,4,264,114,150,57,24,33
B0103,01,800033,Anantnag (M Cl+OG),Urban,Graduate and above other than technical degree,9927,5837,4090,4466,3470,996,807,410,397,575,298,277,4654,1957,2697,2600,1119,1481
B0103,01,800033,Anantnag (M Cl+OG),Urban,Technical degree or diploma equal to degree or post-graduate degree,2739,1454,1285,1473,916,557,155,63,92,130,52,78,1111,475,636,703,287,416
B0103,01,800071,Jammu (M Corp.+OG),Urban,Total,576198,303689,272509,176167,144067,32100,23264,14008,9256,11140,6820,4320,376767,145614,231153,55165,22151,33014
B0103,01,800071,Jammu (M Corp.+OG),Urban,Illiterate,111468,49977,61491,13781,10273,3508,4953,2966,1987,2211,1453,758,92734,36738,55996,3235,927,2308
B0103,01,800071,Jammu (M Corp.+OG),Urban,Literate,464730,253712,211018,162386,133794,28592,18311,11042,7269,8929,5367,3562,284033,108876,175157,51930,21224,30706
B0103,01,800071,Jammu (M Corp.+OG),Urban,Literate but below matric/secondary,156285,83818,72467,31982,28851,3131,6510,4483,2027,2790,2051,739,117793,50484,67309,9993,4373,5620
B0103,01,800071,Jammu (M Corp.+OG),Urban,Matric/secondary but below graduate,169325,94022,75303,60871,54481,6390,6351,3854,2497,3333,1994,1339,102103,35687,66416,22362,9675,12687
B0103,01,800071,Jammu (M Corp.+OG),Urban,Technical diploma or certificate not equal to degree,5939,4472,1467,3085,2681,404,233,163,70,132,90,42,2621,1628,993,935,546,389
B0103,01,800071,Jammu (M Corp.+OG),Urban,Graduate and above other than technical degree,88616,46540,42076,44824,32546,12278,3171,1489,1682,1576,691,885,40621,12505,28116,11951,3759,8192
B0103,01,800071,Jammu (M Corp.+OG),Urban,Technical degree or diploma equal to degree or post-graduate degree,32948,19047,13901,17266,11723,5543,1257,659,598,743,369,374,14425,6665,7760,5690,2532,3158
B0103,02,800137,Shimla (M Corp.),Urban,Total,169578,93152,76426,62899,49631,13268,8100,3861,4239,3238,1809,1429,98579,39660,58919,15665,6545,9120
B0103,02,800137,Shimla (M Corp.),Urban,Illiterate,23516,11657,11859,4484,3133,1351,795,365,430,261,149,112,18237,8159,10078,512,115,397
B0103,02,800137,Shimla (M Corp.),Urban,Literate,146062,81495,64567,58415,46498,11917,7305,3496,3809,2977,1660,1317,80342,31501,48841,15153,6430,8723
B0103,02,800137,Shimla (M Corp.),Urban,Literate but below matric/secondary,45697,25664,20033,12175,10389,1786,2120,1065,1055,568,368,200,31402,14210,17192,2025,843,1182
B0103,02,800137,Shimla (M Corp.),Urban,Matric/secondary but below graduate,52751,29597,23154,20461,17464,2997,2969,1390,1579,1287,730,557,29321,10743,18578,6727,3037,3690
B0103,02,800137,Shimla (M Corp.),Urban,Technical diploma or certificate not equal to degree,2076,1381,695,1167,823,344,89,63,26,49,35,14,820,495,325,290,178,112
B0103,02,800137,Shimla (M Corp.),Urban,Graduate and above other than technical degree,37539,20460,17079,20516,14932,5584,1704,780,924,854,410,444,15319,4748,10571,5045,1890,3155
B0103,02,800137,Shimla (M Corp.),Urban,Technical degree or diploma equal to degree or post-graduate degree,5814,3362,2452,3185,2232,953,247,131,116,145,77,68,2382,999,1383,886,416,470
B0103,03,800144,Pathankot (M Cl+OG),Urban,Total,156306,82045,74261,44097,37577,6520,7020,4999,2021,3318,2501,817,105189,39469,65720,13750,5703,8047
B0103,03,800144,Pathankot (M Cl+OG),Urban,Illiterate,32066,14938,17128,4266,3479,787,1222,803,419,456,336,120,26578,10656,15922,1245,344,901
B0103,03,800144,Pathankot (M Cl+OG),Urban,Literate,124240,67107,57133,39831,34098,5733,5798,4196,1602,2862,2165,697,78611,28813,49798,12505,5359,7146
B0103,03,800144,Pathankot (M Cl+OG),Urban,Literate but below matric/secondary,46499,25491,21008,10001,9035,966,2324,1849,475,1070,926,144,34174,14607,19567,2731,1325,1406
B0103,03,800144,Pathankot (M Cl+OG),Urban,Matric/secondary but below graduate,47537,26264,21273,16486,15018,1468,2260,1672,588,1142,868,274,28791,9574,19217,5762,2610,3152
B0103,03,800144,Pathankot (M Cl+OG),Urban,Technical diploma or certificate not equal to degree,2310,1486,824,973,767,206,88,60,28,64,46,18,1249,659,590,350,229,121
B0103,03,800144,Pathankot (M Cl+OG),Urban,Graduate and above other than technical degree,18255,9171,9084,8535,6650,1885,682,358,324,332,180,152,9038,2163,6875,2283,665,1618
B0103,03,800144,Pathankot (M Cl+OG),Urban,Technical degree or diploma equal to degree or post-graduate degree,5783,2803,2980,2623,1627,996,207,102,105,138,70,68,2953,1074,1879,1035,397,638
B0103,03,800149,Batala (M Cl+OG),Urban,Total,158621,83655,74966,45647,38977,6670,7378,4841,2537,3378,2242,1136,105596,39837,65759,12547,5611,6936
B0103,03,800149,Batala (M Cl+OG),Urban,Illiterate,37686,17808,19878,6493,5324,1169,1463,909,554,586,372,214,29730,11575,18155,1524,499,1025
B0103,03,800149,Batala (M Cl+OG),Urban,Literate,120935,65847,55088,39154,33653,5501,5915,3932,1983,2792,1870,922,75866,28262,47604,11023,5112,5911
B0103,03,800149,Batala (M Cl+OG),Urban,Literate but below matric/secondary,51459,28510,22949,11688,10602,1086,2378,1628,750,1101,778,323,37393,16280,21113,3231,1636,1595
B0103,03,800149,Batala (M Cl+OG),Urban,Matric/secondary but below graduate,47346,26135,21211,17402,15639,1763,2494,1740,754,1194,831,363,27450,8756,18694,5322,2535,2787
B0103,03,800149,Batala (M Cl+OG),Urban,Technical diploma or certificate not equal to degree,2258,1261,997,896,624,272,147,83,64,71,45,26,1215,554,661,340,187,153
B0103,03,800149,Batala (M Cl+OG),Urban,Graduate and above other than technical degree,12938,6467,6471,6236,4757,1479,513,275,238,236,117,119,6189,1435,4754,1332,397,935
B0103,03,800149,Batala (M Cl+OG),Urban,Technical degree or diploma equal to degree or post-graduate degree,3498,1653,1845,1680,964,716,188,88,100,96,41,55,1630,601,1029,483,212,271
B0103,03,800166,Jalandhar (M Corp.+OG),Urban,Total,868929,460811,408118,289247,240320,48927,30678,18865,11813,10578,6903,3675,549004,201626,347378,39812,16984,22828
B0103,03,800166,Jalandhar (M Corp.+OG),Urban,Illiterate,197552,94418,103134,39735,30738,8997,5097,2757,2340,1713,1027,686,152720,60923,91797,4044,1257,2787
B0103,03,800166,Jalandhar (M Corp.+OG),Urban,Literate,671377,366393,304984,249512,209582,39930,25581,16108,9473,8865,5876,2989,396284,140703,255581,35768,15727,20041
B0103,03,800166,Jalandhar (M Corp.+OG),Urban,Literate but below matric/secondary,269006,150923,118083,74521,65749,8772,9875,6491,3384,3346,2399,947,184610,78683,105927,9960,4847,5113
B0103,03,800166,Jalandhar (M Corp.+OG),Urban,Matric/secondary but below graduate,241111,134011,107100,96961,86016,10945,9305,6082,3223,3456,2334,1122,134845,41913,92932,16080,7376,8704
B0103,03,800166,Jalandhar (M Corp.+OG),Urban,Technical diploma or certificate not equal to degree,8903,5325,3578,4012,3029,983,353,230,123,139,97,42,4538,2066,2472,761,404,357
B0103,03,800166,Jalandhar (M Corp.+OG),Urban,Graduate and above other than technical degree,106518,52697,53821,53103,40147,12956,3813,2053,1760,1241,647,594,49602,10497,39105,5982,1784,4198
B0103,03,800166,Jalandhar (M Corp.+OG),Urban,Technical degree or diploma equal to degree or post-graduate degree,22406,10960,11446,11213,6654,4559,914,441,473,329,160,169,10279,3865,6414,1953,870,1083
B0103,03,800176,Hoshiarpur (M Cl),Urban,Total,168653,88304,80349,52477,42768,9709,8405,5403,3002,3540,2195,1345,107771,40133,67638,9587,3931,5656
B0103,03,800176,Hoshiarpur (M Cl),Urban,Illiterate,35286,16753,18533,5987,4460,1527,1478,875,603,531,315,216,27821,11418,16403,780,232,548
B0103,03,800176,Hoshiarpur (M Cl),Urban,Literate,133367,71551,61816,46490,38308,8182,6927,4528,2399,3009,1880,1129,79950,28715,51235,8807,3699,5108
B0103,03,800176,Hoshiarpur (M Cl),Urban,Literate but below matric/secondary,51296,27989,23307,12466,10963,1503,2784,2005,779,1083,783,300,36046,15021,21025,2198,981,1217
B0103,03,800176,Hoshiarpur (M Cl),Urban,Matric/secondary but below graduate,48170,26147,22023,17995,15779,2216,2548,1688,860,1178,739,439,27627,8680,18947,3811,1684,2127
B0103,03,800176,Hoshiarpur (M Cl),Urban,Technical diploma or certificate not equal to degree,3909,2607,1302,1687,1340,347,196,129,67,113,74,39,2026,1138,888,370,254,116
B0103,03,800176,Hoshiarpur (M Cl),Urban,Graduate and above other than technical degree,20770,10120,10650,10076,7368,2708,886,427,459,406,162,244,9808,2325,7483,1669,452,1217
B0103,03,800176,Hoshiarpur (M Cl),Urban,Technical degree or diploma equal to degree or post-graduate degree,5859,2949,2910,3025,1831,1194,253,119,134,133,63,70,2581,999,1582,602,269,333
B0103,03,800191,Khanna (M Cl),Urban,Total,128137,67801,60336,41734,35153,6581,3397,2142,1255,1290,844,446,83006,30506,52500,6754,2942,3812
B0103,03,800191,Khanna (M Cl),Urban,Illiterate,32752,15638,17114,6824,5247,1577,680,409,271,265,174,91,25248,9982,15266,789,257,532
B0103,03,800191,Khanna (M Cl),Urban,Literate,95385,52163,43222,34910,29906,5004,2717,1733,984,1025,670,355,57758,20524,37234,5965,2685,3280
B0103,03,800191,Khanna (M Cl),Urban,Literate but below matric/secondary,40478,22409,18069,10810,9733,1077,1061,746,315,423,311,112,28607,11930,16677,1789,903,886
B0103,03,800191,Khanna (M Cl),Urban,Matric/secondary but below graduate,34281,19400,14881,13951,12675,1276,1009,649,360,361,243,118,19321,6076,13245,2526,1237,1289
B0103,03,800191,Khanna (M Cl),Urban,Technical diploma or certificate not equal to degree,1435,810,625,604,435,169,48,25,23,24,13,11,783,350,433,134,83,51
B0103,03,800191,Khanna (M Cl),Urban,Graduate and above other than technical degree,13703,6848,6855,7017,5366,1651,393,191,202,135,55,80,6293,1291,5002,1053,276,777
B0103,03,800191,Khanna (M Cl),Urban,Technical degree or diploma equal to degree or post-graduate degree,3064,1431,1633,1561,902,659,100,41,59,45,21,24,1403,488,915,363,137,226
B0103,03,800196,Ludhiana (M Corp.),Urban,Total,1618879,874908,743971,538528,469383,69145,53172,31667,21505,17725,11106,6619,1027179,373858,653321,60007,27337,32670
B0103,03,800196,Ludhiana (M Corp.),Urban,Illiterate,388334,185201,203133,71524,57455,14069,10136,4882,5254,3364,1701,1663,306674,122864,183810,7309,2302,5007
B0103,03,800196,Ludhiana (M Corp.),Urban,Literate,1230545,689707,540838,467004,411928,55076,43036,26785,16251,14361,9405,4956,720505,250994,469511,52698,25035,27663
B0103,03,800196,Ludhiana (M Corp.),Urban,Literate but below matric/secondary,511227,289979,221248,142955,130450,12505,18013,11325,6688,5811,3966,1845,350259,148204,202055,15671,7852,7819
B0103,03,800196,Ludhiana (M Corp.),Urban,Matric/secondary but below graduate,455262,265010,190252,199080,182383,16697,16048,10415,5633,5557,3743,1814,240134,72212,167922,24181,12357,11824
B0103,03,800196,Ludhiana (M Corp.),Urban,Technical diploma or certificate not equal to degree,12698,8602,4096,5969,4908,1061,480,340,140,169,113,56,6249,3354,2895,883,647,236
B0103,03,800196,Ludhiana (M Corp.),Urban,Graduate and above other than technical degree,180776,89270,91506,87680,70810,16870,5254,2754,2500,1582,827,755,87842,15706,72136,8212,2513,5699
B0103,03,800196,Ludhiana (M Corp.),Urban,Technical degree or diploma equal to degree or post-graduate degree,30491,14834,15657,15032,9441,5591,1006,481,525,383,184,199,14453,4912,9541,2000,951,1049
B0103,03,800202,Moga (M Cl+OG),Urban,Total,163397,86604,76793,54363,44718,9645,7976,4370,3606,3919,2248,1671,101058,37516,63542,11029,4198,6831
B0103,03,800202,Moga (M Cl+OG),Urban,Illiterate,46475,22305,24170,10817,8267,2550,2269,1149,1120,1058,604,454,33389,12889,20500,1871,453,1418
B0103,03,800202,Moga (M Cl+OG),Urban,Literate,116922,64299,52623,43546,36451,7095,5707,3221,2486,2861,1644,1217,67669,24627,43042,9158,3745,5413
B0103,03,800202,Moga (M Cl+OG),Urban,Literate but below matric/secondary,52524,29684,22840,15075,13419,1656,2574,1550,1024,1355,854,501,34875,14715,20160,3052,1288,1764
B0103,03,800202,Moga (M Cl+OG),Urban,Matric/secondary but below graduate,40094,22664,17430,16903,15029,1874,1965,1122,843,983,575,408,21226,6513,14713,3933,1656,2277
B0103,03,800202,Moga (M Cl+OG),Urban,Technical diploma or certificate not equal to degree,2367,1342,1025,944,628,316,101,63,38,48,28,20,1322,651,671,287,185,102
B0103,03,800202,Moga (M Cl+OG),Urban,Graduate and above other than technical degree,13322,6247,7075,6662,4700,1962,570,243,327,239,80,159,6090,1304,4786,1125,299,826
B0103,03,800202,Moga (M Cl+OG),Urban,Technical degree or diploma equal to degree or post-graduate degree,4440,2109,2331,2268,1276,992,212,95,117,106,44,62,1960,738,1222,467,200,267
B0103,03,800207,Firozpur (M Cl),Urban,Total,110313,58451,51862,34045,28488,5557,3288,2246,1042,1990,1504,486,72980,27717,45263,7121,3534,3587
B0103,03,800207,Firozpur (M Cl),Urban,Illiterate,32273,15610,16663,6668,5480,1188,1302,891,411,832,647,185,24303,9239,15064,1220,474,746
B0103,03,800207,Firozpur (M Cl),Urban,Literate,78040,42841,35199,27377,23008,4369,1986,1355,631,1158,857,301,48677,18478,30199,5901,3060,2841
B0103,03,800207,Firozpur (M Cl),Urban,Literate but below matric/secondary,30819,17099,13720,7246,6696,550,844,659,185,499,430,69,22729,9744,12985,1286,713,573
B0103,03,800207,Firozpur (M Cl),Urban,Matric/secondary but below graduate,28633,16317,12316,10960,9927,1033,675,471,204,385,291,94,16998,5919,11079,2669,1477,1192
B0103,03,800207,Firozpur (M Cl),Urban,Technical diploma or certificate not equal to degree,1780,1104,676,679,514,165,55,32,23,38,26,12,1046,558,488,266,191,75
B0103,03,800207,Firozpur (M Cl),Urban,Graduate and above other than technical degree,11571,5916,5655,6198,4475,1723,259,117,142,144,62,82,5114,1324,3790,1106,392,714
B0103,03,800207,Firozpur (M Cl),Urban,Technical degree or diploma equal to degree or post-graduate degree,3368,1539,1829,1665,877,788,99,43,56,67,33,34,1604,619,985,460,223,237
B0103,03,800214,Abohar (M Cl),Urban,Total,145302,76984,68318,46512,40176,6336,2566,1599,967,1299,928,371,96224,35209,61015,5658,2440,3218
B0103,03,800214,Abohar (M Cl),Urban,Illiterate,43659,19709,23950,9387,7313,2074,1000,531,469,481,324,157,33272,11865,21407,924,279,645
B0103,03,800214,Abohar (M Cl),Urban,Literate,101643,57275,44368,37125,32863,4262,1566,1068,498,818,604,214,62952,23344,39608,4734,2161,2573
B0103,03,800214,Abohar (M Cl),Urban,Literate but below matric/secondary,48687,27209,21478,13328,12295,1033,846,621,225,440,361,79,34513,14293,20220,1375,666,709
B0103,03,800214,Abohar (M Cl),Urban,Matric/secondary but below graduate,33435,19703,13732,13912,13012,900,436,301,135,218,157,61,19087,6390,12697,1766,887,879
B0103,03,800214,Abohar (M Cl),Urban,Technical diploma or certificate not equal to degree,1303,725,578,523,369,154,19,13,6,11,7,4,761,343,418,166,80,86
B0103,03,800214,Abohar (M Cl),Urban,Graduate and above other than technical degree,12819,6840,5979,6841,5440,1401,142,63,79,87,41,46,5836,1337,4499,950,324,626
B0103,03,800214,Abohar (M Cl),Urban,Technical degree or diploma equal to degree or post-graduate degree,3468,1772,1696,1747,1091,656,50,15,35,26,9,17,1671,666,1005,405,172,233
B0103,03,800217,Muktsar (M Cl),Urban,Total,116747,61725,55022,36084,31081,5003,4213,2707,1506,2253,1593,660,76450,27937,48513,5940,2220,3720
B0103,03,800217,Muktsar (M Cl),Urban,Illiterate,38141,17636,20505,7831,6454,1377,1766,989,777,938,616,322,28544,10193,18351,1042,235,807
B0103,03,800217,Muktsar (M Cl),Urban,Literate,78606,44089,34517,28253,24627,3626,2447,1718,729,1315,977,338,47906,17744,30162,4898,1985,2913
B0103,03,800217,Muktsar (M Cl),Urban,Literate but below matric/secondary,37414,21292,16122,10086,9337,749,1303,989,314,677,553,124,26025,10966,15059,1229,514,715
B0103,03,800217,Muktsar (M Cl),Urban,Matric/secondary but below graduate,26466,15239,11227,10900,10057,843,732,506,226,408,299,109,14834,4676,10158,1965,872,1093
B0103,03,800217,Muktsar (M Cl),Urban,Technical diploma or certificate not equal to degree,1296,720,576,535,362,173,36,23,13,24,16,8,725,335,390,146,85,61
B0103,03,800217,Muktsar (M Cl),Urban,Graduate and above other than technical degree,8709,4386,4323,4570,3366,1204,178,87,91,93,38,55,3961,933,3028,951,264,687
B0103,03,800217,Muktsar (M Cl),Urban,Technical degree or diploma equal to degree or post-graduate degree,3076,1545,1531,1492,907,585,83,33,50,47,21,26,1501,605,896,486,213,273
B0103,03,800226,Bathinda (M Corp.),Urban,Total,285788,151524,134264,90673,75127,15546,10903,6372,4531,4779,3173,1606,184212,70025,114187,18300,7613,10687
B0103,03,800226,Bathinda (M Corp.),Urban,Illiterate,78591,35234,43357,15589,11666,3923,2871,1420,1451,1357,831,526,60131,22148,37983,2462,592,1870
B0103,03,800226,Bathinda (M Corp.),Urban,Literate,207197,116290,90907,75084,63461,11623,8032,4952,3080,3422,2342,1080,124081,47877,76204,15838,7021,8817
B0103,03,800226,Bathinda (M Corp.),Urban,Literate but below matric/secondary,81700,45784,35916,20241,18362,1879,3031,2005,1026,1314,1003,311,58428,25417,33011,3921,1789,2132
B0103,03,800226,Bathinda (M Corp.),Urban,Matric/secondary but below graduate,69304,40300,29004,27360,24809,2551,2665,1724,941,1210,862,348,39279,13767,25512,6377,3020,3357
B0103,03,800226,Bathinda (M Corp.),Urban,Technical diploma or certificate not equal to degree,5244,3738,1506,2399,1956,443,184,132,52,84,64,20,2661,1650,1011,615,433,182
B0103,03,800226,Bathinda (M Corp.),Urban,Graduate and above other than technical degree,32430,16864,15566,16797,12645,4152,1244,589,655,455,210,245,14389,3630,10759,2963,891,2072
B0103,03,800226,Bathinda (M Corp.),Urban,Technical degree or diploma equal to degree or post-graduate degree,10998,5607,5391,5347,3301,2046,431,212,219,200,93,107,5220,2094,3126,1518,692,826
B0103,03,800242,Patiala (M Corp.+OG),Urban,Total,446246,236198,210048,146213,117889,28324,16378,10107,6271,6314,3965,2349,283655,108202,175453,27817,11793,16024
B0103,03,800242,Patiala (M Corp.+OG),Urban,Illiterate,100254,46962,53292,19663,14791,4872,3052,1831,1221,1040,645,395,77539,30340,47199,2635,735,1900
B0103,03,800242,Patiala (M Corp.+OG),Urban,Literate,345992,189236,156756,126550,103098,23452,13326,8276,5050,5274,3320,1954,206116,77862,128254,25182,11058,14124
B0103,03,800242,Patiala (M Corp.+OG),Urban,Literate but below matric/secondary,121551,66649,54902,29456,25904,3552,4652,3116,1536,1736,1263,473,87443,37629,49814,5098,2383,2715
B0103,03,800242,Patiala (M Corp.+OG),Urban,Matric/secondary but below graduate,118348,67705,50643,46340,41311,5029,4767,3069,1698,2026,1312,714,67241,23325,43916,9575,4517,5058
B0103,03,800242,Patiala (M Corp.+OG),Urban,Technical diploma or certificate not equal to degree,8294,5857,2437,4030,3423,607,265,183,82,115,83,32,3999,2251,1748,715,484,231
B0103,03,800242,Patiala (M Corp.+OG),Urban,Graduate and above other than technical degree,67077,33415,33662,33182,23558,9624,2355,1225,1130,903,398,505,31540,8632,22908,6365,2062,4303
B0103,03,800242,Patiala (M Corp.+OG),Urban,Technical degree or diploma equal to degree or post-graduate degree,19620,9974,9646,9036,5373,3663,743,353,390,314,150,164,9841,4248,5593,2756,1328,1428
B0103,03,800252,Amritsar (M Corp.+OG),Urban,Total,1159227,615417,543810,378106,317981,60125,50258,29718,20540,19744,12434,7310,730863,267718,463145,67033,29215,37818
B0103,03,800252,Amritsar (M Corp.+OG),Urban,Illiterate,287922,139636,148286,62986,48796,14190,10757,5890,4867,4124,2471,1653,214179,84950,129229,9079,2836,6243
B0103,03,800252,Amritsar (M Corp.+OG),Urban,Literate,871305,475781,395524,315120,269185,45935,39501,23828,15673,15620,9963,5657,516684,182768,333916,57954,26379,31575
B0103,03,800252,Amritsar (M Corp.+OG),Urban,Literate but below matric/secondary,348202,192454,155748,89828,79538,10290,15639,9724,5915,5455,3741,1714,242735,103192,139543,16320,7927,8393
B0103,03,800252,Amritsar (M Corp.+OG),Urban,Matric/secondary but below graduate,341450,191639,149811,140463,126034,14429,15636,9662,5974,6678,4354,2324,185351,55943,129408,27821,13156,14665
B0103,03,800252,Amritsar (M Corp.+OG),Urban,Technical diploma or certificate not equal to degree,12068,7103,4965,5051,3736,1315,601,374,227,323,200,123,6416,2993,3423,1324,812,512
B0103,03,800252,Amritsar (M Corp.+OG),Urban,Graduate and above other than technical degree,115658,56841,58817,56560,43399,13161,4498,2229,2269,1886,888,998,54600,11213,43387,7984,2415,5569
B0103,03,800252,Amritsar (M Corp.+OG),Urban,Technical degree or diploma equal to degree or post-graduate degree,24701,12400,12301,12266,7360,4906,1109,585,524,511,280,231,11326,4455,6871,2632,1287,1345
B0103,03,800266,S.A.S. Nagar (M Cl+OG),Urban,Total,166864,87380,79484,58429,43080,15349,4548,2467,2081,1633,834,799,103887,41833,62054,8622,3680,4942
B0103,03,800266,S.A.S. Nagar (M Cl+OG),Urban,Illiterate,27189,13065,14124,4228,2970,1258,388,185,203,163,69,94,22573,9910,12663,406,141,265
B0103,03,800266,S.A.S. Nagar (M Cl+OG),Urban,Literate,139675,74315,65360,54201,40110,14091,4160,2282,1878,1470,765,705,81314,31923,49391,8216,3539,4677
B0103,03,800266,S.A.S. Nagar (M Cl+OG),Urban,Literate but below matric/secondary,33529,17537,15992,5598,4701,897,784,434,350,268,161,107,27147,12402,14745,1087,558,529
B0103,03,800266,S.A.S. Nagar (M Cl+OG),Urban,Matric/secondary but below graduate,40260,21723,18537,14039,11804,2235,1211,721,490,508,291,217,25010,9198,15812,2907,1435,1472
B0103,03,800266,S.A.S. Nagar (M Cl+OG),Urban,Technical diploma or certificate not equal to degree,4599,2982,1617,2412,1869,543,132,89,43,44,29,15,2055,1024,1031,325,191,134
B0103,03,800266,S.A.S. Nagar (M Cl+OG),Urban,Graduate and above other than technical degree,42907,22001,20906,22476,15392,7084,1360,658,702,409,158,251,19071,5951,13120,2566,772,1794
B0103,03,800266,S.A.S. Nagar (M Cl+OG),Urban,Technical degree or diploma equal to degree or post-graduate degree,14416,8109,6307,7950,5170,2780,508,286,222,193,97,96,5958,2653,3305,1117,504,613
B0103,03,800270,Malerkotla (M Cl),Urban,Total,135424,71376,64048,41770,37858,3912,2960,1922,1038,1350,1007,343,90694,31596,59098,4569,2264,2305
B0103,03,800270,Malerkotla (M Cl),Urban,Illiterate,53487,25285,28202,13352,11999,1353,1214,742,472,551,402,149,38921,12544,26377,1140,454,686
B0103,03,800270,Malerkotla (M Cl),Urban,Literate,81937,46091,35846,28418,25859,2559,1746,1180,566,799,605,194,51773,19052,32721,3429,1810,1619
B0103,03,800270,Malerkotla (M Cl),Urban,Literate but below matric/secondary,44678,25321,19357,12253,11615,638,1028,730,298,482,376,106,31397,12976,18421,1446,807,639
B0103,03,800270,Malerkotla (M Cl),Urban,Matric/secondary but below graduate,24868,14014,10854,10138,9525,613,507,341,166,224,175,49,14223,4148,10075,1258,691,567
B0103,03,800270,Malerkotla (M Cl),Urban,Technical diploma or certificate not equal to degree,631,388,243,264,195,69,12,8,4,4,3,1,355,185,170,42,28,14
B0103,03,800270,Malerkotla (M Cl),Urban,Graduate and above other than technical degree,8051,4365,3686,4210,3404,806,109,56,53,43,25,18,3732,905,2827,485,195,290
B0103,03,800270,Malerkotla (M Cl),Urban,Technical degree or diploma equal to degree or post-graduate degree,1716,862,854,851,495,356,26,11,15,13,7,6,839,356,483,130,59,71
B0103,03,800281,Barnala (M Cl),Urban,Total,116449,62554,53895,37806,32897,4909,2963,2025,938,1443,975,468,75680,27632,48048,4908,2022,2886
B0103,03,800281,Barnala (M Cl),Urban,Illiterate,35560,17300,18260,7966,6732,1234,1029,671,358,513,337,176,26565,9897,16668,897,265,632
B0103,03,800281,Barnala (M Cl),Urban,Literate,80889,45254,35635,29840,26165,3675,1934,1354,580,930,638,292,49115,17735,31380,4011,1757,2254
B0103,03,800281,Barnala (M Cl),Urban,Literate but below matric/secondary,36268,20347,15921,9453,8782,671,1034,721,313,514,356,158,25781,10844,14937,1191,561,630
B0103,03,800281,Barnala (M Cl),Urban,Matric/secondary but below graduate,28005,16432,11573,12116,11236,880,604,445,159,291,209,82,15285,4751,10534,1576,748,828
B0103,03,800281,Barnala (M Cl),Urban,Technical diploma or certificate not equal to degree,1529,1000,529,759,596,163,28,23,5,13,11,2,742,381,361,127,76,51
B0103,03,800281,Barnala (M Cl),Urban,Graduate and above other than technical degree,9527,4726,4801,4894,3731,1163,144,93,51,60,32,28,4489,902,3587,672,190,482
B0103,03,800281,Barnala (M Cl),Urban,Technical degree or diploma equal to degree or post-graduate degree,3138,1487,1651,1601,939,662,55,27,28,24,10,14,1482,521,961,350,141,209
B0103,04,800286,Chandigarh (M Corp. +OG),Urban,Total,970602,531051,439551,352956,287786,65170,16486,10029,6457,7456,4781,2675,601160,233236,367924,45559,18564,26995
B0103,04,800286,Chandigarh (M Corp. +OG),Urban,Illiterate,223781,102917,120864,47360,34647,12713,3300,1663,1637,1203,693,510,173121,66607,106514,3959,1001,2958
B0103,04,800286,Chandigarh (M Corp. +OG),Urban,Literate,746821,428134,318687,305596,253139,52457,13186,8366,4820,6253,4088,2165,428039,166629,261410,41600,17563,24037
B0103,04,800286,Chandigarh (M Corp. +OG),Urban,Literate but below matric/secondary,301281,173588,127693,86979,78234,8745,5295,3716,1579,2423,1832,591,209007,91638,117369,9744,4691,5053
B0103,04,800286,Chandigarh (M Corp. +OG),Urban,Matric/secondary but below graduate,230641,137769,92872,98368,88891,9477,4189,2793,1396,2084,1424,660,128084,46085,81999,16270,7325,8945
B0103,04,800286,Chandigarh (M Corp. +OG),Urban,Technical diploma or certificate not equal to degree,13359,9295,4064,7023,5524,1499,250,151,99,127,78,49,6086,3620,2466,1114,782,332
B0103,04,800286,Chandigarh (M Corp. +OG),Urban,Graduate and above other than technical degree,154936,82625,72311,87777,63350,24427,2363,1103,1260,1098,467,631,64796,18172,46624,10552,3177,7375
B0103,04,800286,Chandigarh (M Corp. +OG),Urban,Technical degree or diploma equal to degree or post-graduate degree,34376,18866,15510,19989,12926,7063,679,368,311,366,193,173,13708,5572,8136,3383,1408,1975
B0103,05,800309,Dehradun (M Corp.+OG),Urban,Total,574840,301207,273633,173035,142621,30414,20968,13581,7387,10334,6988,3346,380837,145005,235832,34728,15401,19327
B0103,05,800309,Dehradun (M Corp.+OG),Urban,Illiterate,120312,54474,65838,18624,13717,4907,3777,2338,1439,1742,1222,520,97911,38419,59492,2373,657,1716
B0103,05,800309,Dehradun (M Corp.+OG),Urban,Literate,454528,246733,207795,154411,128904,25507,17191,11243,5948,8592,5766,2826,282926,106586,176340,32355,14744,17611
B0103,05,800309,Dehradun (M Corp.+OG),Urban,Literate but below matric/secondary,174615,95483,79132,39823,35592,4231,6592,4854,1738,3210,2560,650,128200,55037,73163,6808,3270,3538
B0103,05,800309,Dehradun (M Corp.+OG),Urban,Matric/secondary but below graduate,128342,72049,56293,43210,38896,4314,4991,3340,1651,2606,1765,841,80141,29813,50328,11035,5602,5433
B0103,05,800309,Dehradun (M Corp.+OG),Urban,Technical diploma or certificate not equal to degree,3501,2649,852,1757,1545,212,117,83,34,65,49,16,1627,1021,606,366,234,132
B0103,05,800309,Dehradun (M Corp.+OG),Urban,Graduate and above other than technical degree,116232,58261,57971,55008,41893,13115,4091,2056,2035,2046,966,1080,57133,14312,42821,10956,3976,6980
B0103,05,800309,Dehradun (M Corp.+OG),Urban,Technical degree or diploma equal to degree or post-graduate degree,19804,12346,7458,10162,7445,2717,679,422,257,384,237,147,8963,4479,4484,2420,1343,1077
B0103,05,800335,Haldwani-cum-Kathgodam (NPP+OG),Urban,Total,201461,105580,95881,58496,50534,7962,6509,4717,1792,3039,2413,626,136456,50329,86127,9526,4325,5201
B0103,05,800335,Haldwani-cum-Kathgodam (NPP+OG),Urban,Illiterate,54829,25932,28897,9319,7765,1554,2115,1514,601,1051,850,201,43395,16653,26742,1123,401,722
B0103,05,800335,Haldwani-cum-Kathgodam (NPP+OG),Urban,Literate,146632,79648,66984,49177,42769,6408,4394,3203,1191,1988,1563,425,93061,33676,59385,8403,3924,4479
B0103,05,800335,Haldwani-cum-Kathgodam (NPP+OG),Urban,Literate but below matric/secondary,67803,36718,31085,16387,15050,1337,2310,1831,479,1013,894,119,49106,19837,29269,2190,1165,1025
B0103,05,800335,Haldwani-cum-Kathgodam (NPP+OG),Urban,Matric/secondary but below graduate,40722,22806,17916,14321,13110,1211,1131,831,300,511,405,106,25270,8865,16405,2768,1401,1367
B0103,05,800335,Haldwani-cum-Kathgodam (NPP+OG),Urban,Technical diploma or certificate not equal to degree,872,705,167,518,459,59,19,15,4,14,10,4,335,231,104,91,62,29
B0103,05,800335,Haldwani-cum-Kathgodam (NPP+OG),Urban,Graduate and above other than technical degree,30477,15394,15083,14693,11578,3115,709,372,337,350,183,167,15075,3444,11631,2731,995,1736
B0103,05,800335,Haldwani-cum-Kathgodam (NPP+OG),Urban,Technical degree or diploma equal to degree or post-graduate degree,3852,2389,1463,2094,1544,550,80,49,31,37,20,17,1678,796,882,500,237,263
B0103,05,800339,Kashipur (NPP),Urban,Total,121623,63609,58014,32863,29415,3448,3961,2994,967,1491,1109,382,84799,31200,53599,4536,2555,1981
B0103,05,800339,Kashipur (NPP),Urban,Illiterate,33574,15267,18307,5023,4279,744,1155,807,348,347,235,112,27396,10181,17215,422,187,235
B0103,05,800339,Kashipur (NPP),Urban,Literate,88049,48342,39707,27840,25136,2704,2806,2187,619,1144,874,270,57403,21019,36384,4114,2368,1746
B0103,05,800339,Kashipur (NPP),Urban,Literate but below matric/secondary,40420,22128,18292,8905,8322,583,1446,1209,237,550,473,77,30069,12597,17472,1003,698,305
B0103,05,800339,Kashipur (NPP),Urban,Matric/secondary but below graduate,25425,14148,11277,8532,7963,569,791,611,180,340,258,82,16102,5574,10528,1403,894,509
B0103,05,800339,Kashipur (NPP),Urban,Technical diploma or certificate not equal to degree,654,547,107,347,330,17,12,9,3,8,5,3,295,208,87,67,50,17
B0103,05,800339,Kashipur (NPP),Urban,Graduate and above other than technical degree,17541,9111,8430,8246,7025,1221,424,258,166,195,98,97,8871,1828,7043,1246,499,747
B0103,05,800339,Kashipur (NPP),Urban,Technical degree or diploma equal to degree or post-graduate degree,2495,1639,856,1339,1084,255,57,45,12,23,18,5,1099,510,589,306,174,132
B0103,05,800346,Rudrapur (NPP+OG),Urban,Total,154554,81340,73214,42895,36577,6318,8838,5493,3345,4059,2689,1370,102821,39270,63551,6246,2817,3429
B0103,05,800346,Rudrapur (NPP+OG),Urban,Illiterate,57561,25401,32160,10869,8139,2730,3101,1566,1535,1460,861,599,43591,15696,27895,1517,444,1073
B0103,05,800346,Rudrapur (NPP+OG),Urban,Literate,96993,55939,41054,32026,28438,3588,5737,3927,1810,2599,1828,771,59230,23574,35656,4729,2373,2356
B0103,05,800346,Rudrapur (NPP+OG),Urban,Literate but below matric/secondary,54250,30483,23767,13106,11823,1283,2918,2026,892,1381,1036,345,38226,16634,21592,2047,1054,993
B0103,05,800346,Rudrapur (NPP+OG),Urban,Matric/secondary but below graduate,24870,15356,9514,9978,9239,739,1611,1173,438,676,463,213,13281,4944,8337,1633,853,780
B0103,05,800346,Rudrapur (NPP+OG),Urban,Technical diploma or certificate not equal to degree,347,292,55,226,212,14,12,10,2,4,4,0,109,70,39,27,18,9
B0103,05,800346,Rudrapur (NPP+OG),Urban,Graduate and above other than technical degree,12794,6904,5890,6608,5434,1174,616,355,261,244,135,109,5570,1115,4455,775,306,469
B0103,05,800346,Rudrapur (NPP+OG),Urban,Technical degree or diploma equal to degree or post-graduate degree,1884,1304,580,1206,969,237,76,54,22,26,15,11,602,281,321,119,72,47
B0103,05,800353,Roorkee (NPP),Urban,Total,118200,63434,54766,32239,27965,4274,3497,2147,1350,923,635,288,82464,33322,49142,4533,2304,2229
B0103,05,800353,Roorkee (NPP),Urban,Illiterate,23152,10467,12685,2681,2272,409,566,331,235,106,81,25,19905,7864,12041,263,94,169
B0103,05,800353,Roorkee (NPP),Urban,Literate,95048,52967,42081,29558,25693,3865,2931,1816,1115,817,554,263,62559,25458,37101,4270,2210,2060
B0103,05,800353,Roorkee (NPP),Urban,Literate but below matric/secondary,33206,17725,15481,6553,6061,492,1097,780,317,282,225,57,25556,10884,14672,665,416,249
B0103,05,800353,Roorkee (NPP),Urban,Matric/secondary but below graduate,27671,16190,11481,8228,7652,576,855,556,299,229,174,55,18588,7982,10606,1265,716,549
B0103,05,800353,Roorkee (NPP),Urban,Technical diploma or certificate not equal to degree,1508,1310,198,821,785,36,54,46,8,22,20,2,633,479,154,123,87,36
B0103,05,800353,Roorkee (NPP),Urban,Graduate and above other than technical degree,22831,11126,11705,10282,8240,2042,655,292,363,191,82,109,11894,2594,9300,1471,540,931
B0103,05,800353,Roorkee (NPP),Urban,Technical degree or diploma equal to degree or post-graduate degree,7763,5504,2259,3019,2374,645,164,83,81,68,32,36,4580,3047,1533,702,427,275
B0103,05,800359,Hardwar (NPP+OG),Urban,Total,231338,123455,107883,67609,59298,8311,8547,6248,2299,3359,2609,750,155182,57909,97273,9590,4948,4642
B0103,05,800359,Hardwar (NPP+OG),Urban,Illiterate,60855,28113,32742,9157,7361,1796,2374,1662,712,943,727,216,49324,19090,30234,1224,562,662
B0103,05,800359,Hardwar (NPP+OG),Urban,Literate,170483,95342,75141,58452,51937,6515,6173,4586,1587,2416,1882,534,105858,38819,67039,8366,4386,3980
B0103,05,800359,Hardwar (NPP+OG),Urban,Literate but below matric/secondary,75817,41963,33854,18633,17008,1625,2908,2290,618,1173,1000,173,54276,22665,31611,2448,1422,1026
B0103,05,800359,Hardwar (NPP+OG),Urban,Matric/secondary but below graduate,49230,29011,20219,19077,17620,1457,1751,1315,436,676,527,149,28402,10076,18326,2788,1556,1232
B0103,05,800359,Hardwar (NPP+OG),Urban,Technical diploma or certificate not equal to degree,1889,1695,194,1027,976,51,74,68,6,31,28,3,788,651,137,158,145,13
B0103,05,800359,Hardwar (NPP+OG),Urban,Graduate and above other than technical degree,33481,16799,16682,15217,12652,2565,1002,604,398,344,198,146,17262,3543,13719,2212,856,1356
B0103,05,800359,Hardwar (NPP+OG),Urban,Technical degree or diploma equal to degree or post-graduate degree,5354,3424,1930,2831,2244,587,181,117,64,75,46,29,2342,1063,1279,532,304,228
B0103,06,800363,Panchkula (M Cl),Urban,Total,211355,111731,99624,73570,56757,16813,6648,3676,2972,2167,1263,904,131137,51298,79839,8971,3442,5529
B0103,06,800363,Panchkula (M Cl),Urban,Illiterate,49324,22749,26575,9842,6796,3046,1534,749,785,430,244,186,37948,15204,22744,1149,249,900
B0103,06,800363,Panchkula (M Cl),Urban,Literate,162031,88982,73049,63728,49961,13767,5114,2927,2187,1737,1019,718,93189,36094,57095,7822,3193,4629
B0103,06,800363,Panchkula (M Cl),Urban,Literate but below matric/secondary,51330,28541,22789,11149,9747,1402,1604,1007,597,526,360,166,38577,17787,20790,1464,730,734
B0103,06,800363,Panchkula (M Cl),Urban,Matric/secondary but below graduate,39870,22545,17325,14555,12808,1747,1314,828,486,521,355,166,24001,8909,15092,2450,1147,1303
B0103,06,800363,Panchkula (M Cl),Urban,Technical diploma or certificate not equal to degree,4281,2999,1282,2252,1825,427,124,81,43,50,32,18,1905,1093,812,233,154,79
B0103,06,800363,Panchkula (M Cl),Urban,Graduate and above other than technical degree,49277,25140,24137,26289,18946,7343,1424,666,758,417,162,255,21564,5528,16036,2546,691,1855
B0103,06,800363,Panchkula (M Cl),Urban,Technical degree or diploma equal to degree or post-graduate degree,13378,7681,5697,7716,5269,2447,444,228,216,154,68,86,5218,2184,3034,949,394,555
B0103,06,800365,Ambala (M Cl),Urban,Total,195153,102607,92546,61645,51381,10264,7125,4616,2509,3138,2043,1095,126383,46610,79773,12392,4837,7555
B0103,06,800365,Ambala (M Cl),Urban,Illiterate,42607,19748,22859,6746,5172,1574,1473,862,611,639,394,245,34388,13714,20674,1261,326,935
B0103,06,800365,Ambala (M Cl),Urban,Literate,152546,82859,69687,54899,46209,8690,5652,3754,1898,2499,1649,850,91995,32896,59099,11131,4511,6620
B0103,06,800365,Ambala (M Cl),Urban,Literate but below matric/secondary,57279,31538,25741,14066,12645,1421,2198,1578,620,981,725,256,41015,17315,23700,2699,1215,1484
B0103,06,800365,Ambala (M Cl),Urban,Matric/secondary but below graduate,50995,28592,22403,19129,17315,1814,1801,1226,575,807,545,262,30065,10051,20014,4216,1920,2296
B0103,06,800365,Ambala (M Cl),Urban,Technical diploma or certificate not equal to degree,3010,1787,1223,1329,997,332,85,56,29,33,25,8,1596,734,862,245,133,112
B0103,06,800365,Ambala (M Cl),Urban,Graduate and above other than technical degree,28693,14670,14023,14655,11205,3450,979,535,444,413,201,212,13059,2930,10129,2769,779,1990
B0103,06,800365,Ambala (M Cl),Urban,Technical degree or diploma equal to degree or post-graduate degree,6250,3139,3111,3252,2014,1238,231,113,118,108,51,57,2767,1012,1755,733,296,437
B0103,06,800367,Ambala Sadar (M Cl+OG),Urban,Total,104974,54680,50294,32629,26911,5718,4477,3067,1410,1511,1031,480,67868,24702,43166,5285,2343,2942
B0103,06,800367,Ambala Sadar (M Cl+OG),Urban,Illiterate,21234,9843,11391,3538,2639,899,705,413,292,205,120,85,16991,6791,10200,416,152,264
B0103,06,800367,Ambala Sadar (M Cl+OG),Urban,Literate,83740,44837,38903,29091,24272,4819,3772,2654,1118,1306,911,395,50877,17911,32966,4869,2191,2678
B0103,06,800367,Ambala Sadar (M Cl+OG),Urban,Literate but below matric/secondary,30344,16408,13936,7474,6586,888,1375,969,406,555,397,158,21495,8853,12642,1133,548,585
B0103,06,800367,Ambala Sadar (M Cl+OG),Urban,Matric/secondary but below graduate,24263,13463,10800,8385,7587,798,940,691,249,352,243,109,14938,5185,9753,1718,862,856
B0103,06,800367,Ambala Sadar (M Cl+OG),Urban,Technical diploma or certificate not equal to degree,1059,650,409,506,380,126,35,28,7,14,13,1,518,242,276,66,50,16
B0103,06,800367,Ambala Sadar (M Cl+OG),Urban,Graduate and above other than technical degree,17237,8904,8333,8387,6465,1922,828,548,280,223,138,85,8022,1891,6131,1174,396,778
B0103,06,800367,Ambala Sadar (M Cl+OG),Urban,Technical degree or diploma equal to degree or post-graduate degree,3381,1785,1596,1601,1054,547,170,108,62,56,38,18,1610,623,987,353,170,183
B0103,06,800368,Jagadhri (M Cl),Urban,Total,124894,67685,57209,40223,35774,4449,2498,1699,799,1263,871,392,82173,30212,51961,4661,2150,2511
B0103,06,800368,Jagadhri (M Cl),Urban,Illiterate,30426,14690,15736,5843,4968,875,563,337,226,256,158,98,24020,9385,14635,437,137,300
B0103,06,800368,Jagadhri (M Cl),Urban,Literate,94468,52995,41473,34380,30806,3574,1935,1362,573,1007,713,294,58153,20827,37326,4224,2013,2211
B0103,06,800368,Jagadhri (M Cl),Urban,Literate but below matric/secondary,42702,24428,18274,12165,11521,644,936,731,205,509,413,96,29601,12176,17425,1002,519,483
B0103,06,800368,Jagadhri (M Cl),Urban,Matric/secondary but below graduate,29526,16755,12771,11340,10606,734,537,376,161,295,199,96,17649,5773,11876,1511,786,725
B0103,06,800368,Jagadhri (M Cl),Urban,Technical diploma or certificate not equal to degree,1134,755,379,498,375,123,18,15,3,9,8,1,618,365,253,110,73,37
B0103,06,800368,Jagadhri (M Cl),Urban,Graduate and above other than technical degree,15255,7826,7429,7597,6157,1440,278,146,132,121,53,68,7380,1523,5857,1098,385,713
B0103,06,800368,Jagadhri (M Cl),Urban,Technical degree or diploma equal to degree or post-graduate degree,3483,1979,1504,1763,1241,522,83,45,38,45,23,22,1637,693,944,392,188,204
B0103,06,800369,Yamunanagar (M Cl+OG),Urban,Total,217071,115663,101408,64676,56659,8017,6365,4374,1991,2928,2120,808,146030,54630,91400,11113,5397,5716
B0103,06,800369,Yamunanagar (M Cl+OG),Urban,Illiterate,52145,24266,27879,8339,6859,1480,1271,779,492,575,387,188,42535,16628,25907,1031,378,653
B0103,06,800369,Yamunanagar (M Cl+OG),Urban,Literate,164926,91397,73529,56337,49800,6537,5094,3595,1499,2353,1733,620,103495,38002,65493,10082,5019,5063
B0103,06,800369,Yamunanagar (M Cl+OG),Urban,Literate but below matric/secondary,72590,40595,31995,18632,17182,1450,2374,1795,579,1097,903,194,51584,21618,29966,2545,1427,1118
B0103,06,800369,Yamunanagar (M Cl+OG),Urban,Matric/secondary but below graduate,56055,32487,23568,21473,20021,1452,1613,1181,432,729,547,182,32969,11285,21684,3982,2245,1737
B0103,06,800369,Yamunanagar (M Cl+OG),Urban,Technical diploma or certificate not equal to degree,2695,2074,621,1211,1059,152,106,86,20,66,54,12,1378,929,449,282,231,51
B0103,06,800369,Yamunanagar (M Cl+OG),Urban,Graduate and above other than technical degree,24461,11415,13046,11037,8599,2438,673,320,353,316,135,181,12751,2496,10255,2319,667,1652
B0103,06,800369,Yamunanagar (M Cl+OG),Urban,Technical degree or diploma equal to degree or post-graduate degree,5342,2934,2408,2617,1770,847,169,100,69,93,56,37,2556,1064,1492,716,351,365
B0103,06,800372,Thanesar (M Cl),Urban,Total,155152,83994,71158,45410,37618,7792,3312,2234,1078,1730,1269,461,106430,44142,62288,8503,3355,5148
B0103,06,800372,Thanesar (M Cl),Urban,Illiterate,36826,16977,19849,6740,4868,1872,1401,793,608,677,425,252,28685,11316,17369,749,221,528
B0103,06,800372,Thanesar (M Cl),Urban,Literate,118326,67017,51309,38670,32750,5920,1911,1441,470,1053,844,209,77745,32826,44919,7754,3134,4620
B0103,06,800372,Thanesar (M Cl),Urban,Literate but below matric/secondary,42956,24174,18782,9472,8603,869,872,704,168,501,424,77,32612,14867,17745,1248,576,672
B0103,06,800372,Thanesar (M Cl),Urban,Matric/secondary but below graduate,37890,21937,15953,11777,10815,962,581,470,111,322,276,46,25532,10652,14880,2387,1165,1222
B0103,06,800372,Thanesar (M Cl),Urban,Technical diploma or certificate not equal to degree,2329,1584,745,967,752,215,21,15,6,13,12,1,1341,817,524,209,148,61
B0103,06,800372,Thanesar (M Cl),Urban,Graduate and above other than technical degree,24436,13167,11269,12173,9452,2721,277,149,128,139,79,60,11986,3566,8420,2660,760,1900
B0103,06,800372,Thanesar (M Cl),Urban,Technical degree or diploma equal to degree or post-graduate degree,8543,5025,3518,3471,2480,991,83,46,37,38,19,19,4989,2499,2490,1099,412,687
B0103,06,800375,Kaithal (M Cl),Urban,Total,144915,76794,68121,39471,34109,5362,5865,4449,1416,3278,2597,681,99579,38236,61343,8052,3460,4592
B0103,06,800375,Kaithal (M Cl),Urban,Illiterate,43971,18975,24996,7260,5501,1759,1664,1113,551,1043,753,290,35047,12361,22686,1181,264,917
B0103,06,800375,Kaithal (M Cl),Urban,Literate,100944,57819,43125,32211,28608,3603,4201,3336,865,2235,1844,391,64532,25875,38657,6871,3196,3675
B0103,06,800375,Kaithal (M Cl),Urban,Literate but below matric/secondary,46246,26002,20244,10243,9399,844,2005,1647,358,1103,971,132,33998,14956,19042,1659,738,921
B0103,06,800375,Kaithal (M Cl),Urban,Matric/secondary but below graduate,33412,19782,13630,11887,11102,785,1364,1114,250,714,587,127,20161,7566,12595,2818,1463,1355
B0103,06,800375,Kaithal (M Cl),Urban,Technical diploma or certificate not equal to degree,1297,879,418,478,376,102,47,36,11,20,14,6,772,467,305,161,107,54
B0103,06,800375,Kaithal (M Cl),Urban,Graduate and above other than technical degree,14918,8349,6569,7450,6106,1344,558,383,175,275,183,92,6910,1860,5050,1644,597,1047
B0103,06,800375,Kaithal (M Cl),Urban,Technical degree or diploma equal to degree or post-graduate degree,3177,1776,1401,1471,1028,443,114,63,51,55,31,24,1592,685,907,483,240,243
B0103,06,800381,Karnal (M Cl+OG),Urban,Total,302140,159653,142487,90916,75040,15876,13146,8944,4202,6700,4676,2024,198078,75669,122409,17157,6869,10288
B0103,06,800381,Karnal (M Cl+OG),Urban,Illiterate,76573,34968,41605,12557,9214,3343,3471,2053,1418,1877,1166,711,60545,23701,36844,2092,531,1561
B0103,06,800381,Karnal (M Cl+OG),Urban,Literate,225567,124685,100882,78359,65826,12533,9675,6891,2784,4823,3510,1313,137533,51968,85565,15065,6338,8727
B0103,06,800381,Karnal (M Cl+OG),Urban,Literate but below matric/secondary,92189,51117,41072,21763,19422,2341,4419,3381,1038,2292,1829,463,66007,28314,37693,3691,1663,2028
B0103,06,800381,Karnal (M Cl+OG),Urban,Matric/secondary but below graduate,71195,40816,30379,26201,23633,2568,2962,2157,805,1406,1035,371,42032,15026,27006,5487,2621,2866
B0103,06,800381,Karnal (M Cl+OG),Urban,Technical diploma or certificate not equal to degree,3053,1893,1160,1337,958,379,132,87,45,77,56,21,1584,848,736,277,186,91
B0103,06,800381,Karnal (M Cl+OG),Urban,Graduate and above other than technical degree,42805,22175,20630,21725,16587,5138,1404,785,619,650,327,323,19676,4803,14873,3890,1128,2762
B0103,06,800381,Karnal (M Cl+OG),Urban,Technical degree or diploma equal to degree or post-graduate degree,10106,5533,4573,5014,3382,1632,352,200,152,190,103,87,4740,1951,2789,1303,578,725
B0103,06,800385,Panipat (M Cl+OG),Urban,Total,295970,158063,137907,92535,78576,13959,9539,5828,3711,3058,2009,1049,193896,73659,120237,11602,5020,6582
B0103,06,800385,Panipat (M Cl+OG),Urban,Illiterate,81974,37869,44105,15786,11172,4614,2628,1273,1355,793,430,363,63560,25424,38136,1512,467,1045
B0103,06,800385,Panipat (M Cl+OG),Urban,Literate,213996,120194,93802,76749,67404,9345,6911,4555,2356,2265,1579,686,130336,48235,82101,10090,4553,5537
B0103,06,800385,Panipat (M Cl+OG),Urban,Literate but below matric/secondary,94583,53409,41174,24324,21932,2392,3387,2273,1114,945,704,241,66872,29204,37668,2344,1204,1140
B0103,06,800385,Panipat (M Cl+OG),Urban,Matric/secondary but below graduate,71421,42050,29371,29471,27246,2225,2096,1459,637,778,575,203,39854,13345,26509,3993,2031,1962
B0103,06,800385,Panipat (M Cl+OG),Urban,Technical diploma or certificate not equal to degree,2263,1539,724,1141,939,202,48,33,15,14,11,3,1074,567,507,137,98,39
B0103,06,800385,Panipat (M Cl+OG),Urban,Graduate and above other than technical degree,31779,16184,15595,15770,12762,3008,766,418,348,331,173,158,15243,3004,12239,2507,775,1732
B0103,06,800385,Panipat (M Cl+OG),Urban,Technical degree or diploma equal to degree or post-graduate degree,6094,3047,3047,2914,1916,998,182,84,98,101,45,56,2998,1047,1951,725,303,422
B0103,06,800389,Sonipat (M Cl+OG),Urban,Total,289333,154407,134926,80094,66195,13899,14209,9745,4464,7358,5289,2069,195030,78467,116563,18245,8020,10225
B0103,06,800389,Sonipat (M Cl+OG),Urban,Illiterate,71790,31681,40109,8597,6381,2216,3477,2053,1424,1936,1262,674,59716,23247,36469,1907,485,1422
B0103,06,800389,Sonipat (M Cl+OG),Urban,Literate,217543,122726,94817,71497,59814,11683,10732,7692,3040,5422,4027,1395,135314,55220,80094,16338,7535,8803
B0103,06,800389,Sonipat (M Cl+OG),Urban,Literate but below matric/secondary,84807,46822,37985,15904,14282,1622,4744,3621,1123,2431,1976,455,64159,28919,35240,3429,1535,1894
B0103,06,800389,Sonipat (M Cl+OG),Urban,Matric/secondary but below graduate,77000,45338,31662,27715,24920,2795,3716,2773,943,1869,1437,432,45569,17645,27924,6903,3573,3330
B0103,06,800389,Sonipat (M Cl+OG),Urban,Technical diploma or certificate not equal to degree,4375,2596,1779,2096,1497,599,147,87,60,66,36,30,2132,1012,1120,463,278,185
B0103,06,800389,Sonipat (M Cl+OG),Urban,Graduate and above other than technical degree,36737,20103,16634,19275,14582,4693,1413,782,631,724,376,348,16049,4739,11310,3867,1396,2471
B0103,06,800389,Sonipat (M Cl+OG),Urban,Technical degree or diploma equal to degree or post-graduate degree,10121,5573,4548,5189,3498,1691,383,217,166,197,106,91,4549,1858,2691,1382,623,759
B0103,06,800393,Jind (M Cl),Urban,Total,167592,89253,78339,43274,37428,5846,8116,5638,2478,4323,3157,1166,116202,46187,70015,10190,4656,5534
B0103,06,800393,Jind (M Cl),Urban,Illiterate,45573,18928,26645,5336,4102,1234,2058,1207,851,1044,671,373,38179,13619,24560,1040,242,798
B0103,06,800393,Jind (M Cl),Urban,Literate,122019,70325,51694,37938,33326,4612,6058,4431,1627,3279,2486,793,78023,32568,45455,9150,4414,4736
B0103,06,800393,Jind (M Cl),Urban,Literate but below matric/secondary,53711,29655,24056,10878,10027,851,2765,2059,706,1488,1162,326,40068,17569,22499,1935,851,1084
B0103,06,800393,Jind (M Cl),Urban,Matric/secondary but below graduate,42091,25275,16816,14566,13505,1061,2095,1583,512,1143,898,245,25430,10187,15243,3850,2029,1821
B0103,06,800393,Jind (M Cl),Urban,Technical diploma or certificate not equal to degree,2508,1690,818,1021,747,274,99,75,24,56,43,13,1388,868,520,368,251,117
B0103,06,800393,Jind (M Cl),Urban,Graduate and above other than technical degree,17099,9895,7204,8668,6923,1745,774,508,266,419,275,144,7657,2464,5193,2142,840,1302
B0103,06,800393,Jind (M Cl),Urban,Technical degree or diploma equal to degree or post-graduate degree,4409,2706,1703,2084,1542,542,190,110,80,112,64,48,2135,1054,1081,715,373,342
B0103,06,800401,Sirsa (M Cl),Urban,Total,182534,96175,86359,51863,44754,7109,7632,5339,2293,3724,2689,1035,123039,46082,76957,11261,4985,6276
B0103,06,800401,Sirsa (M Cl),Urban,Illiterate,50964,23086,27878,8817,6768,2049,2353,1526,827,1235,882,353,39794,14792,25002,1399,487,912
B0103,06,800401,Sirsa (M Cl),Urban,Literate,131570,73089,58481,43046,37986,5060,5279,3813,1466,2489,1807,682,83245,31290,51955,9862,4498,5364
B0103,06,800401,Sirsa (M Cl),Urban,Literate but below matric/secondary,58188,31889,26299,13511,12469,1042,2423,1876,547,1060,847,213,42254,17544,24710,2487,1212,1275
B0103,06,800401,Sirsa (M Cl),Urban,Matric/secondary but below graduate,43295,24674,18621,15484,14307,1177,1745,1299,446,840,640,200,26066,9068,16998,3928,1885,2043
B0103,06,800401,Sirsa (M Cl),Urban,Technical diploma or certificate not equal to degree,2211,1412,799,839,631,208,68,41,27,44,30,14,1304,740,564,319,202,117
B0103,06,800401,Sirsa (M Cl),Urban,Graduate and above other than technical degree,19434,10758,8676,9920,8094,1826,639,363,276,314,163,151,8875,2301,6574,2043,723,1320
B0103,06,800401,Sirsa (M Cl),Urban,Technical degree or diploma equal to degree or post-graduate degree,5019,2715,2304,2125,1501,624,230,115,115,147,67,80,2664,1099,1565,890,397,493
B0103,06,800405,Hisar (M Cl+OG),Urban,Total,307024,166494,140530,89105,76109,12996,14265,10819,3446,6836,5472,1364,203654,79566,124088,19564,8925,10639
B0103,06,800405,Hisar (M Cl+OG),Urban,Illiterate,76376,33219,43157,10354,7491,2863,3205,2103,1102,1572,1134,438,62817,23625,39192,1939,495,1444
B0103,06,800405,Hisar (M Cl+OG),Urban,Literate,230648,133275,97373,78751,68618,10133,11060,8716,2344,5264,4338,926,140837,55941,84896,17625,8430,9195
B0103,06,800405,Hisar (M Cl+OG),Urban,Literate but below matric/secondary,91953,50153,41800,18926,17268,1658,4461,3589,872,2156,1851,305,68566,29296,39270,3598,1652,1946
B0103,06,800405,Hisar (M Cl+OG),Urban,Matric/secondary but below graduate,81062,50631,30431,32193,29987,2206,4016,3311,705,1936,1654,282,44853,17333,27520,7534,4158,3376
B0103,06,800405,Hisar (M Cl+OG),Urban,Technical diploma or certificate not equal to degree,3356,2269,1087,1514,1142,372,113,83,30,50,36,14,1729,1044,685,368,269,99
B0103,06,800405,Hisar (M Cl+OG),Urban,Graduate and above other than technical degree,38747,21621,17126,19550,15410,4140,1710,1220,490,790,563,227,17487,4991,12496,4209,1443,2766
B0103,06,800405,Hisar (M Cl+OG),Urban,Technical degree or diploma equal to degree or post-graduate degree,10401,6008,4393,4901,3456,1445,422,260,162,185,118,67,5078,2292,2786,1638,783,855
B0103,06,800409,Bhiwani (M Cl),Urban,Total,196057,104026,92031,50290,44019,6271,8737,6351,2386,4769,3662,1107,137030,53656,83374,11537,5935,5602
B0103,06,800409,Bhiwani (M Cl),Urban,Illiterate,52611,22595,30016,6534,5171,1363,2454,1537,917,1340,948,392,43623,15887,27736,1189,394,795
B0103,06,800409,Bhiwani (M Cl),Urban,Literate,143446,81431,62015,43756,38848,4908,6283,4814,1469,3429,2714,715,93407,37769,55638,10348,5541,4807
B0103,06,800409,Bhiwani (M Cl),Urban,Literate but below matric/secondary,63200,34185,29015,12721,11905,816,2881,2316,565,1513,1305,208,47598,19964,27634,2215,1170,1045
B0103,06,800409,Bhiwani (M Cl),Urban,Matric/secondary but below graduate,47237,27756,19481,15397,14353,1044,2028,1583,445,1131,889,242,29812,11820,17992,4082,2436,1646
B0103,06,800409,Bhiwani (M Cl),Urban,Technical diploma or certificate not equal to degree,1675,1019,656,728,486,242,66,49,17,36,27,9,881,484,397,177,119,58
B0103,06,800409,Bhiwani (M Cl),Urban,Graduate and above other than technical degree,22902,13989,8913,11608,9630,1978,887,597,290,522,346,176,10407,3762,6645,2828,1298,1530
B0103,06,800409,Bhiwani (M Cl),Urban,Technical degree or diploma equal to degree or post-graduate degree,5221,3079,2142,2357,1709,648,206,121,85,130,77,53,2658,1249,1409,846,445,401
B0103,06,800414,Rohtak (M Cl),Urban,Total,374292,198237,176055,104469,87190,17279,7580,5762,1818,3808,3041,767,262243,105285,156958,20847,10012,10835
B0103,06,800414,Rohtak (M Cl),Urban,Illiterate,89723,40100,49623,11738,9103,2635,2270,1594,676,1209,928,281,75715,29403,46312,1455,585,870
B0103,06,800414,Rohtak (M Cl),Urban,Literate,284569,158137,126432,92731,78087,14644,5310,4168,1142,2599,2113,486,186528,75882,110646,19392,9427,9965
B0103,06,800414,Rohtak (M Cl),Urban,Literate but below matric/secondary,110609,60753,49856,22723,20772,1951,2441,2027,414,1208,1055,153,85445,37954,47491,3296,1822,1474
B0103,06,800414,Rohtak (M Cl),Urban,Matric/secondary but below graduate,96817,55596,41221,32635,29691,2944,1717,1388,329,836,696,140,62465,24517,37948,6936,3876,3060
B0103,06,800414,Rohtak (M Cl),Urban,Technical diploma or certificate not equal to degree,5324,3005,2319,2419,1581,838,63,47,16,33,25,8,2842,1377,1465,443,272,171
B0103,06,800414,Rohtak (M Cl),Urban,Graduate and above other than technical degree,51080,27767,23313,25703,19443,6260,697,445,252,321,197,124,24680,7879,16801,6174,2336,3838
B0103,06,800414,Rohtak (M Cl),Urban,Technical degree or diploma equal to degree or post-graduate degree,14801,8123,6678,7011,4795,2216,191,110,81,101,59,42,7599,3218,4381,2211,961,1250
B0103,06,800418,Bahadurgarh (M Cl),Urban,Total,170767,91721,79046,46332,40270,6062,4678,3398,1280,2258,1704,554,119757,48053,71704,7900,4456,3444
B0103,06,800418,Bahadurgarh (M Cl),Urban,Illiterate,43578,19250,24328,5165,4052,1113,965,579,386,429,286,143,37448,14619,22829,903,327,576
B0103,06,800418,Bahadurgarh (M Cl),Urban,Literate,127189,72471,54718,41167,36218,4949,3713,2819,894,1829,1418,411,82309,33434,48875,6997,4129,2868
B0103,06,800418,Bahadurgarh (M Cl),Urban,Literate but below matric/secondary,51437,27903,23534,9697,8877,820,1399,1070,329,668,531,137,40341,17956,22385,1609,926,683
B0103,06,800418,Bahadurgarh (M Cl),Urban,Matric/secondary but below graduate,46773,28034,18739,17243,15972,1271,1486,1168,318,738,594,144,28044,10894,17150,3096,2002,1094
B0103,06,800418,Bahadurgarh (M Cl),Urban,Technical diploma or certificate not equal to degree,1889,1104,785,781,557,224,67,45,22,37,25,12,1041,502,539,204,121,83
B0103,06,800418,Bahadurgarh (M Cl),Urban,Graduate and above other than technical degree,18493,10731,7762,9612,7828,1784,484,335,149,243,163,80,8397,2568,5829,1449,740,709
B0103,06,800418,Bahadurgarh (M Cl),Urban,Technical degree or diploma equal to degree or post-graduate degree,4028,2294,1734,2082,1479,603,97,61,36,50,30,20,1849,754,1095,413,214,199
B0103,06,800425,Rewari (M Cl),Urban,Total,143021,75764,67257,41067,35784,5283,3336,2431,905,1729,1364,365,98618,37549,61069,7070,3548,3522
B0103,06,800425,Rewari (M Cl),Urban,Illiterate,33712,14392,19320,4138,2916,1222,643,378,265,342,229,113,28931,11098,17833,518,213,305
B0103,06,800425,Rewari (M Cl),Urban,Literate,109309,61372,47937,36929,32868,4061,2693,2053,640,1387,1135,252,69687,26451,43236,6552,3335,3217
B0103,06,800425,Rewari (M Cl),Urban,Literate but below matric/secondary,46703,25042,21661,10357,9598,759,1276,1026,250,663,582,81,35070,14418,20652,1211,671,540
B0103,06,800425,Rewari (M Cl),Urban,Matric/secondary but below graduate,36745,21346,15399,13124,12344,780,877,668,209,442,368,74,22744,8334,14410,2671,1532,1139
B0103,06,800425,Rewari (M Cl),Urban,Technical diploma or certificate not equal to degree,1677,1151,526,882,695,187,38,31,7,23,21,2,757,425,332,184,119,65
B0103,06,800425,Rewari (M Cl),Urban,Graduate and above other than technical degree,18371,10524,7847,9777,8090,1687,351,224,127,182,111,71,8243,2210,6033,1831,689,1142
B0103,06,800425,Rewari (M Cl),Urban,Technical degree or diploma equal to degree or post-graduate degree,4168,2436,1732,2178,1600,578,72,44,28,41,23,18,1918,792,1126,558,267,291
B0103,06,800429,Gurgaon (M Corp.+OG),Urban,Total,886519,480042,406477,319379,255851,63528,18138,11911,6227,6346,4468,1878,549002,212280,336722,24509,10719,13790
B0103,06,800429,Gurgaon (M Corp.+OG),Urban,Illiterate,209948,99139,110809,36373,24858,11515,4525,2467,2058,1724,1051,673,169050,71814,97236,2742,948,1794
B0103,06,800429,Gurgaon (M Corp.+OG),Urban,Literate,676571,380903,295668,283006,230993,52013,13613,9444,4169,4622,3417,1205,379952,140466,239486,21767,9771,11996
B0103,06,800429,Gurgaon (M Corp.+OG),Urban,Literate but below matric/secondary,229900,127248,102652,54339,47443,6896,4951,3647,1304,1798,1465,333,170610,76158,94452,4339,2240,2099
B0103,06,800429,Gurgaon (M Corp.+OG),Urban,Matric/secondary but below graduate,186250,111135,75115,76232,70198,6034,4130,3259,871,1471,1214,257,105888,37678,68210,6878,3937,2941
B0103,06,800429,Gurgaon (M Corp.+OG),Urban,Technical diploma or certificate not equal to degree,11234,8055,3179,7499,6331,1168,182,129,53,51,31,20,3553,1595,1958,397,241,156
B0103,06,800429,Gurgaon (M Corp.+OG),Urban,Graduate and above other than technical degree,181980,93927,88053,102865,75438,27427,3058,1630,1428,893,468,425,76057,16859,59198,7439,2240,5199
B0103,06,800429,Gurgaon (M Corp.+OG),Urban,Technical degree or diploma equal to degree or post-graduate degree,51837,32529,19308,35122,26070,9052,811,437,374,259,128,131,15904,6022,9882,2233,912,1321
B0103,06,800436,Faridabad (M Corp.),Urban,Total,1414050,754542,659508,404849,343686,61163,60410,39188,21222,24350,16922,7428,948791,371668,577123,58220,27709,30511
B0103,06,800436,Faridabad (M Corp.),Urban,Illiterate,385958,169816,216142,50302,38063,12239,13718,7094,6624,6077,3495,2582,321938,124659,197279,8876,2658,6218
B0103,06,800436,Faridabad (M Corp.),Urban,Literate,1028092,584726,443366,354547,305623,48924,46692,32094,14598,18273,13427,4846,626853,247009,379844,49344,25051,24293
B0103,06,800436,Faridabad (M Corp.),Urban,Literate but below matric/secondary,429913,232241,197672,83753,74905,8848,19062,12859,6203,7578,5670,1908,327098,144477,182621,14743,7566,7177
B0103,06,800436,Faridabad (M Corp.),Urban,Matric/secondary but below graduate,334064,203539,130525,132413,121597,10816,16762,12365,4397,6932,5323,1609,184889,69577,115312,20092,11381,8711
B0103,06,800436,Faridabad (M Corp.),Urban,Technical diploma or certificate not equal to degree,12492,9399,3093,7747,6679,1068,475,379,96,176,137,39,4270,2341,1929,576,396,180
B0103,06,800436,Faridabad (M Corp.),Urban,Graduate and above other than technical degree,176722,95132,81590,93368,73349,20019,6637,4023,2614,2257,1402,855,76717,17760,58957,9528,3497,6031
B0103,06,800436,Faridabad (M Corp.),Urban,Technical degree or diploma equal to degree or post-graduate degree,43252,28006,15246,25823,19692,6131,1664,1066,598,586,378,208,15765,7248,8517,2938,1558,1380
B0103,06,800437,Palwal (M Cl+OG),Urban,Total,131926,69997,61929,32310,27572,4738,6783,5026,1757,3481,2797,684,92833,37399,55434,6875,3515,3360
B0103,06,800437,Palwal (M Cl+OG),Urban,Illiterate,38685,16598,22087,4649,3533,1116,1649,1093,556,914,675,239,32387,11972,20415,1034,351,683
B0103,06,800437,Palwal (M Cl+OG),Urban,Literate,93241,53399,39842,27661,24039,3622,5134,3933,1201,2567,2122,445,60446,25427,35019,5841,3164,2677
B0103,06,800437,Palwal (M Cl+OG),Urban,Literate but below matric/secondary,43413,23842,19571,7999,7232,767,2439,1900,539,1225,1049,176,32975,14710,18265,1837,1003,834
B0103,06,800437,Palwal (M Cl+OG),Urban,Matric/secondary but below graduate,31154,18529,12625,10435,9528,907,1789,1407,382,892,758,134,18930,7594,11336,2439,1404,1035
B0103,06,800437,Palwal (M Cl+OG),Urban,Technical diploma or certificate not equal to degree,1464,1068,396,720,618,102,75,64,11,38,34,4,669,386,283,108,68,40
B0103,06,800437,Palwal (M Cl+OG),Urban,Graduate and above other than technical degree,12535,7188,5347,6446,5094,1352,578,400,178,280,193,87,5511,1694,3817,1039,452,587
B0103,06,800437,Palwal (M Cl+OG),Urban,Technical degree or diploma equal to degree or post-graduate degree,3302,2088,1214,1594,1191,403,163,101,62,89,51,38,1545,796,749,349,197,152
B0103,07,063942,Kirari Suleman Nagar (CT),Urban,Total,283211,152348,130863,75812,70859,4953,4240,3260,980,2006,1704,302,203159,78229,124930,9909,5597,4312
B0103,07,063942,Kirari Suleman Nagar (CT),Urban,Illiterate,89752,37350,52402,12537,10505,2032,1178,786,392,554,439,115,76037,26059,49978,1458,515,943
B0103,07,063942,Kirari Suleman Nagar (CT),Urban,Literate,193459,114998,78461,63275,60354,2921,3062,2474,588,1452,1265,187,127122,52170,74952,8451,5082,3369
B0103,07,063942,Kirari Suleman Nagar (CT),Urban,Literate but below matric/secondary,122583,68098,54485,30633,29125,1508,1664,1297,367,778,670,108,90286,37676,52610,3900,2280,1620
B0103,07,063942,Kirari Suleman Nagar (CT),Urban,Matric/secondary but below graduate,55503,36823,18680,25040,24193,847,1068,919,149,522,465,57,29395,11711,17684,3182,2009,1173
B0103,07,063942,Kirari Suleman Nagar (CT),Urban,Technical diploma or certificate not equal to degree,462,336,126,191,171,20,8,4,4,3,1,2,263,161,102,69,45,24
B0103,07,063942,Kirari Suleman Nagar (CT),Urban,Graduate and above other than technical degree,9968,6860,3108,5275,4879,396,216,171,45,105,92,13,4477,1810,2667,974,556,418
B0103,07,063942,Kirari Suleman Nagar (CT),Urban,Technical degree or diploma equal to degree or post-graduate degree,653,480,173,310,264,46,9,5,4,4,1,3,334,211,123,102,66,36
B0103,07,063948,Sultan Pur Majra (CT),Urban,Total,181554,95687,85867,51675,45780,5895,3084,2451,633,1715,1494,221,126795,47456,79339,8176,4599,3577
B0103,07,063948,Sultan Pur Majra (CT),Urban,Illiterate,57008,23898,33110,9882,7013,2869,739,462,277,359,280,79,46387,16423,29964,1182,430,752
B0103,07,063948,Sultan Pur Majra (CT),Urban,Literate,124546,71789,52757,41793,38767,3026,2345,1989,356,1356,1214,142,80408,31033,49375,6994,4169,2825
B0103,07,063948,Sultan Pur Majra (CT),Urban,Literate but below matric/secondary,79287,43744,35543,22061,20334,1727,1481,1264,217,890,802,88,55745,22146,33599,3560,2096,1464
B0103,07,063948,Sultan Pur Majra (CT),Urban,Matric/secondary but below graduate,32728,20401,12327,13824,13104,720,616,534,82,342,312,30,18288,6763,11525,2311,1403,908
B0103,07,063948,Sultan Pur Majra (CT),Urban,Technical diploma or certificate not equal to degree,330,209,121,94,80,14,11,7,4,6,4,2,225,122,103,45,29,16
B0103,07,063948,Sultan Pur Majra (CT),Urban,Graduate and above other than technical degree,6868,4338,2530,3330,3004,326,128,99,29,57,45,12,3410,1235,2175,728,418,310
B0103,07,063948,Sultan Pur Majra (CT),Urban,Technical degree or diploma equal to degree or post-graduate degree,522,381,141,256,220,36,8,6,2,5,3,2,258,155,103,62,37,25
B0103,07,063950,Bhalswa Jahangir Pur (CT),Urban,Total,197148,106388,90760,58432,52432,6000,2836,2111,725,1330,1094,236,135880,51845,84035,7614,4291,3323
B0103,07,063950,Bhalswa Jahangir Pur (CT),Urban,Illiterate,65810,29321,36489,12913,10198,2715,780,439,341,332,232,100,52117,18684,33433,1337,559,778
B0103,07,063950,Bhalswa Jahangir Pur (CT),Urban,Literate,131338,77067,54271,45519,42234,3285,2056,1672,384,998,862,136,83763,33161,50602,6277,3732,2545
B0103,07,063950,Bhalswa Jahangir Pur (CT),Urban,Literate but below matric/secondary,84910,48406,36504,24166,22465,1701,1286,1052,234,597,530,67,59458,24889,34569,3196,1995,1201
B0103,07,063950,Bhalswa Jahangir Pur (CT),Urban,Matric/secondary but below graduate,35929,22281,13648,16097,15183,914,549,463,86,281,250,31,19283,6635,12648,2153,1263,890
B0103,07,063950,Bhalswa Jahangir Pur (CT),Urban,Technical diploma or certificate not equal to degree,277,185,92,125,92,33,4,3,1,4,3,1,148,90,58,31,20,11
B0103,07,063950,Bhalswa Jahangir Pur (CT),Urban,Graduate and above other than technical degree,7881,4832,3049,4132,3608,524,135,98,37,74,53,21,3614,1126,2488,717,343,374
B0103,07,063950,Bhalswa Jahangir Pur (CT),Urban,Technical degree or diploma equal to degree or post-graduate degree,467,332,135,247,200,47,5,3,2,2,1,1,215,129,86,55,35,20
B0103,07,063957,Burari (CT),Urban,Total,146190,78103,68087,41805,37474,4331,2376,1682,694,1237,967,270,102009,38947,63062,6233,2924,3309
B0103,07,063957,Burari (CT),Urban,Illiterate,32574,13983,18591,3092,2373,719,497,270,227,270,173,97,28985,11340,17645,492,90,402
B0103,07,063957,Burari (CT),Urban,Literate,113616,64120,49496,38713,35101,3612,1879,1412,467,967,794,173,73024,27607,45417,5741,2834,2907
B0103,07,063957,Burari (CT),Urban,Literate but below matric/secondary,52639,27646,24993,11079,10095,984,812,626,186,405,348,57,40748,16925,23823,1516,710,806
B0103,07,063957,Burari (CT),Urban,Matric/secondary but below graduate,40091,24029,16062,16706,15628,1078,746,581,165,387,328,59,22639,7820,14819,2481,1290,1191
B0103,07,063957,Burari (CT),Urban,Technical diploma or certificate not equal to degree,617,372,245,346,234,112,5,4,1,4,3,1,266,134,132,66,40,26
B0103,07,063957,Burari (CT),Urban,Graduate and above other than technical degree,16532,10218,6314,9072,7930,1142,232,158,74,128,88,40,7228,2130,5098,1405,655,750
B0103,07,063957,Burari (CT),Urban,Technical degree or diploma equal to degree or post-graduate degree,1382,918,464,735,582,153,29,18,11,17,12,5,618,318,300,170,95,75
B0103,07,063970,Karawal Nagar (CT),Urban,Total,224281,119951,104330,59695,55984,3711,3177,2207,970,1227,941,286,161409,61760,99649,7047,4265,2782
B0103,07,063970,Karawal Nagar (CT),Urban,Illiterate,62531,26308,36223,6779,5668,1111,702,349,353,227,141,86,55050,20291,34759,609,239,370
B0103,07,063970,Karawal Nagar (CT),Urban,Literate,161750,93643,68107,52916,50316,2600,2475,1858,617,1000,800,200,106359,41469,64890,6438,4026,2412
B0103,07,063970,Karawal Nagar (CT),Urban,Literate but below matric/secondary,89174,47983,41191,20600,19588,1012,1324,941,383,516,406,110,67250,27454,39796,2155,1361,794
B0103,07,063970,Karawal Nagar (CT),Urban,Matric/secondary but below graduate,51812,32542,19270,22013,21221,792,754,623,131,317,268,49,29045,10698,18347,2712,1731,981
B0103,07,063970,Karawal Nagar (CT),Urban,Technical diploma or certificate not equal to degree,634,526,108,270,258,12,8,7,1,6,5,1,356,261,95,98,73,25
B0103,07,063970,Karawal Nagar (CT),Urban,Graduate and above other than technical degree,13252,8520,4732,6951,6386,565,209,162,47,91,70,21,6092,1972,4120,1081,604,477
B0103,07,063970,Karawal Nagar (CT),Urban,Technical degree or diploma equal to degree or post-graduate degree,1226,926,300,626,538,88,20,13,7,11,7,4,580,375,205,167,115,52
B0103,07,063973,Mustafabad (CT),Urban,Total,127167,66889,60278,30578,29071,1507,2702,2178,524,1103,959,144,93887,35640,58247,3837,2331,1506
B0103,07,063973,Mustafabad (CT),Urban,Illiterate,46449,19882,26567,6592,6049,543,788,573,215,305,247,58,39069,13260,25809,672,311,361
B0103,07,063973,Mustafabad (CT),Urban,Literate,80718,47007,33711,23986,23022,964,1914,1605,309,798,712,86,54818,22380,32438,3165,2020,1145
B0103,07,063973,Mustafabad (CT),Urban,Literate but below matric/secondary,55337,31158,24179,13460,13017,443,1270,1062,208,503,449,54,40607,17079,23528,1547,1000,547
B0103,07,063973,Mustafabad (CT),Urban,Matric/secondary but below graduate,18121,11195,6926,7088,6849,239,414,354,60,204,180,24,10619,3992,6627,1017,650,367
B0103,07,063973,Mustafabad (CT),Urban,Technical diploma or certificate not equal to degree,190,155,35,78,71,7,5,5,0,2,2,0,107,79,28,32,26,6
B0103,07,063973,Mustafabad (CT),Urban,Graduate and above other than technical degree,4066,2634,1432,2063,1868,195,84,67,17,41,35,6,1919,699,1220,394,232,162
B0103,07,063973,Mustafabad (CT),Urban,Technical degree or diploma equal to degree or post-graduate degree,396,316,80,224,196,28,8,6,2,7,5,2,164,114,50,48,35,13
B0103,07,063979,Gokal Pur (CT),Urban,Total,121870,64857,57013,33684,30271,3413,2337,1806,531,993,828,165,85849,32780,53069,4895,2683,2212
B0103,07,063979,Gokal Pur (CT),Urban,Illiterate,31800,13620,18180,4029,3235,794,530,335,195,206,151,55,27241,10050,17191,409,167,242
B0103,07,063979,Gokal Pur (CT),Urban,Literate,90070,51237,38833,29655,27036,2619,1807,1471,336,787,677,110,58608,22730,35878,4486,2516,1970
B0103,07,063979,Gokal Pur (CT),Urban,Literate but below matric/secondary,42933,23434,19499,9284,8792,492,906,777,129,404,369,35,32743,13865,18878,1191,749,442
B0103,07,063979,Gokal Pur (CT),Urban,Matric/secondary but below graduate,27284,16098,11186,10179,9706,473,533,451,82,250,224,26,16572,5941,10631,1547,921,626
B0103,07,063979,Gokal Pur (CT),Urban,Technical diploma or certificate not equal to degree,842,678,164,451,410,41,24,22,2,8,8,0,367,246,121,93,62,31
B0103,07,063979,Gokal Pur (CT),Urban,Graduate and above other than technical degree,13701,7907,5794,7160,6012,1148,223,135,88,77,41,36,6318,1760,4558,1167,515,652
B0103,07,063979,Gokal Pur (CT),Urban,Technical degree or diploma equal to degree or post-graduate degree,2292,1538,754,1314,1032,282,30,18,12,11,6,5,948,488,460,313,176,137
B0103,07,063982,Mandoli (CT),Urban,Total,120417,64159,56258,32926,29905,3021,2898,2250,648,1222,966,256,84593,32004,52589,4736,2654,2082
B0103,07,063982,Mandoli (CT),Urban,Illiterate,35527,14925,20602,4936,3818,1118,701,440,261,236,156,80,29890,10667,19223,563,201,362
B0103,07,063982,Mandoli (CT),Urban,Literate,84890,49234,35656,27990,26087,1903,2197,1810,387,986,810,176,54703,21337,33366,4173,2453,1720
B0103,07,063982,Mandoli (CT),Urban,Literate but below matric/secondary,50552,27824,22728,13148,12235,913,1225,1009,216,571,479,92,36179,14580,21599,1728,997,731
B0103,07,063982,Mandoli (CT),Urban,Matric/secondary but below graduate,24159,15108,9051,10025,9565,460,648,547,101,277,235,42,13486,4996,8490,1491,907,584
B0103,07,063982,Mandoli (CT),Urban,Technical diploma or certificate not equal to degree,430,324,106,176,157,19,13,11,2,6,4,2,241,156,85,53,41,12
B0103,07,063982,Mandoli (CT),Urban,Graduate and above other than technical degree,6533,4079,2454,3280,2923,357,186,142,44,91,61,30,3067,1014,2053,679,362,317
B0103,07,063982,Mandoli (CT),Urban,Technical degree or diploma equal to degree or post-graduate degree,741,517,224,336,275,61,19,13,6,8,5,3,386,229,157,101,67,34
B0103,07,063988,Dallo Pura (CT),Urban,Total,154791,81262,73529,46410,38782,7628,4192,3191,1001,1730,1359,371,104189,39289,64900,6950,3564,3386
B0103,07,063988,Dallo Pura (CT),Urban,Illiterate,42172,17560,24612,6908,4541,2367,837,488,349,358,241,117,34427,12531,21896,951,336,615
B0103,07,063988,Dallo Pura (CT),Urban,Literate,112619,63702,48917,39502,34241,5261,3355,2703,652,1372,1118,254,69762,26758,43004,5999,3228,2771
B0103,07,063988,Dallo Pura (CT),Urban,Literate but below matric/secondary,61110,33363,27747,15426,13805,1621,1787,1475,312,788,651,137,43897,18083,25814,2735,1526,1209
B0103,07,063988,Dallo Pura (CT),Urban,Matric/secondary but below graduate,27663,16787,10876,11247,10478,769,904,730,174,343,281,62,15512,5579,9933,1830,995,835
B0103,07,063988,Dallo Pura (CT),Urban,Technical diploma or certificate not equal to degree,446,317,129,259,200,59,9,6,3,6,4,2,178,111,67,31,23,8
B0103,07,063988,Dallo Pura (CT),Urban,Graduate and above other than technical degree,13980,7803,6177,7669,5789,1880,327,224,103,112,78,34,5984,1790,4194,870,416,454
B0103,07,063988,Dallo Pura (CT),Urban,Technical degree or diploma equal to degree or post-graduate degree,3154,2115,1039,2196,1663,533,42,31,11,13,9,4,916,421,495,144,69,75
B0103,07,063991,Hastsal (CT),Urban,Total,176877,94833,82044,49362,45327,4035,2343,1751,592,1038,798,240,125172,47755,77417,5907,3375,2532
B0103,07,063991,Hastsal (CT),Urban,Illiterate,49114,20699,28415,6203,5006,1197,438,267,171,177,116,61,42473,15426,27047,632,229,403
B0103,07,063991,Hastsal (CT),Urban,Literate,127763,74134,53629,43159,40321,2838,1905,1484,421,861,682,179,82699,32329,50370,5275,3146,2129
B0103,07,063991,Hastsal (CT),Urban,Literate but below matric/secondary,68586,37427,31159,16170,15250,920,928,726,202,431,343,88,51488,21451,30037,1758,1095,663
B0103,07,063991,Hastsal (CT),Urban,Matric/secondary but below graduate,41358,25784,15574,17448,16628,820,666,535,131,297,243,54,23244,8621,14623,2265,1418,847
B0103,07,063991,Hastsal (CT),Urban,Technical diploma or certificate not equal to degree,545,406,139,288,250,38,9,4,5,3,0,3,248,152,96,54,40,14
B0103,07,063991,Hastsal (CT),Urban,Graduate and above other than technical degree,11716,7265,4451,6625,5850,775,173,113,60,81,54,27,4918,1302,3616,857,384,473
B0103,07,063991,Hastsal (CT),Urban,Technical degree or diploma equal to degree or post-graduate degree,1185,830,355,704,569,135,19,13,6,9,6,3,462,248,214,135,79,56
B0103,07,063999,Nangloi Jat (CT),Urban,Total,205596,110056,95540,60014,54536,5478,2060,1429,631,855,666,189,143522,54091,89431,7289,3697,3592
B0103,07,063999,Nangloi Jat (CT),Urban,Illiterate,59323,25577,33746,8865,6922,1943,426,231,195,182,118,64,50032,18424,31608,855,265,590
B0103,07,063999,Nangloi Jat (CT),Urban,Literate,146273,84479,61794,51149,47614,3535,1634,1198,436,673,548,125,93490,35667,57823,6434,3432,3002
B0103,07,063999,Nangloi Jat (CT),Urban,Literate but below matric/secondary,81842,45080,36762,21468,20127,1341,694,508,186,299,249,50,59680,24445,35235,2263,1195,1068
B0103,07,063999,Nangloi Jat (CT),Urban,Matric/secondary but below graduate,45682,28190,17492,19839,18934,905,570,422,148,238,197,41,25273,8834,16439,2654,1535,1119
B0103,07,063999,Nangloi Jat (CT),Urban,Technical diploma or certificate not equal to degree,715,452,263,359,283,76,8,6,2,3,2,1,348,163,185,108,53,55
B0103,07,063999,Nangloi Jat (CT),Urban,Graduate and above other than technical degree,11315,6852,4463,6306,5486,820,176,118,58,85,63,22,4833,1248,3585,994,430,564
B0103,07,063999,Nangloi Jat (CT),Urban,Technical degree or diploma equal to degree or post-graduate degree,1377,927,450,814,653,161,17,11,6,7,6,1,546,263,283,173,96,77
B0103,07,064076,Deoli (CT),Urban,Total,169122,90914,78208,46198,42790,3408,2402,1776,626,940,815,125,120522,46348,74174,5631,3226,2405
B0103,07,064076,Deoli (CT),Urban,Illiterate,45949,18799,27150,5264,4321,943,492,268,224,157,126,31,40193,14210,25983,560,175,385
B0103,07,064076,Deoli (CT),Urban,Literate,123173,72115,51058,40934,38469,2465,1910,1508,402,783,689,94,80329,32138,48191,5071,3051,2020
B0103,07,064076,Deoli (CT),Urban,Literate but below matric/secondary,65686,35569,30117,14570,13755,815,849,670,179,361,323,38,50267,21144,29123,1797,1009,788
B0103,07,064076,Deoli (CT),Urban,Matric/secondary but below graduate,38054,24251,13803,16557,15866,691,643,531,112,257,227,30,20854,7854,13000,1956,1251,705
B0103,07,064076,Deoli (CT),Urban,Technical diploma or certificate not equal to degree,368,272,96,189,157,32,9,5,4,3,2,1,170,110,60,40,27,13
B0103,07,064076,Deoli (CT),Urban,Graduate and above other than technical degree,11967,7882,4085,6479,5830,649,244,176,68,95,78,17,5244,1876,3368,886,516,370
B0103,07,064076,Deoli (CT),Urban,Technical degree or diploma equal to degree or post-graduate degree,1079,812,267,586,493,93,21,14,7,8,4,4,472,305,167,114,83,31
B0103,07,800441,DMC (U) (M Corp.),Urban,Total,11034555,5882117,5152438,3616714,3058658,558056,171411,120299,51112,71527,53995,17532,7246430,2703160,4543270,409433,206465,202968
B0103,07,800441,DMC (U) (M Corp.),Urban,Illiterate,2453861,1107581,1346280,395188,298890,96298,37194,23012,14182,16059,11299,4760,2021479,785679,1235800,37509,14493,23016
B0103,07,800441,DMC (U) (M Corp.),Urban,Literate,8580694,4774536,3806158,3221526,2759768,461758,134217,97287,36930,55468,42696,12772,5224951,1917481,3307470,371924,191972,179952
B0103,07,800441,DMC (U) (M Corp.),Urban,Literate but below matric/secondary,3458961,1902490,1556471,830640,762581,68059,55996,43826,12170,25340,21394,3946,2572325,1096083,1476242,100792,59438,41354
B0103,07,800441,DMC (U) (M Corp.),Urban,Matric/secondary but below graduate,2516318,1452321,1063997,975538,906684,68854,38101,29019,9082,16305,12932,3373,1502679,516618,986061,127192,71374,55818
B0103,07,800441,DMC (U) (M Corp.),Urban,Technical diploma or certificate not equal to degree,69004,44808,24196,40059,29998,10061,1049,691,358,380,258,122,27896,14119,13777,4537,2508,2029
B0103,07,800441,DMC (U) (M Corp.),Urban,Graduate and above other than technical degree,1921457,1025178,896279,1049649,810972,238677,26388,15082,11306,9123,5070,4053,845420,199124,646296,104327,40774,63553
B0103,07,800441,DMC (U) (M Corp.),Urban,Technical degree or diploma equal to degree or post-graduate degree,299680,184862,114818,184780,132115,52665,4558,2753,1805,1571,928,643,110342,49994,60348,20489,10648,9841
B0103,07,800442,NDMC (M Cl),Urban,Total,257803,140234,117569,102013,79718,22295,5148,3369,1779,2308,1572,736,150642,57147,93495,14939,6606,8333
B0103,07,800442,NDMC (M Cl),Urban,Illiterate,46018,20051,25967,9484,6083,3401,924,499,425,396,242,154,35610,13469,22141,873,230,643
B0103,07,800442,NDMC (M Cl),Urban,Literate,211785,120183,91602,92529,73635,18894,4224,2870,1354,1912,1330,582,115032,43678,71354,14066,6376,7690
B0103,07,800442,NDMC (M Cl),Urban,Literate but below matric/secondary,75856,41865,33991,21359,18036,3323,1533,1169,364,730,578,152,52964,22660,30304,3099,1536,1563
B0103,07,800442,NDMC (M Cl),Urban,Matric/secondary but below graduate,62715,37763,24952,25974,23312,2662,1253,942,311,600,440,160,35488,13509,21979,5036,2508,2528
B0103,07,800442,NDMC (M Cl),Urban,Technical diploma or certificate not equal to degree,1953,1148,805,1309,830,479,37,19,18,17,10,7,607,299,308,173,85,88
B0103,07,800442,NDMC (M Cl),Urban,Graduate and above other than technical degree,54079,29431,24648,33803,24120,9683,947,453,494,382,186,196,19329,4858,14471,4303,1553,2750
B0103,07,800442,NDMC (M Cl),Urban,Technical degree or diploma equal to degree or post-graduate degree,9494,5914,3580,6138,4340,1798,210,125,85,92,53,39,3146,1449,1697,947,481,466
B0103,07,800443,Delhi Cantt (CB),Urban,Total,110351,63757,46594,39452,34195,5257,6476,4518,1958,1916,1031,885,64423,25044,39379,6570,2557,4013
B0103,07,800443,Delhi Cantt (CB),Urban,Illiterate,22630,10564,12066,3548,2293,1255,792,422,370,336,186,150,18290,7849,10441,449,120,329
B0103,07,800443,Delhi Cantt (CB),Urban,Literate,87721,53193,34528,35904,31902,4002,5684,4096,1588,1580,845,735,46133,17195,28938,6121,2437,3684
B0103,07,800443,Delhi Cantt (CB),Urban,Literate but below matric/secondary,32072,18171,13901,7906,6885,1021,1527,1086,441,500,374,126,22639,10200,12439,1537,792,745
B0103,07,800443,Delhi Cantt (CB),Urban,Matric/secondary but below graduate,33241,22360,10881,16508,15581,927,2496,2005,491,559,304,255,14237,4774,9463,2446,1022,1424
B0103,07,800443,Delhi Cantt (CB),Urban,Technical diploma or certificate not equal to degree,342,216,126,180,142,38,26,13,13,7,3,4,136,61,75,35,18,17
B0103,07,800443,Delhi Cantt (CB),Urban,Graduate and above other than technical degree,14078,7743,6335,7378,6098,1280,967,541,426,330,82,248,5733,1104,4629,1358,322,1036
B0103,07,800443,Delhi Cantt (CB),Urban,Technical degree or diploma equal to degree or post-graduate degree,3239,1910,1329,1823,1357,466,261,163,98,78,27,51,1155,390,765,441,184,257
B0103,08,800446,Ganganagar (M Cl+OG),Urban,Total,237780,127840,109940,77836,66503,11333,4868,3041,1827,2466,1743,723,155076,58296,96780,9577,4389,5188
B0103,08,800446,Ganganagar (M Cl+OG),Urban,Illiterate,64170,28448,35722,12091,8776,3315,1718,873,845,776,462,314,50361,18799,31562,1102,330,772
B0103,08,800446,Ganganagar (M Cl+OG),Urban,Literate,173610,99392,74218,65745,57727,8018,3150,2168,982,1690,1281,409,104715,39497,65218,8475,4059,4416
B0103,08,800446,Ganganagar (M Cl+OG),Urban,Literate but below matric/secondary,78793,43664,35129,20946,19064,1882,1863,1357,506,1003,809,194,55984,23243,32741,1985,1028,957
B0103,08,800446,Ganganagar (M Cl+OG),Urban,Matric/secondary but below graduate,53356,32680,20676,22664,21205,1459,692,453,239,357,258,99,30000,11022,18978,2793,1533,1260
B0103,08,800446,Ganganagar (M Cl+OG),Urban,Technical diploma or certificate not equal to degree,1094,741,353,563,404,159,19,11,8,6,5,1,512,326,186,101,77,24
B0103,08,800446,Ganganagar (M Cl+OG),Urban,Graduate and above other than technical degree,28448,16013,12435,15817,12775,3042,348,209,139,191,120,71,12283,3029,9254,2508,966,1542
B0103,08,800446,Ganganagar (M Cl+OG),Urban,Technical degree or diploma equal to degree or post-graduate degree,5899,2994,2905,3102,1975,1127,97,51,46,59,33,26,2700,968,1732,816,338,478
B0103,08,800455,Hanumangarh (M Cl),Urban,Total,150958,79709,71249,45643,39144,6499,4962,2880,2082,2434,1592,842,100353,37685,62668,7177,3100,4077
B0103,08,800455,Hanumangarh (M Cl),Urban,Illiterate,48809,21083,27726,10078,7284,2794,1904,791,1113,1010,502,508,36827,13008,23819,1046,239,807
B0103,08,800455,Hanumangarh (M Cl),Urban,Literate,102149,58626,43523,35565,31860,3705,3058,2089,969,1424,1090,334,63526,24677,38849,6131,2861,3270
B0103,08,800455,Hanumangarh (M Cl),Urban,Literate but below matric/secondary,51940,28686,23254,14036,12828,1208,1635,1132,503,791,628,163,36269,14726,21543,1597,660,937
B0103,08,800455,Hanumangarh (M Cl),Urban,Matric/secondary but below graduate,29616,17791,11825,10992,10277,715,788,535,253,332,263,69,17836,6979,10857,2314,1221,1093
B0103,08,800455,Hanumangarh (M Cl),Urban,Technical diploma or certificate not equal to degree,745,562,183,377,314,63,21,18,3,12,10,2,347,230,117,90,69,21
B0103,08,800455,Hanumangarh (M Cl),Urban,Graduate and above other than technical degree,14039,8351,5688,7509,6372,1137,354,241,113,164,114,50,6176,1738,4438,1506,621,885
B0103,08,800455,Hanumangarh (M Cl),Urban,Technical degree or diploma equal to degree or post-graduate degree,2831,1627,1204,1375,998,377,79,50,29,34,22,12,1377,579,798,487,221,266
B0103,08,800460,Bikaner (M Corp.),Urban,Total,644406,338442,305964,186436,163262,23174,19653,13130,6523,8362,6749,1613,438317,162050,276267,27648,14288,13360
B0103,08,800460,Bikaner (M Corp.),Urban,Illiterate,200142,83672,116470,32349,23683,8666,6274,2984,3290,2363,1654,709,161519,57005,104514,3358,1126,2232
B0103,08,800460,Bikaner (M Corp.),Urban,Literate,444264,254770,189494,154087,139579,14508,13379,10146,3233,5999,5095,904,276798,105045,171753,24290,13162,11128
B0103,08,800460,Bikaner (M Corp.),Urban,Literate but below matric/secondary,231616,124360,107256,59882,55130,4752,7250,5341,1909,3164,2764,400,164484,63889,100595,6430,3526,2904
B0103,08,800460,Bikaner (M Corp.),Urban,Matric/secondary but below graduate,113954,71790,42164,45577,43363,2214,2957,2441,516,1451,1256,195,65420,25986,39434,7949,4748,3201
B0103,08,800460,Bikaner (M Corp.),Urban,Technical diploma or certificate not equal to degree,2696,2033,663,1395,1114,281,64,56,8,36,31,5,1237,863,374,291,216,75
B0103,08,800460,Bikaner (M Corp.),Urban,Graduate and above other than technical degree,61801,37719,24082,32705,27935,4770,1712,1282,430,797,592,205,27384,8502,18882,6448,3002,3446
B0103,08,800460,Bikaner (M Corp.),Urban,Technical degree or diploma equal to degree or post-graduate degree,11568,7246,4322,5755,4390,1365,363,253,110,164,116,48,5450,2603,2847,2089,1163,926
B0103,08,800468,Churu (M Cl+OG),Urban,Total,120157,61774,58383,29505,26919,2586,4354,2965,1389,2031,1815,216,86298,31890,54408,5380,2941,2439
B0103,08,800468,Churu (M Cl+OG),Urban,Illiterate,43376,16452,26924,5192,4252,940,1619,831,788,580,485,95,36565,11369,25196,821,283,538
B0103,08,800468,Churu (M Cl+OG),Urban,Literate,76781,45322,31459,24313,22667,1646,2735,2134,601,1451,1330,121,49733,20521,29212,4559,2658,1901
B0103,08,800468,Churu (M Cl+OG),Urban,Literate but below matric/secondary,47391,26414,20977,11952,11417,535,1801,1385,416,922,859,63,33638,13612,20026,1577,898,679
B0103,08,800468,Churu (M Cl+OG),Urban,Matric/secondary but below graduate,17713,11560,6153,6440,6164,276,583,504,79,335,310,25,10690,4892,5798,1571,1039,532
B0103,08,800468,Churu (M Cl+OG),Urban,Technical diploma or certificate not equal to degree,237,156,81,94,61,33,8,7,1,7,7,0,135,88,47,50,38,12
B0103,08,800468,Churu (M Cl+OG),Urban,Graduate and above other than technical degree,7415,4980,2435,4207,3626,581,169,116,53,104,81,23,3039,1238,1801,960,475,485
B0103,08,800468,Churu (M Cl+OG),Urban,Technical degree or diploma equal to degree or post-graduate degree,1341,893,448,692,550,142,26,21,5,19,16,3,623,322,301,276,147,129
B0103,08,800473,Sujangarh (M),Urban,Total,101523,51906,49617,25478,23049,2429,3488,2274,1214,1573,1376,197,72557,26583,45974,1944,1202,742
B0103,08,800473,Sujangarh (M),Urban,Illiterate,38140,14905,23235,5114,3987,1127,1423,643,780,518,394,124,31603,10275,21328,296,125,171
B0103,08,800473,Sujangarh (M),Urban,Literate,63383,37001,26382,20364,19062,1302,2065,1631,434,1055,982,73,40954,16308,24646,1648,1077,571
B0103,08,800473,Sujangarh (M),Urban,Literate but below matric/secondary,41856,23180,18676,10998,10357,641,1375,1051,324,731,675,56,29483,11772,17711,645,439,206
B0103,08,800473,Sujangarh (M),Urban,Matric/secondary but below graduate,13498,8752,4746,5253,5065,188,370,331,39,175,172,3,7875,3356,4519,596,392,204
B0103,08,800473,Sujangarh (M),Urban,Technical diploma or certificate not equal to degree,138,102,36,62,48,14,6,4,2,3,3,0,70,50,20,14,12,2
B0103,08,800473,Sujangarh (M),Urban,Graduate and above other than technical degree,4714,3300,1414,2859,2569,290,116,94,22,49,42,7,1739,637,1102,278,163,115
B0103,08,800473,Sujangarh (M),Urban,Technical degree or diploma equal to degree or post-graduate degree,570,364,206,305,234,71,18,13,5,5,4,1,247,117,130,66,39,27
B0103,08,800476,Jhunjhunun (M Cl),Urban,Total,118473,61548,56925,30101,26555,3546,2346,1561,785,973,809,164,86026,33432,52594,4715,2646,2069
B0103,08,800476,Jhunjhunun (M Cl),Urban,Illiterate,43593,17606,25987,6414,5162,1252,857,394,463,258,185,73,36322,12050,24272,476,214,262
B0103,08,800476,Jhunjhunun (M Cl),Urban,Literate,74880,43942,30938,23687,21393,2294,1489,1167,322,715,624,91,49704,21382,28322,4239,2432,1807
B0103,08,800476,Jhunjhunun (M Cl),Urban,Literate but below matric/secondary,44891,25126,19765,11195,10608,587,1018,784,234,463,407,56,32678,13734,18944,932,608,324
B0103,08,800476,Jhunjhunun (M Cl),Urban,Matric/secondary but below graduate,16961,10881,6080,5548,5234,314,273,230,43,136,117,19,11140,5417,5723,1426,913,513
B0103,08,800476,Jhunjhunun (M Cl),Urban,Technical diploma or certificate not equal to degree,343,218,125,180,104,76,3,2,1,3,2,1,160,112,48,68,47,21
B0103,08,800476,Jhunjhunun (M Cl),Urban,Graduate and above other than technical degree,8618,5425,3193,4911,3979,932,104,80,24,64,52,12,3603,1366,2237,1246,589,657
B0103,08,800476,Jhunjhunun (M Cl),Urban,Technical degree or diploma equal to degree or post-graduate degree,1785,1057,728,909,635,274,17,17,0,15,15,0,859,405,454,468,219,249
B0103,08,800487,Bhiwadi (M),Urban,Total,104921,59712,45209,37595,32545,5050,2919,973,1946,564,305,259,64407,26194,38213,2018,810,1208
B0103,08,800487,Bhiwadi (M),Urban,Illiterate,34801,15658,19143,7019,4581,2438,1289,216,1073,204,74,130,26493,10861,15632,310,72,238
B0103,08,800487,Bhiwadi (M),Urban,Literate,70120,44054,26066,30576,27964,2612,1630,757,873,360,231,129,37914,15333,22581,1708,738,970
B0103,08,800487,Bhiwadi (M),Urban,Literate but below matric/secondary,37621,22186,15435,11499,10336,1163,1070,436,634,223,148,75,25052,11414,13638,644,303,341
B0103,08,800487,Bhiwadi (M),Urban,Matric/secondary but below graduate,19883,13741,6142,11023,10480,543,407,249,158,92,60,32,8453,3012,5441,494,285,209
B0103,08,800487,Bhiwadi (M),Urban,Technical diploma or certificate not equal to degree,1169,1068,101,982,942,40,13,11,2,5,3,2,174,115,59,31,25,6
B0103,08,800487,Bhiwadi (M),Urban,Graduate and above other than technical degree,8306,4990,3316,5085,4498,587,70,37,33,24,14,10,3151,455,2696,395,76,319
B0103,08,800487,Bhiwadi (M),Urban,Technical degree or diploma equal to degree or post-graduate degree,1829,1341,488,1302,1113,189,12,8,4,8,4,4,515,220,295,118,45,73
B0103,08,800490,Alwar (M Cl+OG),Urban,Total,322568,170530,152038,93661,79744,13917,8997,5675,3322,4473,3428,1045,219910,85111,134799,18560,8445,10115
B0103,08,800490,Alwar (M Cl+OG),Urban,Illiterate,77756,31230,46526,9842,6249,3593,2531,1046,1485,1067,617,450,65383,23935,41448,1782,483,1299
B0103,08,800490,Alwar (M Cl+OG),Urban,Literate,244812,139300,105512,83819,73495,10324,6466,4629,1837,3406,2811,595,154527,61176,93351,16778,7962,8816
B0103,08,800490,Alwar (M Cl+OG),Urban,Literate but below matric/secondary,109164,57742,51422,24842,22420,2422,3665,2642,1023,1954,1677,277,80657,32680,47977,3784,1645,2139
B0103,08,800490,Alwar (M Cl+OG),Urban,Matric/secondary but below graduate,68439,41162,27277,23460,21905,1555,1438,1122,316,754,676,78,43541,18135,25406,5220,2887,2333
B0103,08,800490,Alwar (M Cl+OG),Urban,Technical diploma or certificate not equal to degree,2835,2249,586,1471,1261,210,57,49,8,28,24,4,1307,939,368,336,255,81
B0103,08,800490,Alwar (M Cl+OG),Urban,Graduate and above other than technical degree,47720,28251,19469,25872,21493,4379,837,532,305,473,302,171,21011,6226,14785,5268,2106,3162
B0103,08,800490,Alwar (M Cl+OG),Urban,Technical degree or diploma equal to degree or post-graduate degree,11044,7046,3998,5961,4574,1387,169,103,66,105,64,41,4914,2369,2545,1879,935,944
B0103,08,800498,Bharatpur (M Cl+OG),Urban,Total,252838,134040,118798,63633,55707,7926,8835,6332,2503,4762,3898,864,180370,72001,108369,16488,8472,8016
B0103,08,800498,Bharatpur (M Cl+OG),Urban,Illiterate,74335,30533,43802,9186,6778,2408,2512,1298,1214,1194,816,378,62637,22457,40180,2354,649,1705
B0103,08,800498,Bharatpur (M Cl+OG),Urban,Literate,178503,103507,74996,54447,48929,5518,6323,5034,1289,3568,3082,486,117733,49544,68189,14134,7823,6311
B0103,08,800498,Bharatpur (M Cl+OG),Urban,Literate but below matric/secondary,88629,48010,40619,18778,17335,1443,3384,2686,698,1880,1673,207,66467,27989,38478,3710,1958,1752
B0103,08,800498,Bharatpur (M Cl+OG),Urban,Matric/secondary but below graduate,50118,31031,19087,16268,15136,1132,1701,1433,268,968,860,108,32149,14462,17687,4925,3085,1840
B0103,08,800498,Bharatpur (M Cl+OG),Urban,Technical diploma or certificate not equal to degree,1635,1312,323,688,593,95,42,34,8,27,23,4,905,685,220,295,255,40
B0103,08,800498,Bharatpur (M Cl+OG),Urban,Graduate and above other than technical degree,27970,17071,10899,14295,12180,2115,768,569,199,462,349,113,12907,4322,8585,3750,1741,2009
B0103,08,800498,Bharatpur (M Cl+OG),Urban,Technical degree or diploma equal to degree or post-graduate degree,5441,3663,1778,2793,2275,518,154,111,43,104,76,28,2494,1277,1217,1122,604,518
B0103,08,800503,Dhaulpur (M+OG),Urban,Total,133075,71298,61777,30278,27081,3197,6200,4869,1331,3368,2870,498,96597,39348,57249,8353,4562,3791
B0103,08,800503,Dhaulpur (M+OG),Urban,Illiterate,46450,20337,26113,6298,5145,1153,2067,1392,675,1065,826,239,38085,13800,24285,1470,505,965
B0103,08,800503,Dhaulpur (M+OG),Urban,Literate,86625,50961,35664,23980,21936,2044,4133,3477,656,2303,2044,259,58512,25548,32964,6883,4057,2826
B0103,08,800503,Dhaulpur (M+OG),Urban,Literate but below matric/secondary,48387,27027,21360,9332,8680,652,2366,1999,367,1342,1227,115,36689,16348,20341,2216,1311,905
B0103,08,800503,Dhaulpur (M+OG),Urban,Matric/secondary but below graduate,21606,13324,8282,6731,6338,393,931,790,141,497,425,72,13944,6196,7748,2525,1571,954
B0103,08,800503,Dhaulpur (M+OG),Urban,Technical diploma or certificate not equal to degree,785,638,147,309,264,45,31,31,0,24,24,0,445,343,102,159,130,29
B0103,08,800503,Dhaulpur (M+OG),Urban,Graduate and above other than technical degree,9520,6034,3486,4899,4293,606,424,333,91,227,179,48,4197,1408,2789,1243,606,637
B0103,08,800503,Dhaulpur (M+OG),Urban,Technical degree or diploma equal to degree or post-graduate degree,2262,1646,616,1224,1008,216,85,72,13,45,38,7,953,566,387,435,268,167
B0103,08,800506,Hindaun (M),Urban,Total,105452,55834,49618,27841,24234,3607,4757,2267,2490,1946,1275,671,72854,29333,43521,5185,2427,2758
B0103,08,800506,Hindaun (M),Urban,Illiterate,37852,14962,22890,5750,3871,1879,2228,607,1621,694,300,394,29874,10484,19390,1110,227,883
B0103,08,800506,Hindaun (M),Urban,Literate,67600,40872,26728,22091,20363,1728,2529,1660,869,1252,975,277,42980,18849,24131,4075,2200,1875
B0103,08,800506,Hindaun (M),Urban,Literate but below matric/secondary,38399,21755,16644,9502,8752,750,1536,962,574,737,572,165,27361,12041,15320,1192,514,678
B0103,08,800506,Hindaun (M),Urban,Matric/secondary but below graduate,15764,10418,5346,5839,5594,245,454,336,118,239,197,42,9471,4488,4983,1301,831,470
B0103,08,800506,Hindaun (M),Urban,Technical diploma or certificate not equal to degree,606,494,112,272,234,38,14,13,1,8,7,1,320,247,73,104,82,22
B0103,08,800506,Hindaun (M),Urban,Graduate and above other than technical degree,6294,4040,2254,3379,3006,373,190,121,69,102,69,33,2725,913,1812,886,426,460
B0103,08,800506,Hindaun (M),Urban,Technical degree or diploma equal to degree or post-graduate degree,1670,1251,419,903,783,120,59,41,18,39,26,13,708,427,281,340,211,129
B0103,08,800508,Gangapur City (M),Urban,Total,119090,62829,56261,28435,25147,3288,6739,4316,2423,3008,2212,796,83916,33366,50550,7635,3955,3680
B0103,08,800508,Gangapur City (M),Urban,Illiterate,37819,14453,23366,4239,2868,1371,1933,761,1172,787,405,382,31647,10824,20823,1200,269,931
B0103,08,800508,Gangapur City (M),Urban,Literate,81271,48376,32895,24196,22279,1917,4806,3555,1251,2221,1807,414,52269,22542,29727,6435,3686,2749
B0103,08,800508,Gangapur City (M),Urban,Literate but below matric/secondary,39126,21578,17548,8005,7446,559,2126,1598,528,1006,849,157,28995,12534,16461,1729,905,824
B0103,08,800508,Gangapur City (M),Urban,Matric/secondary but below graduate,16816,10689,6127,5330,5072,258,770,585,185,347,288,59,10716,5032,5684,1823,1151,672
B0103,08,800508,Gangapur City (M),Urban,Technical diploma or certificate not equal to degree,818,684,134,352,317,35,36,31,5,19,14,5,430,336,94,166,138,28
B0103,08,800508,Gangapur City (M),Urban,Graduate and above other than technical degree,7823,5185,2638,4040,3616,424,398,282,116,174,126,48,3385,1287,2098,1175,632,543
B0103,08,800508,Gangapur City (M),Urban,Technical degree or diploma equal to degree or post-graduate degree,2027,1542,485,1017,914,103,99,82,17,49,41,8,911,546,365,447,288,159
B0103,08,800509,Sawai Madhopur (M),Urban,Total,121106,63014,58092,31262,26700,4562,5052,3558,1494,2336,1774,562,84792,32756,52036,6759,3509,3250
B0103,08,800509,Sawai Madhopur (M),Urban,Illiterate,37306,13736,23570,4721,2820,1901,1540,708,832,693,352,341,31045,10208,20837,1029,260,769
B0103,08,800509,Sawai Madhopur (M),Urban,Literate,83800,49278,34522,26541,23880,2661,3512,2850,662,1643,1422,221,53747,22548,31199,5730,3249,2481
B0103,08,800509,Sawai Madhopur (M),Urban,Literate but below matric/secondary,46647,25398,21249,11070,10003,1067,2054,1662,392,986,880,106,33523,13733,19790,1783,875,908
B0103,08,800509,Sawai Madhopur (M),Urban,Matric/secondary but below graduate,20246,12917,7329,6914,6462,452,745,645,100,337,295,42,12587,5810,6777,1957,1249,708
B0103,08,800509,Sawai Madhopur (M),Urban,Technical diploma or certificate not equal to degree,698,575,123,285,249,36,13,8,5,8,4,4,400,318,82,132,116,16
B0103,08,800509,Sawai Madhopur (M),Urban,Graduate and above other than technical degree,11227,7418,3809,6102,5351,751,415,326,89,187,143,44,4710,1741,2969,1282,682,600
B0103,08,800509,Sawai Madhopur (M),Urban,Technical degree or diploma equal to degree or post-graduate degree,2253,1562,691,1160,973,187,66,54,12,28,20,8,1027,535,492,411,231,180
B0103,08,800522,Jaipur (M Corp.),Urban,Total,3046163,1603125,1443038,919409,784037,135372,66085,39945,26140,29377,19790,9587,2060669,779143,1281526,132085,60862,71223
B0103,08,800522,Jaipur (M Corp.),Urban,Illiterate,830628,356880,473748,132319,92470,39849,20055,9030,11025,8445,4468,3977,678254,255380,422874,18049,4973,13076
B0103,08,800522,Jaipur (M Corp.),Urban,Literate,2215535,1246245,969290,787090,691567,95523,46030,30915,15115,20932,15322,5610,1382415,523763,858652,114036,55889,58147
B0103,08,800522,Jaipur (M Corp.),Urban,Literate but below matric/secondary,1050907,552653,498254,257469,231262,26207,23696,15855,7841,11035,8274,2761,769742,305536,464206,34295,15313,18982
B0103,08,800522,Jaipur (M Corp.),Urban,Matric/secondary but below graduate,568989,339379,229610,212360,197648,14712,10908,7838,3070,4924,3783,1141,345721,133893,211828,34252,18941,15311
B0103,08,800522,Jaipur (M Corp.),Urban,Technical diploma or certificate not equal to degree,9778,7113,2665,5469,4440,1029,155,116,39,72,50,22,4154,2557,1597,843,579,264
B0103,08,800522,Jaipur (M Corp.),Urban,Graduate and above other than technical degree,458998,270550,188448,250467,209256,41211,7533,4706,2827,3346,2165,1181,200998,56588,144410,33451,15032,18419
B0103,08,800522,Jaipur (M Corp.),Urban,Technical degree or diploma equal to degree or post-graduate degree,74150,48557,25593,41069,31582,9487,1375,867,508,664,445,219,31706,16108,15598,8644,4846,3798
B0103,08,800527,Sikar (M Cl+OG),Urban,Total,244497,126837,117660,60819,54567,6252,9236,6646,2590,4172,3423,749,174442,65624,108818,10800,6060,4740
B0103,08,800527,Sikar (M Cl+OG),Urban,Illiterate,85090,34757,50333,10821,8766,2055,2764,1515,1249,1239,887,352,71505,24476,47029,1665,675,990
B0103,08,800527,Sikar (M Cl+OG),Urban,Literate,159407,92080,67327,49998,45801,4197,6472,5131,1341,2933,2536,397,102937,41148,61789,9135,5385,3750
B0103,08,800527,Sikar (M Cl+OG),Urban,Literate but below matric/secondary,89484,48300,41184,21447,20110,1337,3644,2842,802,1744,1543,201,64393,25348,39045,2878,1671,1207
B0103,08,800527,Sikar (M Cl+OG),Urban,Matric/secondary but below graduate,38136,23986,14150,13016,12324,692,1414,1207,207,650,568,82,23706,10455,13251,3215,2028,1187
B0103,08,800527,Sikar (M Cl+OG),Urban,Technical diploma or certificate not equal to degree,798,638,160,362,299,63,32,25,7,14,13,1,404,314,90,141,118,23
B0103,08,800527,Sikar (M Cl+OG),Urban,Graduate and above other than technical degree,17509,11647,5862,9806,8510,1296,586,462,124,232,180,52,7117,2675,4442,1848,1011,837
B0103,08,800527,Sikar (M Cl+OG),Urban,Technical degree or diploma equal to degree or post-graduate degree,3277,2152,1125,1714,1336,378,115,75,40,45,27,18,1448,741,707,561,296,265
B0103,08,800535,Nagaur (M+OG),Urban,Total,105218,54126,51092,27799,23937,3862,4235,2464,1771,2116,1283,833,73184,27725,45459,8054,3500,4554
B0103,08,800535,Nagaur (M+OG),Urban,Illiterate,40975,16956,24019,7078,5309,1769,1689,699,990,824,361,463,32208,10948,21260,2315,633,1682
B0103,08,800535,Nagaur (M+OG),Urban,Literate,64243,37170,27073,20721,18628,2093,2546,1765,781,1292,922,370,40976,16777,24199,5739,2867,2872
B0103,08,800535,Nagaur (M+OG),Urban,Literate but below matric/secondary,36719,19591,17128,8743,7840,903,1439,958,481,682,467,215,26537,10793,15744,2664,1168,1496
B0103,08,800535,Nagaur (M+OG),Urban,Matric/secondary but below graduate,15887,9923,5964,6082,5599,483,590,449,141,316,243,73,9215,3875,5340,1876,1003,873
B0103,08,800535,Nagaur (M+OG),Urban,Technical diploma or certificate not equal to degree,197,143,54,118,90,28,10,5,5,8,4,4,69,48,21,30,22,8
B0103,08,800535,Nagaur (M+OG),Urban,Graduate and above other than technical degree,6374,4396,1978,3575,3167,408,220,163,57,118,87,31,2579,1066,1513,676,377,299
B0103,08,800535,Nagaur (M+OG),Urban,Technical degree or diploma equal to degree or post-graduate degree,1438,988,450,762,639,123,67,44,23,42,28,14,609,305,304,203,127,76
B0103,08,800544,Jodhpur (M Corp.+OG),Urban,Total,1056191,555371,500820,307644,267876,39768,36257,22962,13295,14159,10085,4074,712290,264533,447757,44645,20691,23954
B0103,08,800544,Jodhpur (M Corp.+OG),Urban,Illiterate,315975,134474,181501,47542,36093,11449,10240,5145,5095,3949,2450,1499,258193,93236,164957,7274,2068,5206
B0103,08,800544,Jodhpur (M Corp.+OG),Urban,Literate,740216,420897,319319,260102,231783,28319,26017,17817,8200,10210,7635,2575,454097,171297,282800,37371,18623,18748
B0103,08,800544,Jodhpur (M Corp.+OG),Urban,Literate but below matric/secondary,364204,194196,170008,92113,83780,8333,12998,8892,4106,5157,4098,1059,259093,101524,157569,10665,5054,5611
B0103,08,800544,Jodhpur (M Corp.+OG),Urban,Matric/secondary but below graduate,187864,116863,71001,75075,70611,4464,5894,4302,1592,2349,1822,527,106895,41950,64945,11882,6820,5062
B0103,08,800544,Jodhpur (M Corp.+OG),Urban,Technical diploma or certificate not equal to degree,4725,3646,1079,2696,2285,411,148,118,30,67,54,13,1881,1243,638,427,303,124
B0103,08,800544,Jodhpur (M Corp.+OG),Urban,Graduate and above other than technical degree,119361,70273,49088,62445,52360,10085,4050,2624,1426,1535,916,619,52866,15289,37577,9661,4053,5608
B0103,08,800544,Jodhpur (M Corp.+OG),Urban,Technical degree or diploma equal to degree or post-graduate degree,21561,14147,7414,11211,8679,2532,753,508,245,332,214,118,9597,4960,4637,2805,1585,1220
B0103,08,800561,Pali (M Cl),Urban,Total,230075,119924,110151,68314,60442,7872,5205,2688,2517,1681,1052,629,156556,56794,99762,5199,2593,2606
B0103,08,800561,Pali (M Cl),Urban,Illiterate,76195,29121,47074,11823,8076,3747,1772,486,1286,513,170,343,62600,20559,42041,808,192,616
B0103,08,800561,Pali (M Cl),Urban,Literate,153880,90803,63077,56491,52366,4125,3433,2202,1231,1168,882,286,93956,36235,57721,4391,2401,1990
B0103,08,800561,Pali (M Cl),Urban,Literate but below matric/secondary,94630,52535,42095,28417,26334,2083,2253,1383,870,762,580,182,63960,24818,39142,1750,835,915
B0103,08,800561,Pali (M Cl),Urban,Matric/secondary but below graduate,36860,24137,12723,15899,15178,721,665,505,160,211,180,31,20296,8454,11842,1451,920,531
B0103,08,800561,Pali (M Cl),Urban,Technical diploma or certificate not equal to degree,482,382,100,248,209,39,10,9,1,5,5,0,224,164,60,37,27,10
B0103,08,800561,Pali (M Cl),Urban,Graduate and above other than technical degree,14183,9343,4840,8323,7516,807,260,170,90,105,67,38,5600,1657,3943,758,397,361
B0103,08,800561,Pali (M Cl),Urban,Technical degree or diploma equal to degree or post-graduate degree,2051,1425,626,1116,937,179,53,36,17,31,20,11,882,452,430,244,159,85
B0103,08,800568,Kishangarh (M Cl),Urban,Total,154886,80024,74862,44306,39100,5206,3470,2293,1177,1387,980,407,107110,38631,68479,4145,1884,2261
B0103,08,800568,Kishangarh (M Cl),Urban,Illiterate,49934,20092,29842,7309,4969,2340,1094,475,619,464,234,230,41531,14648,26883,730,160,570
B0103,08,800568,Kishangarh (M Cl),Urban,Literate,104952,59932,45020,36997,34131,2866,2376,1818,558,923,746,177,65579,23983,41596,3415,1724,1691
B0103,08,800568,Kishangarh (M Cl),Urban,Literate but below matric/secondary,58531,31819,26712,15899,14711,1188,1217,914,303,509,416,93,41415,16194,25221,1127,576,551
B0103,08,800568,Kishangarh (M Cl),Urban,Matric/secondary but below graduate,22840,14274,8566,9374,8915,459,448,355,93,166,136,30,13018,5004,8014,1001,575,426
B0103,08,800568,Kishangarh (M Cl),Urban,Technical diploma or certificate not equal to degree,257,189,68,126,105,21,3,3,0,2,2,0,128,81,47,24,14,10
B0103,08,800568,Kishangarh (M Cl),Urban,Graduate and above other than technical degree,11750,7332,4418,6605,5967,638,230,169,61,75,55,20,4915,1196,3719,727,317,410
B0103,08,800568,Kishangarh (M Cl),Urban,Technical degree or diploma equal to degree or post-graduate degree,1304,821,483,670,537,133,45,28,17,21,14,7,589,256,333,196,101,95
B0103,08,800570,Ajmer (M Corp.),Urban,Total,542321,278545,263776,161879,134488,27391,13043,9180,3863,6348,5092,1256,367399,134877,232522,23932,11766,12166
B0103,08,800570,Ajmer (M Corp.),Urban,Illiterate,125810,51788,74022,17442,10879,6563,2824,1411,1413,1354,866,488,105544,39498,66046,1903,714,1189
B0103,08,800570,Ajmer (M Corp.),Urban,Literate,416511,226757,189754,144437,123609,20828,10219,7769,2450,4994,4226,768,261855,95379,166476,22029,11052,10977
B0103,08,800570,Ajmer (M Corp.),Urban,Literate but below matric/secondary,194163,101211,92952,49922,43865,6057,5488,4073,1415,2716,2340,376,138753,53273,85480,5710,3028,2682
B0103,08,800570,Ajmer (M Corp.),Urban,Matric/secondary but below graduate,102684,59777,42907,37310,34151,3159,2117,1715,402,990,855,135,63257,23911,39346,6024,3283,2741
B0103,08,800570,Ajmer (M Corp.),Urban,Technical diploma or certificate not equal to degree,3280,2316,964,1637,1291,346,54,46,8,26,22,4,1589,979,610,358,223,135
B0103,08,800570,Ajmer (M Corp.),Urban,Graduate and above other than technical degree,67368,36452,30916,34126,26973,7153,1083,739,344,486,337,149,32159,8740,23419,6124,2541,3583
B0103,08,800570,Ajmer (M Corp.),Urban,Technical degree or diploma equal to degree or post-graduate degree,10621,6002,4619,5393,3657,1736,145,82,63,68,40,28,5083,2263,2820,1637,831,806
B0103,08,800571,Beawar (M Cl+OG),Urban,Total,151152,77616,73536,45488,37216,8272,5317,3541,1776,1317,997,320,100347,36859,63488,3813,2109,1704
B0103,08,800571,Beawar (M Cl+OG),Urban,Illiterate,39576,15471,24105,5498,2885,2613,1060,366,694,218,104,114,33018,12220,20798,428,157,271
B0103,08,800571,Beawar (M Cl+OG),Urban,Literate,111576,62145,49431,39990,34331,5659,4257,3175,1082,1099,893,206,67329,24639,42690,3385,1952,1433
B0103,08,800571,Beawar (M Cl+OG),Urban,Literate but below matric/secondary,49599,26221,23378,13230,11044,2186,1655,1152,503,486,387,99,34714,14025,20689,967,562,405
B0103,08,800571,Beawar (M Cl+OG),Urban,Matric/secondary but below graduate,21779,13206,8573,8162,7562,600,702,588,114,197,166,31,12915,5056,7859,863,552,311
B0103,08,800571,Beawar (M Cl+OG),Urban,Technical diploma or certificate not equal to degree,548,407,141,263,215,48,15,12,3,4,4,0,270,180,90,47,38,9
B0103,08,800571,Beawar (M Cl+OG),Urban,Graduate and above other than technical degree,12103,7176,4927,6364,5462,902,399,307,92,92,65,27,5340,1407,3933,680,333,347
B0103,08,800571,Beawar (M Cl+OG),Urban,Technical degree or diploma equal to degree or post-graduate degree,1664,1081,583,907,729,178,77,60,17,24,19,5,680,292,388,162,83,79
B0103,08,800578,Tonk (M Cl),Urban,Total,165294,84806,80488,50117,37524,12593,7891,4456,3435,3622,2372,1250,107286,42826,64460,8464,3562,4902
B0103,08,800578,Tonk (M Cl),Urban,Illiterate,68230,28718,39512,17894,9910,7984,4053,1658,2395,1791,899,892,46283,17150,29133,2117,515,1602
B0103,08,800578,Tonk (M Cl),Urban,Literate,97064,56088,40976,32223,27614,4609,3838,2798,1040,1831,1473,358,61003,25676,35327,6347,3047,3300
B0103,08,800578,Tonk (M Cl),Urban,Literate but below matric/secondary,60104,33384,26720,16554,13947,2607,2659,1885,774,1308,1044,264,40891,17552,23339,2304,960,1344
B0103,08,800578,Tonk (M Cl),Urban,Matric/secondary but below graduate,20922,12772,8150,7289,6706,583,613,497,116,297,244,53,13020,5569,7451,2030,1127,903
B0103,08,800578,Tonk (M Cl),Urban,Technical diploma or certificate not equal to degree,473,321,152,180,129,51,8,7,1,4,4,0,285,185,100,90,66,24
B0103,08,800578,Tonk (M Cl),Urban,Graduate and above other than technical degree,9690,6241,3449,5439,4636,803,219,178,41,104,89,15,4032,1427,2605,1255,576,679
B0103,08,800578,Tonk (M Cl),Urban,Technical degree or diploma equal to degree or post-graduate degree,2086,1296,790,1023,803,220,65,50,15,36,30,6,998,443,555,452,235,217
B0103,08,800587,Bundi (M+OG),Urban,Total,104919,54485,50434,31057,25979,5078,3938,2362,1576,1652,1161,491,69924,26144,43780,6197,2635,3562
B0103,08,800587,Bundi (M+OG),Urban,Illiterate,30016,12083,17933,5340,3344,1996,1274,540,734,518,289,229,23402,8199,15203,840,196,644
B0103,08,800587,Bundi (M+OG),Urban,Literate,74903,42402,32501,25717,22635,3082,2664,1822,842,1134,872,262,46522,17945,28577,5357,2439,2918
B0103,08,800587,Bundi (M+OG),Urban,Literate but below matric/secondary,41015,22059,18956,11234,10014,1220,1631,1078,553,673,528,145,28150,10967,17183,1783,727,1056
B0103,08,800587,Bundi (M+OG),Urban,Matric/secondary but below graduate,18732,11202,7530,6513,6026,487,559,424,135,234,189,45,11660,4752,6908,1611,847,764
B0103,08,800587,Bundi (M+OG),Urban,Technical diploma or certificate not equal to degree,576,368,208,232,159,73,9,5,4,7,5,2,335,204,131,134,88,46
B0103,08,800587,Bundi (M+OG),Urban,Graduate and above other than technical degree,11138,6790,4348,6105,5135,970,321,221,100,159,108,51,4712,1434,3278,1358,553,805
B0103,08,800587,Bundi (M+OG),Urban,Technical degree or diploma equal to degree or post-graduate degree,2010,1291,719,1045,821,224,63,43,20,30,19,11,902,427,475,388,194,194
B0103,08,800592,Bhilwara (M Cl),Urban,Total,359483,187081,172402,115095,95574,19521,11480,6458,5022,2647,1477,1170,232908,85049,147859,8412,3536,4876
B0103,08,800592,Bhilwara (M Cl),Urban,Illiterate,102453,41598,60855,18134,10476,7658,3914,1271,2643,869,293,576,80405,29851,50554,1328,312,1016
B0103,08,800592,Bhilwara (M Cl),Urban,Literate,257030,145483,111547,96961,85098,11863,7566,5187,2379,1778,1184,594,152503,55198,97305,7084,3224,3860
B0103,08,800592,Bhilwara (M Cl),Urban,Literate but below matric/secondary,121382,65257,56125,32889,29074,3815,3173,2078,1095,820,571,249,85320,34105,51215,2211,981,1230
B0103,08,800592,Bhilwara (M Cl),Urban,Matric/secondary but below graduate,58045,34945,23100,23766,21922,1844,1472,1108,364,325,239,86,32807,11915,20892,2018,1075,943
B0103,08,800592,Bhilwara (M Cl),Urban,Technical diploma or certificate not equal to degree,1202,851,351,646,520,126,30,17,13,7,3,4,526,314,212,74,46,28
B0103,08,800592,Bhilwara (M Cl),Urban,Graduate and above other than technical degree,36514,21736,14778,21011,17682,3329,1024,700,324,235,129,106,14479,3354,11125,1536,557,979
B0103,08,800592,Bhilwara (M Cl),Urban,Technical degree or diploma equal to degree or post-graduate degree,5274,3120,2154,2955,2166,789,180,115,65,63,37,26,2139,839,1300,452,199,253
B0103,08,800601,Banswara (M+OG),Urban,Total,101017,51585,49432,30390,24209,6181,4112,2426,1686,1488,977,511,66515,24950,41565,5211,2118,3093
B0103,08,800601,Banswara (M+OG),Urban,Illiterate,25045,10576,14469,3309,1952,1357,1201,467,734,414,192,222,20535,8157,12378,709,176,533
B0103,08,800601,Banswara (M+OG),Urban,Literate,75972,41009,34963,27081,22257,4824,2911,1959,952,1074,785,289,45980,16793,29187,4502,1942,2560
B0103,08,800601,Banswara (M+OG),Urban,Literate but below matric/secondary,35988,18458,17530,8633,7344,1289,1527,1055,472,552,411,141,25828,10059,15769,1479,672,807
B0103,08,800601,Banswara (M+OG),Urban,Matric/secondary but below graduate,20370,11458,8912,7867,6791,1076,647,437,210,210,160,50,11856,4230,7626,1409,682,727
B0103,08,800601,Banswara (M+OG),Urban,Technical diploma or certificate not equal to degree,828,564,264,502,370,132,22,10,12,12,7,5,304,184,120,77,44,33
B0103,08,800601,Banswara (M+OG),Urban,Graduate and above other than technical degree,11408,6392,5016,6528,4987,1541,301,181,120,101,61,40,4579,1224,3355,926,310,616
B0103,08,800601,Banswara (M+OG),Urban,Technical degree or diploma equal to degree or post-graduate degree,2444,1445,999,1471,1020,451,69,38,31,32,19,13,904,387,517,296,124,172
B0103,08,800605,Chittaurgarh (M),Urban,Total,116406,60068,56338,37912,30281,7631,4268,2020,2248,1649,940,709,74226,27767,46459,5513,1918,3595
B0103,08,800605,Chittaurgarh (M),Urban,Illiterate,30557,12211,18346,6234,2986,3248,1454,372,1082,466,159,307,22869,8853,14016,556,76,480
B0103,08,800605,Chittaurgarh (M),Urban,Literate,85849,47857,37992,31678,27295,4383,2814,1648,1166,1183,781,402,51357,18914,32443,4957,1842,3115
B0103,08,800605,Chittaurgarh (M),Urban,Literate but below matric/secondary,43171,22860,20311,11372,9885,1487,1678,990,688,713,500,213,30121,11985,18136,1664,595,1069
B0103,08,800605,Chittaurgarh (M),Urban,Matric/secondary but below graduate,21544,12708,8836,8344,7684,660,574,368,206,217,153,64,12626,4656,7970,1506,662,844
B0103,08,800605,Chittaurgarh (M),Urban,Technical diploma or certificate not equal to degree,947,708,239,612,505,107,21,16,5,11,9,2,314,187,127,87,48,39
B0103,08,800605,Chittaurgarh (M),Urban,Graduate and above other than technical degree,14368,8326,6042,8330,6858,1472,293,162,131,139,70,69,5745,1306,4439,1250,387,863
B0103,08,800605,Chittaurgarh (M),Urban,Technical degree or diploma equal to degree or post-graduate degree,2465,1549,916,1536,1156,380,35,19,16,18,10,8,894,374,520,288,106,182
B0103,08,800609,Kota (M Corp.),Urban,Total,1001694,528601,473093,294657,250353,44304,33596,20399,13197,15821,11025,4796,673441,257849,415592,47227,23207,24020
B0103,08,800609,Kota (M Corp.),Urban,Illiterate,273030,113296,159734,45859,29327,16532,10205,3900,6305,4401,2121,2280,216966,80069,136897,5590,1469,4121
B0103,08,800609,Kota (M Corp.),Urban,Literate,728664,415305,313359,248798,221026,27772,23391,16499,6892,11420,8904,2516,456475,177780,278695,41637,21738,19899
B0103,08,800609,Kota (M Corp.),Urban,Literate but below matric/secondary,367826,197017,170809,99186,89458,9728,13141,9360,3781,6365,5122,1243,255499,98199,157300,12541,6028,6513
B0103,08,800609,Kota (M Corp.),Urban,Matric/secondary but below graduate,203776,127550,76226,72551,68063,4488,5449,4138,1311,2661,2173,488,125776,55349,70427,13694,8338,5356
B0103,08,800609,Kota (M Corp.),Urban,Technical diploma or certificate not equal to degree,8273,6789,1484,4142,3701,441,234,200,34,137,115,22,3897,2888,1009,979,795,184
B0103,08,800609,Kota (M Corp.),Urban,Graduate and above other than technical degree,106048,58624,47424,53073,43726,9347,2719,1627,1092,1408,900,508,50256,13271,36985,10084,4181,5903
B0103,08,800609,Kota (M Corp.),Urban,Technical degree or diploma equal to degree or post-graduate degree,22604,14828,7776,11899,9367,2532,585,388,197,343,234,109,10120,5073,5047,3314,1907,1407
B0103,08,800615,Baran (M),Urban,Total,117992,61071,56921,32113,27536,4577,5130,3068,2062,2582,1831,751,80749,30467,50282,7508,3441,4067
B0103,08,800615,Baran (M),Urban,Illiterate,35497,13750,21747,5331,3335,1996,1752,595,1157,831,351,480,28414,9820,18594,1295,239,1056
B0103,08,800615,Baran (M),Urban,Literate,82495,47321,35174,26782,24201,2581,3378,2473,905,1751,1480,271,52335,20647,31688,6213,3202,3011
B0103,08,800615,Baran (M),Urban,Literate but below matric/secondary,47793,25509,22284,12147,10898,1249,2119,1477,642,1105,923,182,33527,13134,20393,2519,1152,1367
B0103,08,800615,Baran (M),Urban,Matric/secondary but below graduate,20645,12958,7687,7513,7112,401,710,571,139,373,334,39,12422,5275,7147,1903,1147,756
B0103,08,800615,Baran (M),Urban,Technical diploma or certificate not equal to degree,454,332,122,195,152,43,7,6,1,2,2,0,252,174,78,85,55,30
B0103,08,800615,Baran (M),Urban,Graduate and above other than technical degree,9702,6101,3601,5075,4455,620,305,235,70,156,124,32,4322,1411,2911,1237,619,618
B0103,08,800615,Baran (M),Urban,Technical degree or diploma equal to degree or post-graduate degree,1851,1261,590,1040,859,181,57,41,16,34,30,4,754,361,393,324,166,158
B0103,08,800623,Udaipur (M Cl),Urban,Total,451100,233959,217141,145750,120637,25113,9464,5647,3817,3777,2512,1265,295886,107675,188211,18593,7708,10885
B0103,08,800623,Udaipur (M Cl),Urban,Illiterate,89602,37200,52402,11609,6734,4875,2024,728,1296,721,318,403,75969,29738,46231,1418,266,1152
B0103,08,800623,Udaipur (M Cl),Urban,Literate,361498,196759,164739,134141,113903,20238,7440,4919,2521,3056,2194,862,219917,77937,141980,17175,7442,9733
B0103,08,800623,Udaipur (M Cl),Urban,Literate but below matric/secondary,155023,79601,75422,39310,34625,4685,3556,2385,1171,1507,1176,331,112157,42591,69566,4349,1867,2482
B0103,08,800623,Udaipur (M Cl),Urban,Matric/secondary but below graduate,102205,58829,43376,38427,35254,3173,1874,1360,514,732,550,182,61904,22215,39689,5487,2804,2683
B0103,08,800623,Udaipur (M Cl),Urban,Technical diploma or certificate not equal to degree,3270,2294,976,1945,1543,402,50,36,14,18,13,5,1275,715,560,211,119,92
B0103,08,800623,Udaipur (M Cl),Urban,Graduate and above other than technical degree,76121,41808,34313,41508,32779,8729,1290,769,521,479,272,207,33323,8260,25063,5115,1776,3339
B0103,08,800623,Udaipur (M Cl),Urban,Technical degree or diploma equal to degree or post-graduate degree,15969,9667,6302,9108,6478,2630,281,165,116,144,80,64,6580,3024,3556,1613,742,871
B0103,09,119761,Khora (CT),Urban,Total,190005,102574,87431,49352,44300,5052,8722,5514,3208,3101,2014,1087,131931,52760,79171,6939,3435,3504
B0103,09,119761,Khora (CT),Urban,Illiterate,54011,22938,31073,5601,4229,1372,1618,693,925,495,227,268,46792,18016,28776,1018,299,719
B0103,09,119761,Khora (CT),Urban,Literate,135994,79636,56358,43751,40071,3680,7104,4821,2283,2606,1787,819,85139,34744,50395,5921,3136,2785
B0103,09,119761,Khora (CT),Urban,Literate but below matric/secondary,73040,38993,34047,15132,13592,1540,3337,2079,1258,1158,754,404,54571,23322,31249,2404,1175,1229
B0103,09,119761,Khora (CT),Urban,Matric/secondary but below graduate,46575,30031,16544,20716,19331,1385,2714,1994,720,1018,737,281,23145,8706,14439,2594,1458,1136
B0103,09,119761,Khora (CT),Urban,Technical diploma or certificate not equal to degree,270,220,50,156,143,13,18,15,3,3,2,1,96,62,34,18,15,3
B0103,09,119761,Khora (CT),Urban,Graduate and above other than technical degree,9692,6692,3000,5482,4995,487,558,403,155,229,161,68,3652,1294,2358,546,310,236
B0103,09,119761,Khora (CT),Urban,Technical degree or diploma equal to degree or post-graduate degree,790,621,169,405,352,53,53,42,11,27,20,7,332,227,105,73,53,20
B0103,09,120227,Noida (CT),Urban,Total,637272,349397,287875,213982,172989,40993,31526,19716,11810,10352,6867,3485,391764,156692,235072,21179,9306,11873
B0103,09,120227,Noida (CT),Urban,Illiterate,160000,73042,86958,23713,16088,7625,5763,2739,3024,2099,1097,1002,130524,54215,76309,3274,821,2453
B0103,09,120227,Noida (CT),Urban,Literate,477272,276355,200917,190269,156901,33368,25763,16977,8786,8253,5770,2483,261240,102477,158763,17905,8485,9420
B0103,09,120227,Noida (CT),Urban,Literate but below matric/secondary,177089,98874,78215,40381,35017,5364,8932,5800,3132,2894,2093,801,127776,58057,69719,5152,2451,2701
B0103,09,120227,Noida (CT),Urban,Matric/secondary but below graduate,120660,75191,45469,49727,45375,4352,7165,5192,1973,2407,1844,563,63768,24624,39144,6069,3300,2769
B0103,09,120227,Noida (CT),Urban,Technical diploma or certificate not equal to degree,4460,3476,984,2992,2534,458,243,184,59,76,58,18,1225,758,467,164,109,55
B0103,09,120227,Noida (CT),Urban,Graduate and above other than technical degree,108825,57504,51321,59330,44359,14971,5466,3160,2306,1646,944,702,44029,9985,34044,4214,1510,2704
B0103,09,120227,Noida (CT),Urban,Technical degree or diploma equal to degree or post-graduate degree,34189,23188,11001,23432,18080,5352,1668,1104,564,540,335,205,9089,4004,5085,1286,714,572
B0103,09,120347,Greater Noida (CT),Urban,Total,102054,55540,46514,31579,24907,6672,5802,3334,2468,2199,1528,671,64673,27299,37374,2931,1472,1459
B0103,09,120347,Greater Noida (CT),Urban,Illiterate,26623,12118,14505,3648,1880,1768,1492,712,780,653,409,244,21483,9526,11957,349,92,257
B0103,09,120347,Greater Noida (CT),Urban,Literate,75431,43422,32009,27931,23027,4904,4310,2622,1688,1546,1119,427,43190,17773,25417,2582,1380,1202
B0103,09,120347,Greater Noida (CT),Urban,Literate but below matric/secondary,29446,15948,13498,5372,4066,1306,1799,1150,649,686,542,144,22275,10732,11543,673,401,272
B0103,09,120347,Greater Noida (CT),Urban,Matric/secondary but below graduate,19875,12365,7510,8410,7469,941,1175,772,403,423,338,85,10290,4124,6166,834,541,293
B0103,09,120347,Greater Noida (CT),Urban,Technical diploma or certificate not equal to degree,1049,917,132,834,787,47,45,37,8,15,10,5,170,93,77,38,28,10
B0103,09,120347,Greater Noida (CT),Urban,Graduate and above other than technical degree,15832,8287,7545,8282,6586,1696,778,348,430,241,119,122,6772,1353,5419,680,231,449
B0103,09,120347,Greater Noida (CT),Urban,Technical degree or diploma equal to degree or post-graduate degree,4959,3557,1402,3378,2813,565,222,153,69,92,60,32,1359,591,768,205,109,96
B0103,09,800630,Saharanpur (M Corp.),Urban,Total,705478,371740,333738,187995,167769,20226,31091,22407,8684,13180,10188,2992,486392,181564,304828,30674,15688,14986
B0103,09,800630,Saharanpur (M Corp.),Urban,Illiterate,237959,112478,125481,41891,36079,5812,9585,6424,3161,4039,3028,1011,186483,69975,116508,5512,2375,3137
B0103,09,800630,Saharanpur (M Corp.),Urban,Literate,467519,259262,208257,146104,131690,14414,21506,15983,5523,9141,7160,1981,299909,111589,188320,25162,13313,11849
B0103,09,800630,Saharanpur (M Corp.),Urban,Literate but below matric/secondary,238802,133598,105204,57167,53184,3983,10931,8387,2544,4662,3863,799,170704,72027,98677,8683,5115,3568
B0103,09,800630,Saharanpur (M Corp.),Urban,Matric/secondary but below graduate,119512,66464,53048,41244,38280,2964,5255,3967,1288,2252,1757,495,73013,24217,48796,8197,4393,3804
B0103,09,800630,Saharanpur (M Corp.),Urban,Technical diploma or certificate not equal to degree,1235,1016,219,582,543,39,62,53,9,31,27,4,591,420,171,155,126,29
B0103,09,800630,Saharanpur (M Corp.),Urban,Graduate and above other than technical degree,70566,36200,34366,31850,26908,4942,2922,1872,1050,1194,746,448,35794,7420,28374,5369,2104,3265
B0103,09,800630,Saharanpur (M Corp.),Urban,Technical degree or diploma equal to degree or post-graduate degree,10183,6572,3611,5210,4100,1110,502,341,161,227,151,76,4471,2131,2340,1122,646,476
B0103,09,800645,Shamli (NPP),Urban,Total,107266,57187,50079,29503,27371,2132,1952,1351,601,617,476,141,75811,28465,47346,2831,1667,1164
B0103,09,800645,Shamli (NPP),Urban,Illiterate,32380,14632,17748,4989,4424,565,480,282,198,142,98,44,26911,9926,16985,483,227,256
B0103,09,800645,Shamli (NPP),Urban,Literate,74886,42555,32331,24514,22947,1567,1472,1069,403,475,378,97,48900,18539,30361,2348,1440,908
B0103,09,800645,Shamli (NPP),Urban,Literate but below matric/secondary,37194,21076,16118,9076,8652,424,812,607,205,223,196,27,27306,11817,15489,699,481,218
B0103,09,800645,Shamli (NPP),Urban,Matric/secondary but below graduate,22730,13337,9393,8456,8083,373,392,294,98,135,109,26,13882,4960,8922,819,526,293
B0103,09,800645,Shamli (NPP),Urban,Technical diploma or certificate not equal to degree,156,127,29,85,79,6,3,3,0,0,0,0,68,45,23,14,12,2
B0103,09,800645,Shamli (NPP),Urban,Graduate and above other than technical degree,11469,5983,5486,5313,4750,563,178,103,75,75,44,31,5978,1130,4848,591,283,308
B0103,09,800645,Shamli (NPP),Urban,Technical degree or diploma equal to degree or post-graduate degree,1874,1262,612,1010,862,148,39,27,12,22,14,8,825,373,452,194,114,80
B0103,09,800652,Muzaffarnagar (NPP),Urban,Total,392768,206782,185986,104729,94901,9828,11877,9010,2867,4903,3880,1023,276162,102871,173291,16576,8825,7751
B0103,09,800652,Muzaffarnagar (NPP),Urban,Illiterate,119593,55069,64524,17587,15299,2288,3774,2811,963,1345,1071,274,98232,36959,61273,2232,990,1242
B0103,09,800652,Muzaffarnagar (NPP),Urban,Literate,273175,151713,121462,87142,79602,7540,8103,6199,1904,3558,2809,749,177930,65912,112018,14344,7835,6509
B0103,09,800652,Muzaffarnagar (NPP),Urban,Literate but below matric/secondary,130591,72877,57714,30332,28724,1608,4281,3478,803,1812,1573,239,95978,40675,55303,4506,2748,1758
B0103,09,800652,Muzaffarnagar (NPP),Urban,Matric/secondary but below graduate,74930,42100,32830,25285,23788,1497,2133,1625,508,947,727,220,47512,16687,30825,5107,2863,2244
B0103,09,800652,Muzaffarnagar (NPP),Urban,Technical diploma or certificate not equal to degree,1232,1086,146,727,694,33,20,18,2,6,5,1,485,374,111,101,81,20
B0103,09,800652,Muzaffarnagar (NPP),Urban,Graduate and above other than technical degree,50849,26310,24539,23713,20412,3301,1106,671,435,524,299,225,26030,5227,20803,3503,1487,2016
B0103,09,800652,Muzaffarnagar (NPP),Urban,Technical degree or diploma equal to degree or post-graduate degree,8116,5419,2697,4366,3555,811,236,170,66,120,88,32,3514,1694,1820,834,493,341
B0103,09,800682,Moradabad (M Corp.),Urban,Total,887871,464580,423291,224146,199973,24173,47896,33964,13932,21109,16302,4807,615829,230643,385186,41736,21604,20132
B0103,09,800682,Moradabad (M Corp.),Urban,Illiterate,357287,172975,184312,71659,62842,8817,18193,12924,5269,8421,6728,1693,267435,97209,170226,10321,4910,5411
B0103,09,800682,Moradabad (M Corp.),Urban,Literate,530584,291605,238979,152487,137131,15356,29703,21040,8663,12688,9574,3114,348394,133434,214960,31415,16694,14721
B0103,09,800682,Moradabad (M Corp.),Urban,Literate but below matric/secondary,264199,146970,117229,55544,51962,3582,13241,10145,3096,5770,4803,967,195414,84863,110551,10184,5955,4229
B0103,09,800682,Moradabad (M Corp.),Urban,Matric/secondary but below graduate,136121,73982,62139,41852,38524,3328,7725,5329,2396,3367,2447,920,86544,30129,56415,11162,6000,5162
B0103,09,800682,Moradabad (M Corp.),Urban,Technical diploma or certificate not equal to degree,1367,1086,281,740,687,53,96,61,35,47,30,17,531,338,193,121,80,41
B0103,09,800682,Moradabad (M Corp.),Urban,Graduate and above other than technical degree,82650,42979,39671,36444,30634,5810,4606,2657,1949,1803,1051,752,41600,9688,31912,6943,2978,3965
B0103,09,800682,Moradabad (M Corp.),Urban,Technical degree or diploma equal to degree or post-graduate degree,9349,5976,3373,4731,3673,1058,571,374,197,251,160,91,4047,1929,2118,1080,671,409
B0103,09,800686,Sambhal (NPP),Urban,Total,220813,115767,105046,56856,53272,3584,5213,4473,740,1822,1596,226,158744,58022,100722,6414,4051,2363
B0103,09,800686,Sambhal (NPP),Urban,Illiterate,131184,65827,65357,31013,28913,2100,3448,2939,509,1118,992,126,96723,33975,62748,2130,1453,677
B0103,09,800686,Sambhal (NPP),Urban,Literate,89629,49940,39689,25843,24359,1484,1765,1534,231,704,604,100,62021,24047,37974,4284,2598,1686
B0103,09,800686,Sambhal (NPP),Urban,Literate but below matric/secondary,54135,30818,23317,12779,12317,462,1015,911,104,412,372,40,40341,17590,22751,1843,1226,617
B0103,09,800686,Sambhal (NPP),Urban,Matric/secondary but below graduate,21727,11389,10338,6913,6585,328,435,378,57,164,136,28,14379,4426,9953,1475,845,630
B0103,09,800686,Sambhal (NPP),Urban,Technical diploma or certificate not equal to degree,117,101,16,72,69,3,3,1,2,3,1,2,42,31,11,10,10,0
B0103,09,800686,Sambhal (NPP),Urban,Graduate and above other than technical degree,9691,5190,4501,4365,3844,521,205,159,46,90,68,22,5121,1187,3934,783,395,388
B0103,09,800686,Sambhal (NPP),Urban,Technical degree or diploma equal to degree or post-graduate degree,889,590,299,529,417,112,19,10,9,12,4,8,341,163,178,85,59,26
B0103,09,800689,Chandausi (NPP),Urban,Total,114383,60256,54127,29265,26890,2375,3421,2620,801,1532,1231,301,81697,30746,50951,5352,3102,2250
B0103,09,800689,Chandausi (NPP),Urban,Illiterate,43570,20918,22652,8192,7502,690,1210,962,248,543,458,85,34168,12454,21714,1070,618,452
B0103,09,800689,Chandausi (NPP),Urban,Literate,70813,39338,31475,21073,19388,1685,2211,1658,553,989,773,216,47529,18292,29237,4282,2484,1798
B0103,09,800689,Chandausi (NPP),Urban,Literate but below matric/secondary,33202,18247,14955,6798,6466,332,931,757,174,434,370,64,25473,11024,14449,1176,794,382
B0103,09,800689,Chandausi (NPP),Urban,Matric/secondary but below graduate,19804,11311,8493,6327,6030,297,613,459,154,289,221,68,12864,4822,8042,1599,973,626
B0103,09,800689,Chandausi (NPP),Urban,Technical diploma or certificate not equal to degree,168,144,24,90,85,5,6,5,1,2,1,1,72,54,18,14,13,1
B0103,09,800689,Chandausi (NPP),Urban,Graduate and above other than technical degree,13997,7502,6495,6425,5596,829,476,286,190,197,125,72,7096,1620,5476,1182,516,666
B0103,09,800689,Chandausi (NPP),Urban,Technical degree or diploma equal to degree or post-graduate degree,1439,934,505,745,600,145,51,37,14,26,17,9,643,297,346,190,111,79
B0103,09,800695,Rampur (NPP),Urban,Total,325313,169681,155632,94124,82874,11250,11410,8400,3010,4145,3223,922,219779,78407,141372,15166,7939,7227
B0103,09,800695,Rampur (NPP),Urban,Illiterate,155335,76827,78508,42048,35981,6067,5173,3621,1552,1817,1351,466,108114,37225,70889,4331,2118,2213
B0103,09,800695,Rampur (NPP),Urban,Literate,169978,92854,77124,52076,46893,5183,6237,4779,1458,2328,1872,456,111665,41182,70483,10835,5821,5014
B0103,09,800695,Rampur (NPP),Urban,Literate but below matric/secondary,81634,45036,36598,18979,17504,1475,2878,2227,651,1154,970,184,59777,25305,34472,3273,1924,1349
B0103,09,800695,Rampur (NPP),Urban,Matric/secondary but below graduate,47532,25801,21731,15397,14367,1030,1770,1376,394,566,434,132,30365,10058,20307,4064,2175,1889
B0103,09,800695,Rampur (NPP),Urban,Technical diploma or certificate not equal to degree,488,415,73,295,263,32,14,14,0,9,9,0,179,138,41,60,48,12
B0103,09,800695,Rampur (NPP),Urban,Graduate and above other than technical degree,27432,14112,13320,11953,10024,1929,900,638,262,342,244,98,14579,3450,11129,2570,1178,1392
B0103,09,800695,Rampur (NPP),Urban,Technical degree or diploma equal to degree or post-graduate degree,2887,1893,994,1469,1159,310,99,64,35,49,34,15,1319,670,649,366,233,133
B0103,09,800702,Amroha (NPP),Urban,Total,198471,103097,95374,52021,45207,6814,9219,6368,2851,4445,3519,926,137231,51522,85709,8434,4506,3928
B0103,09,800702,Amroha (NPP),Urban,Illiterate,92369,43995,48374,20612,16976,3636,4726,3071,1655,2114,1673,441,67031,23948,43083,2318,1081,1237
B0103,09,800702,Amroha (NPP),Urban,Literate,106102,59102,47000,31409,28231,3178,4493,3297,1196,2331,1846,485,70200,27574,42626,6116,3425,2691
B0103,09,800702,Amroha (NPP),Urban,Literate but below matric/secondary,61512,34804,26708,15118,13821,1297,2572,1895,677,1291,1079,212,43822,19088,24734,2454,1537,917
B0103,09,800702,Amroha (NPP),Urban,Matric/secondary but below graduate,23268,12308,10960,7096,6500,596,859,620,239,446,322,124,15313,5188,10125,1838,961,877
B0103,09,800702,Amroha (NPP),Urban,Technical diploma or certificate not equal to degree,139,114,25,75,68,7,6,6,0,4,4,0,58,40,18,16,14,2
B0103,09,800702,Amroha (NPP),Urban,Graduate and above other than technical degree,12409,6624,5785,5505,4676,829,420,288,132,231,147,84,6484,1660,4824,1164,562,602
B0103,09,800702,Amroha (NPP),Urban,Technical degree or diploma equal to degree or post-graduate degree,1470,1011,459,756,604,152,52,47,5,27,23,4,662,360,302,176,115,61
B0103,09,800716,Meerut (M Corp.),Urban,Total,1305429,688118,617311,340730,296839,43891,66544,44169,22375,23936,17372,6564,898155,347110,551045,55408,27988,27420
B0103,09,800716,Meerut (M Corp.),Urban,Illiterate,446988,205810,241178,74985,62022,12963,18756,11088,7668,6695,4738,1957,353247,132700,220547,10374,3837,6537
B0103,09,800716,Meerut (M Corp.),Urban,Literate,858441,482308,376133,265745,234817,30928,47788,33081,14707,17241,12634,4607,544908,214410,330498,45034,24151,20883
B0103,09,800716,Meerut (M Corp.),Urban,Literate but below matric/secondary,394742,221015,173727,87685,80221,7464,20714,14806,5908,7443,5903,1540,286343,125988,160355,13688,7664,6024
B0103,09,800716,Meerut (M Corp.),Urban,Matric/secondary but below graduate,225996,130351,95645,74809,68950,5859,12612,8889,3723,4769,3483,1286,138575,52512,86063,16177,9380,6797
B0103,09,800716,Meerut (M Corp.),Urban,Technical diploma or certificate not equal to degree,2110,1749,361,1180,1075,105,119,97,22,50,42,8,811,577,234,119,97,22
B0103,09,800716,Meerut (M Corp.),Urban,Graduate and above other than technical degree,147169,77860,69309,66288,54771,11517,7978,4840,3138,2744,1609,1135,72903,18249,54654,9318,4047,5271
B0103,09,800716,Meerut (M Corp.),Urban,Technical degree or diploma equal to degree or post-graduate degree,26856,17332,9524,13224,10267,2957,1664,1080,584,650,391,259,11968,5985,5983,2558,1505,1053
B0103,09,800723,Baraut (NPP),Urban,Total,103764,55013,48751,26319,24367,1952,1589,1245,344,649,539,110,75856,29401,46455,3799,2076,1723
B0103,09,800723,Baraut (NPP),Urban,Illiterate,35074,15511,19563,4900,4300,600,530,379,151,185,150,35,29644,10832,18812,668,249,419
B0103,09,800723,Baraut (NPP),Urban,Literate,68690,39502,29188,21419,20067,1352,1059,866,193,464,389,75,46212,18569,27643,3131,1827,1304
B0103,09,800723,Baraut (NPP),Urban,Literate but below matric/secondary,34822,19672,15150,7649,7381,268,576,477,99,240,215,25,26597,11814,14783,987,652,335
B0103,09,800723,Baraut (NPP),Urban,Matric/secondary but below graduate,20179,12016,8163,7237,6982,255,283,244,39,126,108,18,12659,4790,7869,1097,682,415
B0103,09,800723,Baraut (NPP),Urban,Technical diploma or certificate not equal to degree,194,162,32,101,96,5,1,0,1,0,0,0,92,66,26,20,15,5
B0103,09,800723,Baraut (NPP),Urban,Graduate and above other than technical degree,10837,5901,4936,5164,4518,646,144,102,42,77,50,27,5529,1281,4248,806,343,463
B0103,09,800723,Baraut (NPP),Urban,Technical degree or diploma equal to degree or post-graduate degree,1835,1290,545,994,839,155,27,19,8,13,8,5,814,432,382,190,121,69
B0103,09,800730,Modinagar (NPP),Urban,Total,130325,69268,61057,37458,32343,5115,5351,3609,1742,2253,1666,587,87516,33316,54200,7190,3318,3872
B0103,09,800730,Modinagar (NPP),Urban,Illiterate,28248,12282,15966,2820,2038,782,838,458,380,272,190,82,24590,9786,14804,511,144,367
B0103,09,800730,Modinagar (NPP),Urban,Literate,102077,56986,45091,34638,30305,4333,4513,3151,1362,1981,1476,505,62926,23530,39396,6679,3174,3505
B0103,09,800730,Modinagar (NPP),Urban,Literate but below matric/secondary,40088,21638,18450,8431,7623,808,2210,1610,600,920,756,164,29447,12405,17042,1581,775,806
B0103,09,800730,Modinagar (NPP),Urban,Matric/secondary but below graduate,34293,20196,14097,12433,11469,964,1415,1006,409,630,464,166,20445,7721,12724,2725,1468,1257
B0103,09,800730,Modinagar (NPP),Urban,Technical diploma or certificate not equal to degree,402,341,61,249,236,13,16,15,1,9,8,1,137,90,47,43,33,10
B0103,09,800730,Modinagar (NPP),Urban,Graduate and above other than technical degree,20820,11042,9778,10317,8436,1881,669,382,287,323,182,141,9834,2224,7610,1803,618,1185
B0103,09,800730,Modinagar (NPP),Urban,Technical degree or diploma equal to degree or post-graduate degree,3875,2442,1433,2235,1694,541,112,74,38,60,37,23,1528,674,854,407,216,191
B0103,09,800733,Loni (NPP),Urban,Total,516082,275025,241057,125491,112468,13023,23848,15124,8724,9365,6744,2621,366743,147433,219310,18489,9250,9239
B0103,09,800733,Loni (NPP),Urban,Illiterate,201898,89005,112893,30753,25221,5532,7606,3909,3697,2873,1786,1087,163539,59875,103664,4840,1536,3304
B0103,09,800733,Loni (NPP),Urban,Literate,314184,186020,128164,94738,87247,7491,16242,11215,5027,6492,4958,1534,203204,87558,115646,13649,7714,5935
B0103,09,800733,Loni (NPP),Urban,Literate but below matric/secondary,203478,115228,88250,48281,44188,4093,9717,6467,3250,3876,2917,959,145480,64573,80907,7142,3899,3243
B0103,09,800733,Loni (NPP),Urban,Matric/secondary but below graduate,81479,52740,28739,33999,31939,2060,4626,3463,1163,1862,1496,366,42854,17338,25516,4811,2881,1930
B0103,09,800733,Loni (NPP),Urban,Technical diploma or certificate not equal to degree,363,297,66,157,151,6,23,18,5,12,10,2,183,128,55,35,29,6
B0103,09,800733,Loni (NPP),Urban,Graduate and above other than technical degree,14267,9125,5142,7355,6580,775,734,527,207,264,198,66,6178,2018,4160,963,521,442
B0103,09,800733,Loni (NPP),Urban,Technical degree or diploma equal to degree or post-graduate degree,1305,967,338,690,606,84,60,51,9,23,21,2,555,310,245,129,72,57
B0103,09,800734,Ghaziabad (M Corp.),Urban,Total,1648643,874607,774036,485415,402267,83148,91954,54270,37684,31388,19826,11562,1071274,418070,653204,62724,29985,32739
B0103,09,800734,Ghaziabad (M Corp.),Urban,Illiterate,427976,193412,234564,56922,41384,15538,17969,8798,9171,6229,3537,2692,353085,143230,209855,8768,3001,5767
B0103,09,800734,Ghaziabad (M Corp.),Urban,Literate,1220667,681195,539472,428493,360883,67610,73985,45472,28513,25159,16289,8870,718189,274840,443349,53956,26984,26972
B0103,09,800734,Ghaziabad (M Corp.),Urban,Literate but below matric/secondary,451392,244323,207069,86128,75329,10799,25129,15711,9418,8680,5976,2704,340135,153283,186852,14241,7818,6423
B0103,09,800734,Ghaziabad (M Corp.),Urban,Matric/secondary but below graduate,321641,185879,135762,115377,103504,11873,20183,13099,7084,7500,5074,2426,186081,69276,116805,18809,10466,8343
B0103,09,800734,Ghaziabad (M Corp.),Urban,Technical diploma or certificate not equal to degree,6638,5313,1325,4473,3984,489,339,254,85,115,88,27,1826,1075,751,252,175,77
B0103,09,800734,Ghaziabad (M Corp.),Urban,Graduate and above other than technical degree,269034,141760,127274,139903,110284,29619,15370,8178,7192,4535,2233,2302,113761,23298,90463,12219,4184,8035
B0103,09,800734,Ghaziabad (M Corp.),Urban,Technical degree or diploma equal to degree or post-graduate degree,62179,41943,20236,39646,31371,8275,3746,2372,1374,1168,665,503,18787,8200,10587,3084,1630,1454
B0103,09,800737,Hapur (NPP),Urban,Total,262983,139525,123458,66274,60711,5563,7943,6286,1657,3804,3195,609,188766,72528,116238,8993,5257,3736
B0103,09,800737,Hapur (NPP),Urban,Illiterate,96243,43433,52810,14774,12731,2043,2999,2134,865,1425,1112,313,78470,28568,49902,1817,754,1063
B0103,09,800737,Hapur (NPP),Urban,Literate,166740,96092,70648,51500,47980,3520,4944,4152,792,2379,2083,296,110296,43960,66336,7176,4503,2673
B0103,09,800737,Hapur (NPP),Urban,Literate but below matric/secondary,89313,51338,37975,20960,20008,952,2830,2480,350,1474,1335,139,65523,28850,36673,2960,1921,1039
B0103,09,800737,Hapur (NPP),Urban,Matric/secondary but below graduate,43822,25892,17930,15297,14607,690,1203,1004,199,576,500,76,27322,10281,17041,2282,1501,781
B0103,09,800737,Hapur (NPP),Urban,Technical diploma or certificate not equal to degree,261,219,42,133,125,8,4,4,0,2,2,0,124,90,34,30,26,4
B0103,09,800737,Hapur (NPP),Urban,Graduate and above other than technical degree,25047,13633,11414,11738,10340,1398,496,341,155,199,142,57,12813,2952,9861,1400,717,683
B0103,09,800737,Hapur (NPP),Urban,Technical degree or diploma equal to degree or post-graduate degree,3425,2374,1051,1883,1567,316,84,57,27,29,21,8,1458,750,708,320,215,105
B0103,09,800749,Bulandshahar (NPP+OG),Urban,Total,230024,120275,109749,58082,51008,7074,9074,6425,2649,3543,2839,704,162868,62842,100026,10139,5258,4881
B0103,09,800749,Bulandshahar (NPP+OG),Urban,Illiterate,76618,34014,42604,11083,9016,2067,3311,2028,1283,1209,927,282,62224,22970,39254,1742,649,1093
B0103,09,800749,Bulandshahar (NPP+OG),Urban,Literate,153406,86261,67145,46999,41992,5007,5763,4397,1366,2334,1912,422,100644,39872,60772,8397,4609,3788
B0103,09,800749,Bulandshahar (NPP+OG),Urban,Literate but below matric/secondary,71394,39502,31892,14316,13069,1247,3005,2336,669,1196,1046,150,54073,24097,29976,2429,1470,959
B0103,09,800749,Bulandshahar (NPP+OG),Urban,Matric/secondary but below graduate,42769,24372,18397,14157,13173,984,1535,1191,344,662,524,138,27077,10008,17069,2828,1661,1167
B0103,09,800749,Bulandshahar (NPP+OG),Urban,Technical diploma or certificate not equal to degree,600,538,62,338,324,14,20,19,1,14,13,1,242,195,47,61,50,11
B0103,09,800749,Bulandshahar (NPP+OG),Urban,Graduate and above other than technical degree,27796,15275,12521,13312,11284,2028,791,542,249,304,206,98,13693,3449,10244,2188,908,1280
B0103,09,800749,Bulandshahar (NPP+OG),Urban,Technical degree or diploma equal to degree or post-graduate degree,4750,3228,1522,2496,2000,496,127,79,48,63,38,25,2127,1149,978,589,367,222
B0103,09,800762,Khurja (NPP+OG),Urban,Total,121207,63825,57382,31882,28603,3279,4204,2714,1490,1574,1269,305,85121,32508,52613,3809,2232,1577
B0103,09,800762,Khurja (NPP+OG),Urban,Illiterate,52003,24033,27970,10134,8607,1527,1268,715,553,442,336,106,40601,14711,25890,1026,503,523
B0103,09,800762,Khurja (NPP+OG),Urban,Literate,69204,39792,29412,21748,19996,1752,2936,1999,937,1132,933,199,44520,17797,26723,2783,1729,1054
B0103,09,800762,Khurja (NPP+OG),Urban,Literate but below matric/secondary,36980,21277,15703,9125,8504,621,1323,961,362,511,448,63,26532,11812,14720,992,656,336
B0103,09,800762,Khurja (NPP+OG),Urban,Matric/secondary but below graduate,17215,9951,7264,6221,5828,393,787,539,248,324,275,49,10207,3584,6623,1018,644,374
B0103,09,800762,Khurja (NPP+OG),Urban,Technical diploma or certificate not equal to degree,196,171,25,121,115,6,7,4,3,5,4,1,68,52,16,12,7,5
B0103,09,800762,Khurja (NPP+OG),Urban,Graduate and above other than technical degree,9294,5123,4171,4131,3663,468,379,239,140,140,97,43,4784,1221,3563,528,274,254
B0103,09,800762,Khurja (NPP+OG),Urban,Technical degree or diploma equal to degree or post-graduate degree,1235,844,391,627,528,99,42,28,14,21,14,7,566,288,278,92,63,29
B0103,09,800768,Aligarh (M Corp.),Urban,Total,874408,461772,412636,210706,185728,24978,48217,34446,13771,18674,14552,4122,615485,241598,373887,36759,19138,17621
B0103,09,800768,Aligarh (M Corp.),Urban,Illiterate,357180,168880,188300,63172,53405,9767,18251,12212,6039,7346,5568,1778,275757,103263,172494,9385,3970,5415
B0103,09,800768,Aligarh (M Corp.),Urban,Literate,517228,292892,224336,147534,132323,15211,29966,22234,7732,11328,8984,2344,339728,138335,201393,27374,15168,12206
B0103,09,800768,Aligarh (M Corp.),Urban,Literate but below matric/secondary,239719,134240,105479,49984,46002,3982,12865,9707,3158,5009,4094,915,176870,78531,98339,8356,4773,3583
B0103,09,800768,Aligarh (M Corp.),Urban,Matric/secondary but below graduate,144901,83105,61796,43938,40568,3370,8970,6763,2207,3404,2720,684,91993,35774,56219,9668,5508,4160
B0103,09,800768,Aligarh (M Corp.),Urban,Technical diploma or certificate not equal to degree,3241,2776,465,1573,1482,91,218,200,18,82,76,6,1450,1094,356,292,223,69
B0103,09,800768,Aligarh (M Corp.),Urban,Graduate and above other than technical degree,83634,45224,38410,34694,29556,5138,4518,3049,1469,1548,1071,477,44422,12619,31803,5865,2733,3132
B0103,09,800768,Aligarh (M Corp.),Urban,Technical degree or diploma equal to degree or post-graduate degree,15707,10741,4966,7267,5850,1417,921,674,247,410,315,95,7519,4217,3302,1632,1138,494
B0103,09,800780,Hathras (NPP+OG),Urban,Total,143020,76054,66966,33118,30064,3054,9598,7127,2471,3952,3175,777,100304,38863,61441,6491,3558,2933
B0103,09,800780,Hathras (NPP+OG),Urban,Illiterate,48111,22512,25599,6344,5438,906,2975,2002,973,1406,1078,328,38792,15072,23720,1698,733,965
B0103,09,800780,Hathras (NPP+OG),Urban,Literate,94909,53542,41367,26774,24626,2148,6623,5125,1498,2546,2097,449,61512,23791,37721,4793,2825,1968
B0103,09,800780,Hathras (NPP+OG),Urban,Literate but below matric/secondary,42947,23716,19231,8306,7767,539,2980,2319,661,1307,1088,219,31661,13630,18031,1670,960,710
B0103,09,800780,Hathras (NPP+OG),Urban,Matric/secondary but below graduate,28247,16348,11899,8674,8204,470,2072,1650,422,701,590,111,17501,6494,11007,1720,1090,630
B0103,09,800780,Hathras (NPP+OG),Urban,Technical diploma or certificate not equal to degree,317,262,55,149,139,10,24,19,5,11,8,3,144,104,40,30,28,2
B0103,09,800780,Hathras (NPP+OG),Urban,Graduate and above other than technical degree,16594,9201,7393,7131,6355,776,940,687,253,281,207,74,8523,2159,6364,938,493,445
B0103,09,800780,Hathras (NPP+OG),Urban,Technical degree or diploma equal to degree or post-graduate degree,2018,1344,674,995,781,214,99,79,20,37,34,3,924,484,440,206,140,66
B0103,09,800799,Mathura (NPP),Urban,Total,349909,185983,163926,85408,74890,10518,21179,15508,5671,8996,7115,1881,243322,95585,147737,21149,11587,9562
B0103,09,800799,Mathura (NPP),Urban,Illiterate,120848,55647,65201,18833,15104,3729,6516,4129,2387,2794,2066,728,95499,36414,59085,5222,2293,2929
B0103,09,800799,Mathura (NPP),Urban,Literate,229061,130336,98725,66575,59786,6789,14663,11379,3284,6202,5049,1153,147823,59171,88652,15927,9294,6633
B0103,09,800799,Mathura (NPP),Urban,Literate but below matric/secondary,97765,53587,44178,18518,16752,1766,5888,4507,1381,2543,2121,422,73359,32328,41031,4709,2759,1950
B0103,09,800799,Mathura (NPP),Urban,Matric/secondary but below graduate,67236,39272,27964,21057,19528,1529,4446,3570,876,1951,1602,349,41733,16174,25559,6123,3723,2400
B0103,09,800799,Mathura (NPP),Urban,Technical diploma or certificate not equal to degree,968,846,122,500,477,23,86,70,16,31,27,4,382,299,83,107,93,14
B0103,09,800799,Mathura (NPP),Urban,Graduate and above other than technical degree,39137,22482,16655,17600,15408,2192,2303,1704,599,829,592,237,19234,5370,13864,3153,1546,1607
B0103,09,800799,Mathura (NPP),Urban,Technical degree or diploma equal to degree or post-graduate degree,5220,3586,1634,2618,2140,478,336,254,82,134,98,36,2266,1192,1074,575,391,184
B0103,09,800804,Agra (M Corp.),Urban,Total,1585704,845902,739802,400613,340215,60398,116246,72388,43858,41559,28042,13517,1068845,433299,635546,83913,41107,42806
B0103,09,800804,Agra (M Corp.),Urban,Illiterate,570832,270427,300405,98633,78562,20071,35523,20250,15273,11539,7444,4095,436676,171615,265061,21007,8329,12678
B0103,09,800804,Agra (M Corp.),Urban,Literate,1014872,575475,439397,301980,261653,40327,80723,52138,28585,30020,20598,9422,632169,261684,370485,62906,32778,30128
B0103,09,800804,Agra (M Corp.),Urban,Literate but below matric/secondary,434797,239228,195569,91211,79328,11883,29577,18807,10770,11086,7736,3350,314009,141093,172916,18585,9355,9230
B0103,09,800804,Agra (M Corp.),Urban,Matric/secondary but below graduate,292546,171133,121413,96776,85949,10827,24139,15983,8156,9651,6754,2897,171631,69201,102430,24705,13329,11376
B0103,09,800804,Agra (M Corp.),Urban,Technical diploma or certificate not equal to degree,2044,1680,364,1085,977,108,169,131,38,65,48,17,790,572,218,188,145,43
B0103,09,800804,Agra (M Corp.),Urban,Graduate and above other than technical degree,161946,90333,71613,70244,59836,10408,13296,7940,5356,4546,2788,1758,78406,22557,55849,11304,5173,6131
B0103,09,800804,Agra (M Corp.),Urban,Technical degree or diploma equal to degree or post-graduate degree,23867,15749,8118,11286,9034,2252,2189,1469,720,833,563,270,10392,5246,5146,2124,1331,793
B0103,09,800816,Firozabad (NPP),Urban,Total,604214,319415,284799,160398,128290,32108,44694,25788,18906,15490,9937,5553,399122,165337,233785,29106,14405,14701
B0103,09,800816,Firozabad (NPP),Urban,Illiterate,261962,121437,140525,54369,37565,16804,17140,8211,8929,5448,2919,2529,190453,75661,114792,8066,3024,5042
B0103,09,800816,Firozabad (NPP),Urban,Literate,342252,197978,144274,106029,90725,15304,27554,17577,9977,10042,7018,3024,208669,89676,118993,21040,11381,9659
B0103,09,800816,Firozabad (NPP),Urban,Literate but below matric/secondary,184866,103643,81223,45560,37895,7665,13546,8103,5443,4626,3129,1497,125760,57645,68115,8234,4351,3883
B0103,09,800816,Firozabad (NPP),Urban,Matric/secondary but below graduate,91273,55509,35764,34145,30299,3846,7917,5450,2467,3091,2255,836,49211,19760,29451,7873,4478,3395
B0103,09,800816,Firozabad (NPP),Urban,Technical diploma or certificate not equal to degree,241,205,36,106,97,9,19,15,4,7,5,2,116,93,23,35,33,2
B0103,09,800816,Firozabad (NPP),Urban,Graduate and above other than technical degree,32679,18828,13851,14287,12470,1817,2632,1738,894,1012,700,312,15760,4620,11140,2788,1388,1400
B0103,09,800816,Firozabad (NPP),Urban,Technical degree or diploma equal to degree or post-graduate degree,3466,2437,1029,1633,1395,238,286,215,71,128,92,36,1547,827,720,381,261,120
B0103,09,800819,Shikohabad (NPP),Urban,Total,107404,56794,50610,25281,21819,3462,6014,4043,1971,3011,2109,902,76109,30932,45177,7299,4161,3138
B0103,09,800819,Shikohabad (NPP),Urban,Illiterate,32291,14947,17344,4613,3618,995,1562,932,630,780,487,293,26116,10397,15719,862,388,474
B0103,09,800819,Shikohabad (NPP),Urban,Literate,75113,41847,33266,20668,18201,2467,4452,3111,1341,2231,1622,609,49993,20535,29458,6437,3773,2664
B0103,09,800819,Shikohabad (NPP),Urban,Literate but below matric/secondary,32717,17022,15695,5377,4699,678,1654,1147,507,788,568,220,25686,11176,14510,1510,886,624
B0103,09,800819,Shikohabad (NPP),Urban,Matric/secondary but below graduate,24736,14461,10275,7621,6972,649,1610,1176,434,837,646,191,15505,6313,9192,2758,1698,1060
B0103,09,800819,Shikohabad (NPP),Urban,Technical diploma or certificate not equal to degree,154,140,14,86,85,1,11,10,1,7,6,1,57,45,12,20,18,2
B0103,09,800819,Shikohabad (NPP),Urban,Graduate and above other than technical degree,13301,7700,5601,5854,5015,839,850,570,280,418,288,130,6597,2115,4482,1679,876,803
B0103,09,800819,Shikohabad (NPP),Urban,Technical degree or diploma equal to degree or post-graduate degree,2050,1419,631,1039,861,178,120,72,48,59,36,23,891,486,405,339,225,114
B0103,09,800824,Mainpuri (NPP+OG),Urban,Total,136557,71274,65283,29687,25834,3853,7166,5477,1689,3830,3008,822,99704,39963,59741,8324,4546,3778
B0103,09,800824,Mainpuri (NPP+OG),Urban,Illiterate,36681,16876,19805,4007,3177,830,1768,1222,546,901,668,233,30906,12477,18429,1077,471,606
B0103,09,800824,Mainpuri (NPP+OG),Urban,Literate,99876,54398,45478,25680,22657,3023,5398,4255,1143,2929,2340,589,68798,27486,41312,7247,4075,3172
B0103,09,800824,Mainpuri (NPP+OG),Urban,Literate but below matric/secondary,42631,21762,20869,6432,5777,655,2076,1616,460,1104,904,200,34123,14369,19754,1618,831,787
B0103,09,800824,Mainpuri (NPP+OG),Urban,Matric/secondary but below graduate,29921,17093,12828,8280,7580,700,1737,1420,317,964,780,184,19904,8093,11811,2909,1750,1159
B0103,09,800824,Mainpuri (NPP+OG),Urban,Technical diploma or certificate not equal to degree,260,225,35,132,122,10,8,6,2,5,4,1,120,97,23,35,31,4
B0103,09,800824,Mainpuri (NPP+OG),Urban,Graduate and above other than technical degree,16792,9565,7227,7092,6000,1092,870,663,207,454,332,122,8830,2902,5928,1869,1011,858
B0103,09,800824,Mainpuri (NPP+OG),Urban,Technical degree or diploma equal to degree or post-graduate degree,1953,1300,653,943,744,199,96,69,27,67,48,19,914,487,427,254,163,91
B0103,09,800844,Budaun (NPP),Urban,Total,159285,83176,76109,41896,37958,3938,3882,3174,708,1480,1291,189,113507,42044,71463,4862,3026,1836
B0103,09,800844,Budaun (NPP),Urban,Illiterate,61036,29397,31639,12633,11438,1195,1615,1285,330,573,489,84,46788,16674,30114,879,575,304
B0103,09,800844,Budaun (NPP),Urban,Literate,98249,53779,44470,29263,26520,2743,2267,1889,378,907,802,105,66719,25370,41349,3983,2451,1532
B0103,09,800844,Budaun (NPP),Urban,Literate but below matric/secondary,45800,24673,21127,9345,8814,531,1089,927,162,411,381,30,35366,14932,20434,989,690,299
B0103,09,800844,Budaun (NPP),Urban,Matric/secondary but below graduate,26699,14658,12041,8107,7584,523,528,438,90,224,192,32,18064,6636,11428,1308,836,472
B0103,09,800844,Budaun (NPP),Urban,Technical diploma or certificate not equal to degree,174,146,28,101,91,10,6,4,2,2,1,1,67,51,16,14,11,3
B0103,09,800844,Budaun (NPP),Urban,Graduate and above other than technical degree,17437,9516,7921,8311,7075,1236,342,273,69,138,112,26,8784,2168,6616,1196,586,610
B0103,09,800844,Budaun (NPP),Urban,Technical degree or diploma equal to degree or post-graduate degree,1767,1189,578,911,708,203,49,37,12,31,24,7,807,444,363,196,145,51
B0103,09,800866,Bareilly (M Corp.+OG),Urban,Total,904797,477515,427282,235736,197925,37811,67656,45798,21858,30112,21528,8584,601405,233792,367613,54617,27125,27492
B0103,09,800866,Bareilly (M Corp.+OG),Urban,Illiterate,360389,171209,189180,71969,57316,14653,26488,17097,9391,11641,8312,3329,261932,96796,165136,13962,5663,8299
B0103,09,800866,Bareilly (M Corp.+OG),Urban,Literate,544408,306306,238102,163767,140609,23158,41168,28701,12467,18471,13216,5255,339473,136996,202477,40655,21462,19193
B0103,09,800866,Bareilly (M Corp.+OG),Urban,Literate but below matric/secondary,232309,130010,102299,49580,43275,6305,16940,12132,4808,7592,5697,1895,165789,74603,91186,11866,6512,5354
B0103,09,800866,Bareilly (M Corp.+OG),Urban,Matric/secondary but below graduate,142486,81307,61179,44381,39414,4967,10561,7386,3175,5103,3614,1489,87544,34507,53037,14542,8030,6512
B0103,09,800866,Bareilly (M Corp.+OG),Urban,Technical diploma or certificate not equal to degree,1684,1365,319,865,791,74,115,85,30,44,31,13,704,489,215,139,99,40
B0103,09,800866,Bareilly (M Corp.+OG),Urban,Graduate and above other than technical degree,97256,52346,44910,42286,35197,7089,6641,4324,2317,2788,1760,1028,48329,12825,35504,8950,3938,5012
B0103,09,800866,Bareilly (M Corp.+OG),Urban,Technical degree or diploma equal to degree or post-graduate degree,13435,8719,4716,6478,5040,1438,969,637,332,432,287,145,5988,3042,2946,1568,989,579
B0103,09,800877,Pilibhit (NPP),Urban,Total,127988,67614,60374,32635,28794,3841,6318,4694,1624,3518,2890,628,89035,34126,54909,8928,4986,3942
B0103,09,800877,Pilibhit (NPP),Urban,Illiterate,45007,21385,23622,8384,7222,1162,2186,1553,633,1264,1034,230,34437,12610,21827,1760,856,904
B0103,09,800877,Pilibhit (NPP),Urban,Literate,82981,46229,36752,24251,21572,2679,4132,3141,991,2254,1856,398,54598,21516,33082,7168,4130,3038
B0103,09,800877,Pilibhit (NPP),Urban,Literate but below matric/secondary,38422,21236,17186,8143,7528,615,1884,1475,409,1136,979,157,28395,12233,16162,2347,1475,872
B0103,09,800877,Pilibhit (NPP),Urban,Matric/secondary but below graduate,22552,12453,10099,6578,6011,567,1014,767,247,515,411,104,14960,5675,9285,2586,1457,1129
B0103,09,800877,Pilibhit (NPP),Urban,Technical diploma or certificate not equal to degree,133,103,30,70,63,7,11,9,2,9,8,1,52,31,21,10,7,3
B0103,09,800877,Pilibhit (NPP),Urban,Graduate and above other than technical degree,15602,8683,6919,6921,5877,1044,747,540,207,329,247,82,7934,2266,5668,1675,849,826
B0103,09,800877,Pilibhit (NPP),Urban,Technical degree or diploma equal to degree or post-graduate degree,1906,1303,603,1009,817,192,88,66,22,47,36,11,809,420,389,223,146,77
B0103,09,800889,Shahjahanpur (NPP),Urban,Total,329736,173006,156730,76532,68457,8075,21186,16926,4260,11177,9419,1758,232018,87623,144395,25509,13041,12468
B0103,09,800889,Shahjahanpur (NPP),Urban,Illiterate,134130,64019,70111,24002,20967,3035,9517,7480,2037,5140,4423,717,100611,35572,65039,6326,2803,3523
B0103,09,800889,Shahjahanpur (NPP),Urban,Literate,195606,108987,86619,52530,47490,5040,11669,9446,2223,6037,4996,1041,131407,52051,79356,19183,10238,8945
B0103,09,800889,Shahjahanpur (NPP),Urban,Literate but below matric/secondary,97472,54105,43367,19418,18199,1219,5666,4722,944,2937,2569,368,72388,31184,41204,6414,3698,2716
B0103,09,800889,Shahjahanpur (NPP),Urban,Matric/secondary but below graduate,53281,30043,23238,15434,14366,1068,3106,2510,596,1658,1341,317,34741,13167,21574,6821,3777,3044
B0103,09,800889,Shahjahanpur (NPP),Urban,Technical diploma or certificate not equal to degree,394,326,68,176,155,21,20,19,1,10,9,1,198,152,46,88,70,18
B0103,09,800889,Shahjahanpur (NPP),Urban,Graduate and above other than technical degree,30274,16108,14166,12637,10586,2051,1541,1115,426,771,543,228,16096,4407,11689,4315,1813,2502
B0103,09,800889,Shahjahanpur (NPP),Urban,Technical degree or diploma equal to degree or post-graduate degree,3236,2194,1042,1596,1262,334,156,119,37,88,68,20,1484,813,671,554,347,207
B0103,09,800900,Lakhimpur (NPP),Urban,Total,151993,80523,71470,35763,30855,4908,11708,8324,3384,5194,3865,1329,104522,41344,63178,9476,5055,4421
B0103,09,800900,Lakhimpur (NPP),Urban,Illiterate,39950,18577,21373,4916,3961,955,2888,2016,872,1312,1002,310,32146,12600,19546,1108,515,593
B0103,09,800900,Lakhimpur (NPP),Urban,Literate,112043,61946,50097,30847,26894,3953,8820,6308,2512,3882,2863,1019,72376,28744,43632,8368,4540,3828
B0103,09,800900,Lakhimpur (NPP),Urban,Literate but below matric/secondary,48173,26284,21889,8732,7832,900,3695,2804,891,1486,1215,271,35746,15648,20098,2156,1222,934
B0103,09,800900,Lakhimpur (NPP),Urban,Matric/secondary but below graduate,30129,16375,13754,8063,7162,901,2275,1569,706,1053,739,314,19791,7644,12147,2913,1651,1262
B0103,09,800900,Lakhimpur (NPP),Urban,Technical diploma or certificate not equal to degree,227,184,43,116,108,8,16,15,1,5,4,1,95,61,34,28,20,8
B0103,09,800900,Lakhimpur (NPP),Urban,Graduate and above other than technical degree,24020,13701,10319,10623,8982,1641,1764,1167,597,784,520,264,11633,3552,8081,2587,1251,1336
B0103,09,800900,Lakhimpur (NPP),Urban,Technical degree or diploma equal to degree or post-graduate degree,1947,1335,612,962,763,199,150,104,46,77,52,25,835,468,367,268,169,99
B0103,09,800907,Sitapur (NPP),Urban,Total,177234,92696,84538,44626,37543,7083,12329,7703,4626,5710,3961,1749,120279,47450,72829,12904,6921,5983
B0103,09,800907,Sitapur (NPP),Urban,Illiterate,50386,23686,26700,8134,6360,1774,2871,1700,1171,1353,875,478,39381,15626,23755,2028,1122,906
B0103,09,800907,Sitapur (NPP),Urban,Literate,126848,69010,57838,36492,31183,5309,9458,6003,3455,4357,3086,1271,80898,31824,49074,10876,5799,5077
B0103,09,800907,Sitapur (NPP),Urban,Literate but below matric/secondary,56312,30160,26152,10949,9750,1199,3323,2350,973,1655,1231,424,42040,18060,23980,3239,1809,1430
B0103,09,800907,Sitapur (NPP),Urban,Matric/secondary but below graduate,35465,19447,16018,10608,9251,1357,2467,1722,745,1402,1014,388,22390,8474,13916,4010,2187,1823
B0103,09,800907,Sitapur (NPP),Urban,Technical diploma or certificate not equal to degree,192,161,31,105,96,9,13,11,2,3,3,0,74,54,20,28,24,4
B0103,09,800907,Sitapur (NPP),Urban,Graduate and above other than technical degree,25601,14113,11488,11603,9397,2206,1841,1118,723,964,635,329,12157,3598,8559,2835,1352,1483
B0103,09,800907,Sitapur (NPP),Urban,Technical degree or diploma equal to degree or post-graduate degree,2402,1627,775,1181,929,252,143,102,41,72,52,20,1078,596,482,335,219,116
B0103,09,800919,Hardoi (NPP+OG),Urban,Total,197029,103619,93410,45148,39490,5658,10285,8098,2187,4960,4100,860,141596,56031,85565,15303,8427,6876
B0103,09,800919,Hardoi (NPP+OG),Urban,Illiterate,55203,24581,30622,7162,5800,1362,2366,1727,639,1139,890,249,45675,17054,28621,2179,873,1306
B0103,09,800919,Hardoi (NPP+OG),Urban,Literate,141826,79038,62788,37986,33690,4296,7919,6371,1548,3821,3210,611,95921,38977,56944,13124,7554,5570
B0103,09,800919,Hardoi (NPP+OG),Urban,Literate but below matric/secondary,66847,35493,31354,11662,10652,1010,3433,2818,615,1691,1470,221,51752,22023,29729,3993,2261,1732
B0103,09,800919,Hardoi (NPP+OG),Urban,Matric/secondary but below graduate,38996,22051,16945,10989,9955,1034,2206,1791,415,1125,927,198,25801,10305,15496,4742,2765,1977
B0103,09,800919,Hardoi (NPP+OG),Urban,Technical diploma or certificate not equal to degree,186,155,31,86,81,5,11,10,1,7,7,0,89,64,25,32,28,4
B0103,09,800919,Hardoi (NPP+OG),Urban,Graduate and above other than technical degree,26963,16117,10846,11994,10241,1753,1611,1255,356,704,560,144,13358,4621,8737,3447,1925,1522
B0103,09,800919,Hardoi (NPP+OG),Urban,Technical degree or diploma equal to degree or post-graduate degree,2203,1527,676,1084,858,226,114,78,36,50,36,14,1005,591,414,352,234,118
B0103,09,800940,Unnao (NPP),Urban,Total,177658,93021,84637,40709,36043,4666,11702,9043,2659,5427,4197,1230,125247,47935,77312,13056,6991,6065
B0103,09,800940,Unnao (NPP),Urban,Illiterate,48825,22739,26086,6516,5631,885,3027,2227,800,1382,1059,323,39282,14881,24401,1643,781,862
B0103,09,800940,Unnao (NPP),Urban,Literate,128833,70282,58551,34193,30412,3781,8675,6816,1859,4045,3138,907,85965,33054,52911,11413,6210,5203
B0103,09,800940,Unnao (NPP),Urban,Literate but below matric/secondary,57373,30471,26902,10202,9437,765,3703,3002,701,1694,1379,315,43468,18032,25436,3005,1712,1293
B0103,09,800940,Unnao (NPP),Urban,Matric/secondary but below graduate,36230,19921,16309,9663,8860,803,2505,1998,507,1241,977,264,24062,9063,14999,4369,2470,1899
B0103,09,800940,Unnao (NPP),Urban,Technical diploma or certificate not equal to degree,182,146,36,93,87,6,9,7,2,6,4,2,80,52,28,20,13,7
B0103,09,800940,Unnao (NPP),Urban,Graduate and above other than technical degree,24804,14083,10721,10686,9033,1653,1569,1161,408,679,479,200,12549,3889,8660,3031,1464,1567
B0103,09,800940,Unnao (NPP),Urban,Technical degree or diploma equal to degree or post-graduate degree,2416,1587,829,1117,872,245,163,110,53,85,54,31,1136,605,531,397,242,155
B0103,09,800951,Lucknow (M Corp.),Urban,Total,2817105,1460970,1356135,756483,635852,120631,187812,119233,68579,90242,60708,29534,1872810,705885,1166925,219815,103047,116768
B0103,09,800951,Lucknow (M Corp.),Urban,Illiterate,735378,336709,398669,121394,94646,26748,45516,27072,18444,21022,14030,6992,568468,214991,353477,28689,9732,18957
B0103,09,800951,Lucknow (M Corp.),Urban,Literate,2081727,1124261,957466,635089,541206,93883,142296,92161,50135,69220,46678,22542,1304342,490894,813448,191126,93315,97811
B0103,09,800951,Lucknow (M Corp.),Urban,Literate but below matric/secondary,793251,418325,374926,156291,138896,17395,51485,35020,16465,24572,18107,6465,585475,244409,341066,46289,22685,23604
B0103,09,800951,Lucknow (M Corp.),Urban,Matric/secondary but below graduate,590384,320677,269707,169968,152406,17562,40923,26865,14058,21494,14515,6979,379493,141406,238087,71700,37487,34213
B0103,09,800951,Lucknow (M Corp.),Urban,Technical diploma or certificate not equal to degree,13740,11576,2164,7931,7222,709,868,685,183,386,296,90,4941,3669,1272,1262,931,331
B0103,09,800951,Lucknow (M Corp.),Urban,Graduate and above other than technical degree,521574,276399,245175,233615,188961,44654,33838,19638,14200,15702,8948,6754,254121,67800,186321,54880,22614,32266
B0103,09,800951,Lucknow (M Corp.),Urban,Technical degree or diploma equal to degree or post-graduate degree,75416,50032,25384,39155,30541,8614,5097,3223,1874,2490,1558,932,31164,16268,14896,9657,5808,3849
B0103,09,800959,Rae Bareli (NPP),Urban,Total,191316,99903,91413,47798,40247,7551,12780,8514,4266,6900,4891,2009,130738,51142,79596,16498,8509,7989
B0103,09,800959,Rae Bareli (NPP),Urban,Illiterate,52274,23312,28962,8111,6154,1957,3761,2338,1423,1883,1351,532,40402,14820,25582,1979,720,1259
B0103,09,800959,Rae Bareli (NPP),Urban,Literate,139042,76591,62451,39687,34093,5594,9019,6176,2843,5017,3540,1477,90336,36322,54014,14519,7789,6730
B0103,09,800959,Rae Bareli (NPP),Urban,Literate but below matric/secondary,55281,29340,25941,10082,8814,1268,3466,2484,982,1876,1429,447,41733,18042,23691,3353,1812,1541
B0103,09,800959,Rae Bareli (NPP),Urban,Matric/secondary but below graduate,41160,22697,18463,11511,10230,1281,2705,1844,861,1546,1069,477,26944,10623,16321,5538,3055,2483
B0103,09,800959,Rae Bareli (NPP),Urban,Technical diploma or certificate not equal to degree,988,874,114,662,639,23,48,37,11,24,15,9,278,198,80,72,52,20
B0103,09,800959,Rae Bareli (NPP),Urban,Graduate and above other than technical degree,30800,17448,13352,13328,11101,2227,1987,1258,729,1118,700,418,15485,5089,10396,4218,2128,2090
B0103,09,800959,Rae Bareli (NPP),Urban,Technical degree or diploma equal to degree or post-graduate degree,4159,2721,1438,1962,1514,448,272,179,93,174,118,56,1925,1028,897,690,416,274
B0103,09,800968,Farrukhabad-cum-Fatehgarh (NPP),Urban,Total,276581,145641,130940,69787,60762,9025,14713,10558,4155,5316,4134,1182,192081,74321,117760,14679,7800,6879
B0103,09,800968,Farrukhabad-cum-Fatehgarh (NPP),Urban,Illiterate,98788,46982,51806,18385,15079,3306,4856,3138,1718,1601,1139,462,75547,28765,46782,2833,1166,1667
B0103,09,800968,Farrukhabad-cum-Fatehgarh (NPP),Urban,Literate,177793,98659,79134,51402,45683,5719,9857,7420,2437,3715,2995,720,116534,45556,70978,11846,6634,5212
B0103,09,800968,Farrukhabad-cum-Fatehgarh (NPP),Urban,Literate but below matric/secondary,84779,45812,38967,18434,16443,1991,4241,3121,1120,1462,1175,287,62104,26248,35856,3710,2030,1680
B0103,09,800968,Farrukhabad-cum-Fatehgarh (NPP),Urban,Matric/secondary but below graduate,50831,28771,22060,15447,14123,1324,2870,2158,712,1109,890,219,32514,12490,20024,4420,2587,1833
B0103,09,800968,Farrukhabad-cum-Fatehgarh (NPP),Urban,Technical diploma or certificate not equal to degree,190,157,33,97,81,16,12,10,2,7,6,1,81,66,15,25,22,3
B0103,09,800968,Farrukhabad-cum-Fatehgarh (NPP),Urban,Graduate and above other than technical degree,28101,16092,12009,12086,10538,1548,1630,1249,381,670,532,138,14385,4305,10080,2637,1416,1221
B0103,09,800968,Farrukhabad-cum-Fatehgarh (NPP),Urban,Technical degree or diploma equal to degree or post-graduate degree,3059,2007,1052,1466,1165,301,189,139,50,82,61,21,1404,703,701,445,271,174
B0103,09,800981,Etawah (NPP),Urban,Total,256838,135439,121399,59308,51575,7733,17223,12516,4707,8653,6679,1974,180307,71348,108959,21299,10704,10595
B0103,09,800981,Etawah (NPP),Urban,Illiterate,71797,33197,38600,10423,8274,2149,4463,2921,1542,2072,1530,542,56911,22002,34909,2536,904,1632
B0103,09,800981,Etawah (NPP),Urban,Literate,185041,102242,82799,48885,43301,5584,12760,9595,3165,6581,5149,1432,123396,49346,74050,18763,9800,8963
B0103,09,800981,Etawah (NPP),Urban,Literate but below matric/secondary,84195,44437,39758,15145,13596,1549,5849,4423,1426,2833,2309,524,63201,26418,36783,4807,2419,2388
B0103,09,800981,Etawah (NPP),Urban,Matric/secondary but below graduate,54931,30747,24184,14456,13247,1209,3872,2933,939,2100,1624,476,36603,14567,22036,7635,4152,3483
B0103,09,800981,Etawah (NPP),Urban,Technical diploma or certificate not equal to degree,428,365,63,222,203,19,26,21,5,14,10,4,180,141,39,74,58,16
B0103,09,800981,Etawah (NPP),Urban,Graduate and above other than technical degree,34064,20023,14041,14616,12562,2054,2229,1639,590,1194,861,333,17219,5822,11397,4845,2416,2429
B0103,09,800981,Etawah (NPP),Urban,Technical degree or diploma equal to degree or post-graduate degree,4340,2939,1401,2079,1647,432,236,164,72,141,94,47,2025,1128,897,808,491,317
B0103,09,801005,Kanpur (M Corp.+OG),Urban,Total,2768057,1490547,1277510,752375,658174,94201,177493,129455,48038,89307,68721,20586,1838189,702918,1135271,204030,102397,101633
B0103,09,801005,Kanpur (M Corp.+OG),Urban,Illiterate,706780,352316,354464,131027,107562,23465,50285,36247,14038,28375,22547,5828,525468,208507,316961,28716,13223,15493
B0103,09,801005,Kanpur (M Corp.+OG),Urban,Literate,2061277,1138231,923046,621348,550612,70736,127208,93208,34000,60932,46174,14758,1312721,494411,818310,175314,89174,86140
B0103,09,801005,Kanpur (M Corp.+OG),Urban,Literate but below matric/secondary,841574,459156,382418,179478,161338,18140,56140,43097,13043,26340,21328,5012,605956,254721,351235,46365,25036,21329
B0103,09,801005,Kanpur (M Corp.+OG),Urban,Matric/secondary but below graduate,646584,362335,284249,202761,186939,15822,37896,27602,10294,18654,13939,4715,405927,147794,258133,69058,36772,32286
B0103,09,801005,Kanpur (M Corp.+OG),Urban,Technical diploma or certificate not equal to degree,6289,5264,1025,3301,3061,240,349,293,56,172,138,34,2639,1910,729,767,568,199
B0103,09,801005,Kanpur (M Corp.+OG),Urban,Graduate and above other than technical degree,410189,219118,191071,175295,149448,25847,20893,13659,7234,9643,6217,3426,214001,56011,157990,43432,18524,24908
B0103,09,801005,Kanpur (M Corp.+OG),Urban,Technical degree or diploma equal to degree or post-graduate degree,49422,31123,18299,24279,18727,5552,2735,1788,947,1437,951,486,22408,10608,11800,7017,3962,3055
B0103,09,801006,Kanpur (CB),Urban,Total,108534,58550,49984,29661,26418,3243,6764,5018,1746,2846,2187,659,72109,27114,44995,8465,4101,4364
B0103,09,801006,Kanpur (CB),Urban,Illiterate,32238,15318,16920,5657,4575,1082,1985,1321,664,792,572,220,24596,9422,15174,1323,577,746
B0103,09,801006,Kanpur (CB),Urban,Literate,76296,43232,33064,24004,21843,2161,4779,3697,1082,2054,1615,439,47513,17692,29821,7142,3524,3618
B0103,09,801006,Kanpur (CB),Urban,Literate but below matric/secondary,37046,20489,16557,8595,7776,819,2516,2000,516,1011,837,174,25935,10713,15222,2550,1347,1203
B0103,09,801006,Kanpur (CB),Urban,Matric/secondary but below graduate,24521,14668,9853,9404,8887,517,1397,1092,305,647,500,147,13720,4689,9031,2828,1386,1442
B0103,09,801006,Kanpur (CB),Urban,Technical diploma or certificate not equal to degree,96,79,17,54,50,4,3,2,1,1,1,0,39,27,12,10,9,1
B0103,09,801006,Kanpur (CB),Urban,Graduate and above other than technical degree,11445,6101,5344,4795,4183,612,608,405,203,299,198,101,6042,1513,4529,1433,609,824
B0103,09,801006,Kanpur (CB),Urban,Technical degree or diploma equal to degree or post-graduate degree,1190,740,450,574,455,119,43,31,12,20,17,3,573,254,319,172,104,68
B0103,09,801014,Orai (NPP+OG),Urban,Total,190575,101306,89269,44206,38618,5588,12091,9373,2718,6379,5075,1304,134278,53315,80963,15746,8202,7544
B0103,09,801014,Orai (NPP+OG),Urban,Illiterate,52434,22556,29878,6716,4958,1758,3154,2130,1024,1607,1142,465,42564,15468,27096,1736,622,1114
B0103,09,801014,Orai (NPP+OG),Urban,Literate,138141,78750,59391,37490,33660,3830,8937,7243,1694,4772,3933,839,91714,37847,53867,14010,7580,6430
B0103,09,801014,Orai (NPP+OG),Urban,Literate but below matric/secondary,61283,32193,29090,10185,8968,1217,3952,3218,734,2097,1759,338,47146,20007,27139,3342,1668,1674
B0103,09,801014,Orai (NPP+OG),Urban,Matric/secondary but below graduate,41278,24072,17206,11424,10534,890,2825,2320,505,1595,1310,285,27029,11218,15811,6055,3319,2736
B0103,09,801014,Orai (NPP+OG),Urban,Technical diploma or certificate not equal to degree,384,344,40,219,212,7,24,21,3,12,11,1,141,111,30,51,39,12
B0103,09,801014,Orai (NPP+OG),Urban,Graduate and above other than technical degree,25288,15979,9309,11751,10531,1220,1452,1166,286,746,599,147,12085,4282,7803,3462,1852,1610
B0103,09,801014,Orai (NPP+OG),Urban,Technical degree or diploma equal to degree or post-graduate degree,4105,2975,1130,2099,1799,300,190,144,46,108,80,28,1816,1032,784,774,503,271
B0103,09,801030,Jhansi (M.Corp.),Urban,Total,505693,265449,240244,123281,103912,19369,44616,29941,14675,22659,16903,5756,337796,131596,206200,40705,20694,20011
B0103,09,801030,Jhansi (M.Corp.),Urban,Illiterate,132193,56058,76135,17799,11928,5871,10797,5672,5125,5247,3266,1981,103597,38458,65139,4849,1530,3319
B0103,09,801030,Jhansi (M.Corp.),Urban,Literate,373500,209391,164109,105482,91984,13498,33819,24269,9550,17412,13637,3775,234199,93138,141061,35856,19164,16692
B0103,09,801030,Jhansi (M.Corp.),Urban,Literate but below matric/secondary,169203,91255,77948,34420,30185,4235,15878,11523,4355,8157,6596,1561,118905,49547,69358,10808,5439,5369
B0103,09,801030,Jhansi (M.Corp.),Urban,Matric/secondary but below graduate,104787,60879,43908,30433,27679,2754,9326,6877,2449,4927,3852,1075,65028,26323,38705,13275,7540,5735
B0103,09,801030,Jhansi (M.Corp.),Urban,Technical diploma or certificate not equal to degree,2909,2361,548,1387,1265,122,223,181,42,129,103,26,1299,915,384,445,349,96
B0103,09,801030,Jhansi (M.Corp.),Urban,Graduate and above other than technical degree,66903,37700,29203,28278,24103,4175,5110,3422,1688,2509,1831,678,33515,10175,23340,7901,3852,4049
B0103,09,801030,Jhansi (M.Corp.),Urban,Technical degree or diploma equal to degree or post-graduate degree,11854,7668,4186,5287,4174,1113,864,586,278,453,309,144,5703,2908,2795,2000,1261,739
B0103,09,801035,Lalitpur (NPP),Urban,Total,133305,69529,63776,33648,28480,5168,8725,6030,2695,4538,3346,1192,90932,35019,55913,9741,4663,5078
B0103,09,801035,Lalitpur (NPP),Urban,Illiterate,37485,15467,22018,5084,3377,1707,2389,1197,1192,1117,621,496,30012,10893,19119,1541,293,1248
B0103,09,801035,Lalitpur (NPP),Urban,Literate,95820,54062,41758,28564,25103,3461,6336,4833,1503,3421,2725,696,60920,24126,36794,8200,4370,3830
B0103,09,801035,Lalitpur (NPP),Urban,Literate but below matric/secondary,52015,28731,23284,11876,10538,1338,3713,2938,775,1994,1653,341,36426,15255,21171,3024,1489,1535
B0103,09,801035,Lalitpur (NPP),Urban,Matric/secondary but below graduate,23276,13105,10171,7091,6409,682,1365,1023,342,762,590,172,14820,5673,9147,2746,1578,1168
B0103,09,801035,Lalitpur (NPP),Urban,Technical diploma or certificate not equal to degree,326,291,35,173,166,7,12,9,3,10,7,3,141,116,25,50,45,5
B0103,09,801035,Lalitpur (NPP),Urban,Graduate and above other than technical degree,14892,8817,6075,7103,6121,982,827,589,238,470,333,137,6962,2107,4855,1859,919,940
B0103,09,801035,Lalitpur (NPP),Urban,Technical degree or diploma equal to degree or post-graduate degree,2121,1438,683,1074,849,225,93,71,22,52,42,10,954,518,436,325,229,96
B0103,09,801051,Banda (NPP+OG),Urban,Total,160473,85370,75103,40492,35141,5351,8198,5991,2207,3857,3176,681,111783,44238,67545,11953,6198,5755
B0103,09,801051,Banda (NPP+OG),Urban,Illiterate,44143,19026,25117,6318,4541,1777,2331,1340,991,970,663,307,35494,13145,22349,1554,497,1057
B0103,09,801051,Banda (NPP+OG),Urban,Literate,116330,66344,49986,34174,30600,3574,5867,4651,1216,2887,2513,374,76289,31093,45196,10399,5701,4698
B0103,09,801051,Banda (NPP+OG),Urban,Literate but below matric/secondary,58092,31220,26872,11788,10697,1091,3040,2407,633,1377,1213,164,43264,18116,25148,3098,1615,1483
B0103,09,801051,Banda (NPP+OG),Urban,Matric/secondary but below graduate,31317,18191,13126,9230,8524,706,1560,1274,286,844,743,101,20527,8393,12134,3656,2080,1576
B0103,09,801051,Banda (NPP+OG),Urban,Technical diploma or certificate not equal to degree,329,287,42,161,148,13,8,7,1,7,7,0,160,132,28,54,46,8
B0103,09,801051,Banda (NPP+OG),Urban,Graduate and above other than technical degree,21457,13408,8049,10677,9324,1353,908,691,217,486,407,79,9872,3393,6479,2932,1555,1377
B0103,09,801051,Banda (NPP+OG),Urban,Technical degree or diploma equal to degree or post-graduate degree,2558,1807,751,1370,1108,262,70,48,22,33,21,12,1118,651,467,472,311,161
B0103,09,801064,Fatehpur (NPP),Urban,Total,193193,101263,91930,44909,38774,6135,13019,8732,4287,6460,4820,1640,135265,53757,81508,17259,9112,8147
B0103,09,801064,Fatehpur (NPP),Urban,Illiterate,63205,28739,34466,9912,7799,2113,4943,2730,2213,2261,1551,710,48350,18210,30140,3005,1241,1764
B0103,09,801064,Fatehpur (NPP),Urban,Literate,129988,72524,57464,34997,30975,4022,8076,6002,2074,4199,3269,930,86915,35547,51368,14254,7871,6383
B0103,09,801064,Fatehpur (NPP),Urban,Literate but below matric/secondary,60902,32662,28240,10921,9869,1052,3845,2849,996,1973,1566,407,46136,19944,26192,4337,2488,1849
B0103,09,801064,Fatehpur (NPP),Urban,Matric/secondary but below graduate,36880,20475,16405,9913,8989,924,2259,1723,536,1221,961,260,24708,9763,14945,5450,2986,2464
B0103,09,801064,Fatehpur (NPP),Urban,Technical diploma or certificate not equal to degree,247,210,37,125,115,10,7,6,1,2,2,0,115,89,26,45,35,10
B0103,09,801064,Fatehpur (NPP),Urban,Graduate and above other than technical degree,23069,13700,9369,10481,8931,1550,1275,905,370,682,481,201,11313,3864,7449,3452,1770,1682
B0103,09,801064,Fatehpur (NPP),Urban,Technical degree or diploma equal to degree or post-graduate degree,2007,1361,646,1019,793,226,100,68,32,62,46,16,888,500,388,351,223,128
B0103,09,801086,Allahabad (M Corp.+OG),Urban,Total,1168385,630577,537808,281443,233722,47721,108759,68235,40524,53497,35545,17952,778183,328620,449563,114593,61969,52624
B0103,09,801086,Allahabad (M Corp.+OG),Urban,Illiterate,281249,130735,150514,40890,29432,11458,22338,12054,10284,10669,6369,4300,218021,89249,128772,14180,6140,8040
B0103,09,801086,Allahabad (M Corp.+OG),Urban,Literate,887136,499842,387294,240553,204290,36263,86421,56181,30240,42828,29176,13652,560162,239371,320791,100413,55829,44584
B0103,09,801086,Allahabad (M Corp.+OG),Urban,Literate but below matric/secondary,300501,159562,140939,50630,43225,7405,26763,17100,9663,12530,8788,3742,223108,99237,123871,20631,11031,9600
B0103,09,801086,Allahabad (M Corp.+OG),Urban,Matric/secondary but below graduate,274943,156237,118706,72344,63938,8406,27105,17809,9296,14515,9868,4647,175494,74490,101004,39766,22382,17384
B0103,09,801086,Allahabad (M Corp.+OG),Urban,Technical diploma or certificate not equal to degree,2685,2316,369,1470,1378,92,231,192,39,109,91,18,984,746,238,293,238,55
B0103,09,801086,Allahabad (M Corp.+OG),Urban,Graduate and above other than technical degree,204202,117947,86255,81223,67623,13600,20229,12861,7368,9991,6388,3603,102750,37463,65287,26837,13881,12956
B0103,09,801086,Allahabad (M Corp.+OG),Urban,Technical degree or diploma equal to degree or post-graduate degree,28927,20301,8626,12588,9996,2592,2747,1928,819,1515,1070,445,13592,8377,5215,4532,3097,1435
B0103,09,801108,Faizabad (NPP),Urban,Total,165228,85620,79608,39153,33322,5831,12826,8323,4503,7442,4664,2778,113249,43975,69274,16160,8061,8099
B0103,09,801108,Faizabad (NPP),Urban,Illiterate,41333,19101,22232,5889,4543,1346,2899,1697,1202,1602,951,651,32545,12861,19684,1854,724,1130
B0103,09,801108,Faizabad (NPP),Urban,Literate,123895,66519,57376,33264,28779,4485,9927,6626,3301,5840,3713,2127,80704,31114,49590,14306,7337,6969
B0103,09,801108,Faizabad (NPP),Urban,Literate but below matric/secondary,53192,28201,24991,9871,8767,1104,4355,2965,1390,2601,1736,865,38966,16469,22497,3835,2071,1764
B0103,09,801108,Faizabad (NPP),Urban,Matric/secondary but below graduate,35386,18658,16728,8950,8010,940,2728,1818,910,1635,1030,605,23708,8830,14878,5556,2967,2589
B0103,09,801108,Faizabad (NPP),Urban,Technical diploma or certificate not equal to degree,421,354,67,247,227,20,27,22,5,18,15,3,147,105,42,43,38,5
B0103,09,801108,Faizabad (NPP),Urban,Graduate and above other than technical degree,27213,14883,12330,11239,9398,1841,2100,1351,749,1224,716,508,13874,4134,9740,3962,1779,2183
B0103,09,801108,Faizabad (NPP),Urban,Technical degree or diploma equal to degree or post-graduate degree,3445,2194,1251,1638,1269,369,268,173,95,146,86,60,1539,752,787,558,314,244
B0103,09,801116,Akbarpur (NPP),Urban,Total,111447,57330,54117,21172,16536,4636,13984,9109,4875,6717,4930,1787,76291,31685,44606,8178,3995,4183
B0103,09,801116,Akbarpur (NPP),Urban,Illiterate,39398,16697,22701,5673,3730,1943,5143,2581,2562,2201,1338,863,28582,10386,18196,1350,419,931
B0103,09,801116,Akbarpur (NPP),Urban,Literate,72049,40633,31416,15499,12806,2693,8841,6528,2313,4516,3592,924,47709,21299,26410,6828,3576,3252
B0103,09,801116,Akbarpur (NPP),Urban,Literate but below matric/secondary,40826,22836,17990,6497,5477,1020,5075,3878,1197,2556,2127,429,29254,13481,15773,2350,1252,1098
B0103,09,801116,Akbarpur (NPP),Urban,Matric/secondary but below graduate,17565,9716,7849,3975,3339,636,2062,1482,580,1061,794,267,11528,4895,6633,2545,1321,1224
B0103,09,801116,Akbarpur (NPP),Urban,Technical diploma or certificate not equal to degree,123,109,14,47,42,5,12,11,1,8,8,0,64,56,8,29,26,3
B0103,09,801116,Akbarpur (NPP),Urban,Graduate and above other than technical degree,8809,5170,3639,3514,2810,704,1034,704,330,563,408,155,4261,1656,2605,1404,680,724
B0103,09,801116,Akbarpur (NPP),Urban,Technical degree or diploma equal to degree or post-graduate degree,936,641,295,433,339,94,81,61,20,48,40,8,422,241,181,164,108,56
B0103,09,801119,Sultanpur (NPP),Urban,Total,107640,56420,51220,26978,22839,4139,5483,3486,1997,2475,1697,778,75179,30095,45084,8867,4303,4564
B0103,09,801119,Sultanpur (NPP),Urban,Illiterate,23560,10424,13136,2906,2066,840,870,507,363,367,249,118,19784,7851,11933,814,297,517
B0103,09,801119,Sultanpur (NPP),Urban,Literate,84080,45996,38084,24072,20773,3299,4613,2979,1634,2108,1448,660,55395,22244,33151,8053,4006,4047
B0103,09,801119,Sultanpur (NPP),Urban,Literate but below matric/secondary,35674,18486,17188,6702,5819,883,1899,1264,635,779,581,198,27073,11403,15670,2041,999,1042
B0103,09,801119,Sultanpur (NPP),Urban,Matric/secondary but below graduate,24405,13276,11129,6616,5864,752,1346,861,485,617,416,201,16443,6551,9892,3051,1545,1506
B0103,09,801119,Sultanpur (NPP),Urban,Technical diploma or certificate not equal to degree,353,308,45,208,194,14,15,15,0,10,10,0,130,99,31,43,29,14
B0103,09,801119,Sultanpur (NPP),Urban,Graduate and above other than technical degree,18029,10440,7589,8218,6973,1245,990,607,383,521,319,202,8821,2860,5961,2280,1037,1243
B0103,09,801119,Sultanpur (NPP),Urban,Technical degree or diploma equal to degree or post-graduate degree,2446,1690,756,1215,978,237,153,104,49,87,62,25,1078,608,470,352,225,127
B0103,09,801125,Bahraich (NPP),Urban,Total,186223,97653,88570,42975,37795,5180,12023,8625,3398,5074,3911,1163,131225,51233,79992,12590,6018,6572
B0103,09,801125,Bahraich (NPP),Urban,Illiterate,66659,32746,33913,11492,9840,1652,4384,3040,1344,1793,1373,420,50783,19866,30917,2516,1066,1450
B0103,09,801125,Bahraich (NPP),Urban,Literate,119564,64907,54657,31483,27955,3528,7639,5585,2054,3281,2538,743,80442,31367,49075,10074,4952,5122
B0103,09,801125,Bahraich (NPP),Urban,Literate but below matric/secondary,59355,32132,27223,11410,10524,886,3559,2679,880,1495,1247,248,44386,18929,25457,3071,1540,1531
B0103,09,801125,Bahraich (NPP),Urban,Matric/secondary but below graduate,31095,16274,14821,8137,7352,785,1876,1379,497,796,609,187,21082,7543,13539,3914,1949,1965
B0103,09,801125,Bahraich (NPP),Urban,Technical diploma or certificate not equal to degree,209,177,32,116,108,8,17,13,4,6,5,1,76,56,20,21,15,6
B0103,09,801125,Bahraich (NPP),Urban,Graduate and above other than technical degree,18807,10389,8418,8165,6914,1251,1101,745,356,491,324,167,9541,2730,6811,2327,1017,1310
B0103,09,801125,Bahraich (NPP),Urban,Technical degree or diploma equal to degree or post-graduate degree,1683,1148,535,846,660,186,106,80,26,49,43,6,731,408,323,277,193,84
B0103,09,801134,Gonda (NPP),Urban,Total,114046,59948,54098,27443,23212,4231,7564,4970,2594,4206,2793,1413,79039,31766,47273,9062,4856,4206
B0103,09,801134,Gonda (NPP),Urban,Illiterate,33187,15346,17841,5283,4165,1118,1992,1167,825,1056,631,425,25912,10014,15898,1474,624,850
B0103,09,801134,Gonda (NPP),Urban,Literate,80859,44602,36257,22160,19047,3113,5572,3803,1769,3150,2162,988,53127,21752,31375,7588,4232,3356
B0103,09,801134,Gonda (NPP),Urban,Literate but below matric/secondary,34124,18062,16062,5985,5105,880,2209,1478,731,1280,870,410,25930,11479,14451,1995,1087,908
B0103,09,801134,Gonda (NPP),Urban,Matric/secondary but below graduate,23650,12930,10720,6451,5688,763,1624,1120,504,911,642,269,15575,6122,9453,2955,1695,1260
B0103,09,801134,Gonda (NPP),Urban,Technical diploma or certificate not equal to degree,340,298,42,227,212,15,20,17,3,11,9,2,93,69,24,29,25,4
B0103,09,801134,Gonda (NPP),Urban,Graduate and above other than technical degree,15689,9129,6560,6798,5765,1033,1114,742,372,620,412,208,7777,2622,5155,1917,1011,906
B0103,09,801134,Gonda (NPP),Urban,Technical degree or diploma equal to degree or post-graduate degree,1523,1056,467,761,614,147,100,75,25,66,49,17,662,367,295,261,178,83
B0103,09,801147,Basti (NPP),Urban,Total,114657,60095,54562,23124,20098,3026,7475,5710,1765,3439,2816,623,84058,34287,49771,7920,4427,3493
B0103,09,801147,Basti (NPP),Urban,Illiterate,30268,13059,17209,3008,2296,712,1872,1289,583,988,705,283,25388,9474,15914,1026,391,635
B0103,09,801147,Basti (NPP),Urban,Literate,84389,47036,37353,20116,17802,2314,5603,4421,1182,2451,2111,340,58670,24813,33857,6894,4036,2858
B0103,09,801147,Basti (NPP),Urban,Literate but below matric/secondary,35513,18958,16555,5120,4612,508,2333,1905,428,1065,948,117,28060,12441,15619,1752,1043,709
B0103,09,801147,Basti (NPP),Urban,Matric/secondary but below graduate,24831,13777,11054,5664,5130,534,1572,1252,320,671,588,83,17595,7395,10200,2447,1464,983
B0103,09,801147,Basti (NPP),Urban,Technical diploma or certificate not equal to degree,397,350,47,229,216,13,19,17,2,5,4,1,149,117,32,27,19,8
B0103,09,801147,Basti (NPP),Urban,Graduate and above other than technical degree,17873,10398,7475,7197,6219,978,1106,797,309,454,350,104,9570,3382,6188,2132,1162,970
B0103,09,801147,Basti (NPP),Urban,Technical degree or diploma equal to degree or post-graduate degree,2310,1673,637,1121,945,176,157,113,44,60,43,17,1032,615,417,323,214,109
B0103,09,801160,Gorakhpur (M Corp.),Urban,Total,673446,353907,319539,157624,132967,24657,50931,33333,17598,24220,16898,7322,464891,187607,277284,62267,31165,31102
B0103,09,801160,Gorakhpur (M Corp.),Urban,Illiterate,166752,72789,93963,20817,15031,5786,11540,6668,4872,5534,3687,1847,134395,51090,83305,8158,2796,5362
B0103,09,801160,Gorakhpur (M Corp.),Urban,Literate,506694,281118,225576,136807,117936,18871,39391,26665,12726,18686,13211,5475,330496,136517,193979,54109,28369,25740
B0103,09,801160,Gorakhpur (M Corp.),Urban,Literate but below matric/secondary,189369,100148,89221,30414,26287,4127,13501,9351,4150,6340,4717,1623,145454,64510,80944,13117,6835,6282
B0103,09,801160,Gorakhpur (M Corp.),Urban,Matric/secondary but below graduate,157637,86978,70659,42394,37409,4985,12613,8532,4081,6177,4298,1879,102630,41037,61593,21493,11497,9996
B0103,09,801160,Gorakhpur (M Corp.),Urban,Technical diploma or certificate not equal to degree,3342,2890,452,1692,1587,105,237,210,27,129,108,21,1413,1093,320,410,330,80
B0103,09,801160,Gorakhpur (M Corp.),Urban,Graduate and above other than technical degree,108910,62655,46255,45202,38465,6737,8782,5645,3137,4075,2653,1422,54926,18545,36381,13818,6598,7220
B0103,09,801160,Gorakhpur (M Corp.),Urban,Technical degree or diploma equal to degree or post-graduate degree,14813,10461,4352,7131,5882,1249,1146,814,332,569,397,172,6536,3765,2771,2164,1420,744
B0103,09,801175,Deoria (NPP),Urban,Total,129479,67462,62017,29470,25829,3641,5769,4100,1669,2706,1943,763,94240,37533,56707,13043,6691,6352
B0103,09,801175,Deoria (NPP),Urban,Illiterate,29917,12734,17183,3222,2400,822,1104,624,480,494,293,201,25591,9710,15881,1204,443,761
B0103,09,801175,Deoria (NPP),Urban,Literate,99562,54728,44834,26248,23429,2819,4665,3476,1189,2212,1650,562,68649,27823,40826,11839,6248,5591
B0103,09,801175,Deoria (NPP),Urban,Literate but below matric/secondary,37441,19037,18404,5063,4545,518,1484,1107,377,721,557,164,30894,13385,17509,2400,1213,1187
B0103,09,801175,Deoria (NPP),Urban,Matric/secondary but below graduate,31930,17139,14791,8005,7268,737,1597,1181,416,783,583,200,22328,8690,13638,4862,2647,2215
B0103,09,801175,Deoria (NPP),Urban,Technical diploma or certificate not equal to degree,487,431,56,223,212,11,22,22,0,6,6,0,242,197,45,77,67,10
B0103,09,801175,Deoria (NPP),Urban,Graduate and above other than technical degree,22173,13495,8678,9893,8743,1150,1147,848,299,530,371,159,11133,3904,7229,3507,1757,1750
B0103,09,801175,Deoria (NPP),Urban,Technical degree or diploma equal to degree or post-graduate degree,3033,2287,746,1626,1384,242,143,107,36,62,45,17,1264,796,468,460,334,126
B0103,09,801189,Azamgarh (NPP),Urban,Total,110983,57878,53105,24336,20970,3366,4959,3378,1581,2139,1601,538,81688,33530,48158,8533,4889,3644
B0103,09,801189,Azamgarh (NPP),Urban,Illiterate,27775,12436,15339,2885,2084,801,1126,670,456,479,327,152,23764,9682,14082,1014,470,544
B0103,09,801189,Azamgarh (NPP),Urban,Literate,83208,45442,37766,21451,18886,2565,3833,2708,1125,1660,1274,386,57924,23848,34076,7519,4419,3100
B0103,09,801189,Azamgarh (NPP),Urban,Literate but below matric/secondary,35719,18739,16980,5577,5015,562,1581,1142,439,613,506,107,28561,12582,15979,2007,1230,777
B0103,09,801189,Azamgarh (NPP),Urban,Matric/secondary but below graduate,24581,13271,11310,6042,5492,550,1238,859,379,577,415,162,17301,6920,10381,2738,1641,1097
B0103,09,801189,Azamgarh (NPP),Urban,Technical diploma or certificate not equal to degree,385,334,51,196,187,9,9,9,0,6,6,0,180,138,42,45,38,7
B0103,09,801189,Azamgarh (NPP),Urban,Graduate and above other than technical degree,17592,10198,7394,7585,6533,1052,762,526,236,368,273,95,9245,3139,6106,2199,1190,1009
B0103,09,801189,Azamgarh (NPP),Urban,Technical degree or diploma equal to degree or post-graduate degree,2319,1493,826,1184,917,267,83,54,29,41,26,15,1052,522,530,296,185,111
B0103,09,801200,Maunath Bhanjan (NPP),Urban,Total,278745,142967,135778,73392,55170,18222,15574,9305,6269,5346,3605,1741,189779,78492,111287,11608,5947,5661
B0103,09,801200,Maunath Bhanjan (NPP),Urban,Illiterate,96322,43018,53304,16808,10932,5876,4726,2092,2634,1496,846,650,74788,29994,44794,1825,674,1151
B0103,09,801200,Maunath Bhanjan (NPP),Urban,Literate,182423,99949,82474,56584,44238,12346,10848,7213,3635,3850,2759,1091,114991,48498,66493,9783,5273,4510
B0103,09,801200,Maunath Bhanjan (NPP),Urban,Literate but below matric/secondary,100799,52942,47857,25483,19016,6467,4955,3129,1826,1566,1102,464,70361,30797,39564,3168,1656,1512
B0103,09,801200,Maunath Bhanjan (NPP),Urban,Matric/secondary but below graduate,46392,26602,19790,15348,12771,2577,3250,2273,977,1260,926,334,27794,11558,16236,3761,2064,1697
B0103,09,801200,Maunath Bhanjan (NPP),Urban,Technical diploma or certificate not equal to degree,486,275,211,154,125,29,21,20,1,3,2,1,311,130,181,30,24,6
B0103,09,801200,Maunath Bhanjan (NPP),Urban,Graduate and above other than technical degree,18693,10804,7889,8335,6826,1509,1345,923,422,546,372,174,9013,3055,5958,1916,999,917
B0103,09,801200,Maunath Bhanjan (NPP),Urban,Technical degree or diploma equal to degree or post-graduate degree,2082,1493,589,1017,832,185,117,93,24,48,37,11,948,568,380,259,189,70
B0103,09,801206,Ballia (NPP),Urban,Total,104424,55459,48965,23069,18759,4310,12187,7405,4782,6107,3830,2277,69168,29295,39873,9541,4987,4554
B0103,09,801206,Ballia (NPP),Urban,Illiterate,27093,12161,14932,3420,2304,1116,2607,1357,1250,1156,628,528,21066,8500,12566,1045,367,678
B0103,09,801206,Ballia (NPP),Urban,Literate,77331,43298,34033,19649,16455,3194,9580,6048,3532,4951,3202,1749,48102,20795,27307,8496,4620,3876
B0103,09,801206,Ballia (NPP),Urban,Literate but below matric/secondary,29218,15007,14211,4332,3484,848,3434,2052,1382,1657,996,661,21452,9471,11981,1915,1007,908
B0103,09,801206,Ballia (NPP),Urban,Matric/secondary but below graduate,24602,13570,11032,6333,5366,967,3140,1951,1189,1696,1082,614,15129,6253,8876,3743,1963,1780
B0103,09,801206,Ballia (NPP),Urban,Technical diploma or certificate not equal to degree,341,288,53,154,146,8,43,33,10,29,24,5,144,109,35,42,34,8
B0103,09,801206,Ballia (NPP),Urban,Graduate and above other than technical degree,14324,8973,5351,5929,5086,843,1674,1131,543,958,670,288,6721,2756,3965,1915,1054,861
B0103,09,801206,Ballia (NPP),Urban,Technical degree or diploma equal to degree or post-graduate degree,1790,1279,511,835,675,160,151,109,42,88,63,25,804,495,309,282,195,87
B0103,09,801215,Jaunpur (NPP),Urban,Total,180362,93718,86644,38453,32805,5648,11368,8220,3148,5057,3967,1090,130541,52693,77848,14287,7653,6634
B0103,09,801215,Jaunpur (NPP),Urban,Illiterate,52312,23251,29061,6368,4818,1550,2727,1767,960,1201,881,320,43217,16666,26551,1977,805,1172
B0103,09,801215,Jaunpur (NPP),Urban,Literate,128050,70467,57583,32085,27987,4098,8641,6453,2188,3856,3086,770,87324,36027,51297,12310,6848,5462
B0103,09,801215,Jaunpur (NPP),Urban,Literate but below matric/secondary,59887,32161,27726,10684,9419,1265,3606,2837,769,1626,1363,263,45597,19905,25692,3489,2007,1482
B0103,09,801215,Jaunpur (NPP),Urban,Matric/secondary but below graduate,38060,20440,17620,9519,8443,1076,2629,1961,668,1240,975,265,25912,10036,15876,4990,2743,2247
B0103,09,801215,Jaunpur (NPP),Urban,Technical diploma or certificate not equal to degree,343,290,53,150,138,12,39,34,5,25,23,2,154,118,36,43,37,6
B0103,09,801215,Jaunpur (NPP),Urban,Graduate and above other than technical degree,21925,12893,9032,8955,7752,1203,1625,1152,473,694,523,171,11345,3989,7356,2897,1523,1374
B0103,09,801215,Jaunpur (NPP),Urban,Technical degree or diploma equal to degree or post-graduate degree,2946,1958,988,1354,1063,291,184,124,60,87,62,25,1408,771,637,484,303,181
B0103,09,801222,Ghazipur (NPP+OG),Urban,Total,121020,63513,57507,26881,23281,3600,6583,4501,2082,4794,3204,1590,87556,35731,51825,12419,6599,5820
B0103,09,801222,Ghazipur (NPP+OG),Urban,Illiterate,32364,14154,18210,4012,2952,1060,1445,825,620,1029,568,461,26907,10377,16530,1287,400,887
B0103,09,801222,Ghazipur (NPP+OG),Urban,Literate,88656,49359,39297,22869,20329,2540,5138,3676,1462,3765,2636,1129,60649,25354,35295,11132,6199,4933
B0103,09,801222,Ghazipur (NPP+OG),Urban,Literate but below matric/secondary,37399,19675,17724,6227,5592,635,2251,1584,667,1673,1164,509,28921,12499,16422,2633,1418,1215
B0103,09,801222,Ghazipur (NPP+OG),Urban,Matric/secondary but below graduate,28608,16089,12519,7323,6691,632,1689,1240,449,1251,895,356,19596,8158,11438,4739,2750,1989
B0103,09,801222,Ghazipur (NPP+OG),Urban,Technical diploma or certificate not equal to degree,356,326,30,166,158,8,14,12,2,4,3,1,176,156,20,70,64,6
B0103,09,801222,Ghazipur (NPP+OG),Urban,Graduate and above other than technical degree,16825,10005,6820,7215,6262,953,699,519,180,465,336,129,8911,3224,5687,2882,1478,1404
B0103,09,801222,Ghazipur (NPP+OG),Urban,Technical degree or diploma equal to degree or post-graduate degree,2015,1413,602,933,768,165,58,44,14,36,27,9,1024,601,423,415,276,139
B0103,09,801227,Mughalsarai (NPP),Urban,Total,109650,57682,51968,19158,17070,2088,9864,8006,1858,5257,4448,809,80628,32606,48022,7117,3952,3165
B0103,09,801227,Mughalsarai (NPP),Urban,Illiterate,32714,13868,18846,2883,2087,796,2370,1529,841,1271,945,326,27461,10252,17209,1121,359,762
B0103,09,801227,Mughalsarai (NPP),Urban,Literate,76936,43814,33122,16275,14983,1292,7494,6477,1017,3986,3503,483,53167,22354,30813,5996,3593,2403
B0103,09,801227,Mughalsarai (NPP),Urban,Literate but below matric/secondary,38368,20855,17513,5277,4883,394,3589,3091,498,2015,1793,222,29502,12881,16621,1831,1018,813
B0103,09,801227,Mughalsarai (NPP),Urban,Matric/secondary but below graduate,24027,14097,9930,5622,5306,316,2569,2277,292,1315,1177,138,15836,6514,9322,2547,1614,933
B0103,09,801227,Mughalsarai (NPP),Urban,Technical diploma or certificate not equal to degree,353,316,37,148,142,6,23,22,1,12,11,1,182,152,30,52,42,10
B0103,09,801227,Mughalsarai (NPP),Urban,Graduate and above other than technical degree,10513,6358,4155,3991,3588,403,920,766,154,454,370,84,5602,2004,3598,1245,707,538
B0103,09,801227,Mughalsarai (NPP),Urban,Technical degree or diploma equal to degree or post-graduate degree,1245,886,359,594,493,101,72,60,12,28,23,5,579,333,246,174,129,45
B0103,09,801235,Varanasi (M Corp.),Urban,Total,1198491,635140,563351,339305,285456,53849,62817,39469,23348,22892,15764,7128,796369,310215,486154,67326,34100,33226
B0103,09,801235,Varanasi (M Corp.),Urban,Illiterate,355994,165487,190507,71986,54076,17910,15248,8225,7023,4636,2923,1713,268760,103186,165574,8265,2988,5277
B0103,09,801235,Varanasi (M Corp.),Urban,Literate,842497,469653,372844,267319,231380,35939,47569,31244,16325,18256,12841,5415,527609,207029,320580,59061,31112,27949
B0103,09,801235,Varanasi (M Corp.),Urban,Literate but below matric/secondary,373813,201575,172238,90045,77847,12198,19713,13085,6628,6861,5034,1827,264055,110643,153412,15297,7851,7446
B0103,09,801235,Varanasi (M Corp.),Urban,Matric/secondary but below graduate,238285,132834,105451,75880,67633,8247,13568,9127,4441,5463,3885,1578,148837,56074,92763,22689,12401,10288
B0103,09,801235,Varanasi (M Corp.),Urban,Technical diploma or certificate not equal to degree,3135,2699,436,1611,1490,121,156,134,22,81,74,7,1368,1075,293,323,261,62
B0103,09,801235,Varanasi (M Corp.),Urban,Graduate and above other than technical degree,151612,86764,64848,68536,58417,10119,8236,5191,3045,3500,2218,1282,74840,23156,51684,14771,7103,7668
B0103,09,801235,Varanasi (M Corp.),Urban,Technical degree or diploma equal to degree or post-graduate degree,21010,14676,6334,10443,8438,2005,1060,712,348,533,361,172,9507,5526,3981,2640,1765,875
B0103,09,801244,Mirzapur-cum-Vindhyachal (NPP),Urban,Total,234871,125601,109270,56326,46958,9368,20921,14052,6869,9436,6860,2576,157624,64591,93033,14552,7854,6698
B0103,09,801244,Mirzapur-cum-Vindhyachal (NPP),Urban,Illiterate,78463,35663,42800,12713,9105,3608,6067,3443,2624,2659,1750,909,59683,23115,36568,2777,1057,1720
B0103,09,801244,Mirzapur-cum-Vindhyachal (NPP),Urban,Literate,156408,89938,66470,43613,37853,5760,14854,10609,4245,6777,5110,1667,97941,41476,56465,11775,6797,4978
B0103,09,801244,Mirzapur-cum-Vindhyachal (NPP),Urban,Literate but below matric/secondary,77445,43091,34354,16392,14056,2336,7198,5146,2052,3076,2362,714,53855,23889,29966,3748,2075,1673
B0103,09,801244,Mirzapur-cum-Vindhyachal (NPP),Urban,Matric/secondary but below graduate,42644,24468,18176,12197,10817,1380,4110,2928,1182,2003,1494,509,26337,10723,15614,4432,2610,1822
B0103,09,801244,Mirzapur-cum-Vindhyachal (NPP),Urban,Technical diploma or certificate not equal to degree,553,472,81,262,239,23,45,38,7,19,15,4,246,195,51,67,57,10
B0103,09,801244,Mirzapur-cum-Vindhyachal (NPP),Urban,Graduate and above other than technical degree,23751,14722,9029,10385,9134,1251,2123,1542,581,1034,766,268,11243,4046,7197,2538,1420,1118
B0103,09,801244,Mirzapur-cum-Vindhyachal (NPP),Urban,Technical degree or diploma equal to degree or post-graduate degree,2095,1503,592,1023,831,192,169,130,39,94,70,24,903,542,361,266,183,83
B0103,09,801262,Etah (NPP),Urban,Total,118517,62590,55927,27536,23332,4204,6649,4561,2088,3504,2508,996,84332,34697,49635,8222,4275,3947
B0103,09,801262,Etah (NPP),Urban,Illiterate,30888,14015,16873,3356,2544,812,1460,863,597,755,492,263,26072,10608,15464,987,400,587
B0103,09,801262,Etah (NPP),Urban,Literate,87629,48575,39054,24180,20788,3392,5189,3698,1491,2749,2016,733,58260,24089,34171,7235,3875,3360
B0103,09,801262,Etah (NPP),Urban,Literate but below matric/secondary,34791,18046,16745,5374,4526,848,1751,1227,524,884,678,206,27666,12293,15373,1674,875,799
B0103,09,801262,Etah (NPP),Urban,Matric/secondary but below graduate,28143,15812,12331,7963,7073,890,1726,1298,428,940,713,227,18454,7441,11013,2943,1641,1302
B0103,09,801262,Etah (NPP),Urban,Technical diploma or certificate not equal to degree,203,183,20,97,93,4,15,14,1,9,9,0,91,76,15,22,19,3
B0103,09,801262,Etah (NPP),Urban,Graduate and above other than technical degree,18951,11211,7740,8707,7447,1260,1195,819,376,610,403,207,9049,2945,6104,1996,977,1019
B0103,09,801262,Etah (NPP),Urban,Technical degree or diploma equal to degree or post-graduate degree,2637,1820,817,1228,985,243,152,114,38,95,72,23,1257,721,536,391,255,136
B0103,09,801269,Kasganj (NPP),Urban,Total,101277,53552,47725,23125,21250,1875,4475,3716,759,2142,1825,317,73677,28586,45091,6381,3132,3249
B0103,09,801269,Kasganj (NPP),Urban,Illiterate,33274,15324,17950,4092,3601,491,1476,1169,307,721,615,106,27706,10554,17152,1082,420,662
B0103,09,801269,Kasganj (NPP),Urban,Literate,68003,38228,29775,19033,17649,1384,2999,2547,452,1421,1210,211,45971,18032,27939,5299,2712,2587
B0103,09,801269,Kasganj (NPP),Urban,Literate but below matric/secondary,30384,16566,13818,5521,5263,258,1349,1143,206,706,604,102,23514,10160,13354,1220,638,582
B0103,09,801269,Kasganj (NPP),Urban,Matric/secondary but below graduate,19640,11127,8513,5634,5355,279,853,732,121,402,344,58,13153,5040,8113,2169,1141,1028
B0103,09,801269,Kasganj (NPP),Urban,Technical diploma or certificate not equal to degree,157,130,27,77,73,4,2,2,0,1,1,0,78,55,23,27,24,3
B0103,09,801269,Kasganj (NPP),Urban,Graduate and above other than technical degree,11924,6891,5033,5356,4790,566,476,404,72,181,146,35,6092,1697,4395,1387,628,759
B0103,09,801269,Kasganj (NPP),Urban,Technical degree or diploma equal to degree or post-graduate degree,1382,942,440,741,590,151,49,35,14,22,15,7,592,317,275,223,138,85
B0103,10,801279,Bagaha (Nagar Parishad),Urban,Total,112634,59614,53020,22307,19800,2507,10770,8102,2668,6366,5430,936,79557,31712,47845,5245,2452,2793
B0103,10,801279,Bagaha (Nagar Parishad),Urban,Illiterate,57234,25949,31285,8828,7227,1601,6201,3977,2224,3460,2689,771,42205,14745,27460,1653,437,1216
B0103,10,801279,Bagaha (Nagar Parishad),Urban,Literate,55400,33665,21735,13479,12573,906,4569,4125,444,2906,2741,165,37352,16967,20385,3592,2015,1577
B0103,10,801279,Bagaha (Nagar Parishad),Urban,Literate but below matric/secondary,37899,22166,15733,7205,6812,393,3041,2737,304,1981,1869,112,27653,12617,15036,1418,742,676
B0103,10,801279,Bagaha (Nagar Parishad),Urban,Matric/secondary but below graduate,11364,7311,4053,3783,3489,294,879,809,70,544,520,24,6702,3013,3689,1398,813,585
B0103,10,801279,Bagaha (Nagar Parishad),Urban,Technical diploma or certificate not equal to degree,28,24,4,15,13,2,3,3,0,1,1,0,10,8,2,4,4,0
B0103,10,801279,Bagaha (Nagar Parishad),Urban,Graduate and above other than technical degree,3457,2527,930,1735,1577,158,231,209,22,128,119,9,1491,741,750,511,319,192
B0103,10,801279,Bagaha (Nagar Parishad),Urban,Technical degree or diploma equal to degree or post-graduate degree,287,229,58,130,112,18,12,11,1,3,3,0,145,106,39,53,39,14
B0103,10,801281,Bettiah (Nagar Parishad),Urban,Total,132209,69529,62680,29817,25713,4104,7102,5378,1724,4065,3178,887,95290,38438,56852,7884,4168,3716
B0103,10,801281,Bettiah (Nagar Parishad),Urban,Illiterate,40911,18953,21958,5610,4497,1113,2125,1417,708,1136,802,334,33176,13039,20137,1239,408,831
B0103,10,801281,Bettiah (Nagar Parishad),Urban,Literate,91298,50576,40722,24207,21216,2991,4977,3961,1016,2929,2376,553,62114,25399,36715,6645,3760,2885
B0103,10,801281,Bettiah (Nagar Parishad),Urban,Literate but below matric/secondary,48882,25535,23347,8648,7864,784,2697,2173,524,1579,1316,263,37537,15498,22039,1970,1031,939
B0103,10,801281,Bettiah (Nagar Parishad),Urban,Matric/secondary but below graduate,25426,13853,11573,7488,6384,1104,1311,1012,299,801,621,180,16627,6457,10170,2793,1555,1238
B0103,10,801281,Bettiah (Nagar Parishad),Urban,Technical diploma or certificate not equal to degree,104,80,24,52,48,4,6,5,1,3,3,0,46,27,19,16,11,5
B0103,10,801281,Bettiah (Nagar Parishad),Urban,Graduate and above other than technical degree,11767,8104,3663,6076,5297,779,653,528,125,371,293,78,5038,2279,2759,1356,836,520
B0103,10,801281,Bettiah (Nagar Parishad),Urban,Technical degree or diploma equal to degree or post-graduate degree,1671,1268,403,855,700,155,62,50,12,37,30,7,754,518,236,259,193,66
B0103,10,801285,Motihari (Nagar Parishad),Urban,Total,126158,67861,58297,28669,25256,3413,5076,3693,1383,2184,1718,466,92413,38912,53501,9890,5595,4295
B0103,10,801285,Motihari (Nagar Parishad),Urban,Illiterate,33360,16150,17210,4223,3429,794,1215,759,456,500,366,134,27922,11962,15960,1294,671,623
B0103,10,801285,Motihari (Nagar Parishad),Urban,Literate,92798,51711,41087,24446,21827,2619,3861,2934,927,1684,1352,332,64491,26950,37541,8596,4924,3672
B0103,10,801285,Motihari (Nagar Parishad),Urban,Literate but below matric/secondary,41988,21447,20541,6470,5900,570,1561,1189,372,672,554,118,33957,14358,19599,2510,1336,1174
B0103,10,801285,Motihari (Nagar Parishad),Urban,Matric/secondary but below graduate,27921,14781,13140,7310,6501,809,1158,869,289,490,382,108,19453,7411,12042,3407,1868,1539
B0103,10,801285,Motihari (Nagar Parishad),Urban,Technical diploma or certificate not equal to degree,162,142,20,87,85,2,8,6,2,4,4,0,67,51,16,20,14,6
B0103,10,801285,Motihari (Nagar Parishad),Urban,Graduate and above other than technical degree,17159,11682,5477,8443,7489,954,791,627,164,379,299,80,7925,3566,4359,2044,1249,795
B0103,10,801285,Motihari (Nagar Parishad),Urban,Technical degree or diploma equal to degree or post-graduate degree,2391,1952,439,1200,1057,143,86,69,17,44,35,9,1105,826,279,345,276,69
B0103,10,801310,Kishanganj (Nagar Parishad),Urban,Total,105782,55143,50639,26468,22934,3534,5880,3948,1932,3493,2336,1157,73434,28261,45173,6659,3124,3535
B0103,10,801310,Kishanganj (Nagar Parishad),Urban,Illiterate,40474,18695,21779,7307,5883,1424,2585,1499,1086,1458,846,612,30582,11313,19269,1254,313,941
B0103,10,801310,Kishanganj (Nagar Parishad),Urban,Literate,65308,36448,28860,19161,17051,2110,3295,2449,846,2035,1490,545,42852,16948,25904,5405,2811,2594
B0103,10,801310,Kishanganj (Nagar Parishad),Urban,Literate but below matric/secondary,37581,19959,17622,7875,7204,671,1701,1361,340,995,828,167,28005,11394,16611,2012,986,1026
B0103,10,801310,Kishanganj (Nagar Parishad),Urban,Matric/secondary but below graduate,15209,8470,6739,5036,4404,632,624,433,191,383,246,137,9549,3633,5916,2066,1136,930
B0103,10,801310,Kishanganj (Nagar Parishad),Urban,Technical diploma or certificate not equal to degree,41,37,4,19,19,0,1,1,0,1,1,0,21,17,4,7,7,0
B0103,10,801310,Kishanganj (Nagar Parishad),Urban,Graduate and above other than technical degree,7089,4917,2172,4130,3623,507,282,233,49,145,112,33,2677,1061,1616,880,481,399
B0103,10,801310,Kishanganj (Nagar Parishad),Urban,Technical degree or diploma equal to degree or post-graduate degree,758,619,139,500,438,62,27,19,8,13,8,5,231,162,69,75,61,14
B0103,10,801312,Purnia (M Corp.),Urban,Total,282248,148077,134171,64539,55396,9143,17827,11706,6121,10661,7550,3111,199882,80975,118907,22280,10928,11352
B0103,10,801312,Purnia (M Corp.),Urban,Illiterate,107590,49932,57658,17700,13482,4218,8419,5040,3379,5063,3340,1723,81471,31410,50061,4046,1183,2863
B0103,10,801312,Purnia (M Corp.),Urban,Literate,174658,98145,76513,46839,41914,4925,9408,6666,2742,5598,4210,1388,118411,49565,68846,18234,9745,8489
B0103,10,801312,Purnia (M Corp.),Urban,Literate but below matric/secondary,87033,45499,41534,14817,13469,1348,4327,3112,1215,2498,1961,537,67889,28918,38971,5219,2533,2686
B0103,10,801312,Purnia (M Corp.),Urban,Matric/secondary but below graduate,48787,26941,21846,14097,12522,1575,2528,1739,789,1560,1117,443,32162,12680,19482,7986,4344,3642
B0103,10,801312,Purnia (M Corp.),Urban,Technical diploma or certificate not equal to degree,194,173,21,80,77,3,10,9,1,8,7,1,104,87,17,36,32,4
B0103,10,801312,Purnia (M Corp.),Urban,Graduate and above other than technical degree,24924,17201,7723,13053,11669,1384,1208,906,302,731,552,179,10663,4626,6037,3563,2031,1532
B0103,10,801312,Purnia (M Corp.),Urban,Technical degree or diploma equal to degree or post-graduate degree,3269,2586,683,1684,1481,203,149,107,42,90,66,24,1436,998,438,572,409,163
B0103,10,801314,Katihar (M Corp.+OG),Urban,Total,240838,127240,113598,56928,49907,7021,11277,8344,2933,6197,4703,1494,172633,68989,103644,18964,10217,8747
B0103,10,801314,Katihar (M Corp.+OG),Urban,Illiterate,78337,35592,42745,12093,9697,2396,3771,2337,1434,2045,1317,728,62473,23558,38915,2626,950,1676
B0103,10,801314,Katihar (M Corp.+OG),Urban,Literate,162501,91648,70853,44835,40210,4625,7506,6007,1499,4152,3386,766,110160,45431,64729,16338,9267,7071
B0103,10,801314,Katihar (M Corp.+OG),Urban,Literate but below matric/secondary,83836,44021,39815,15712,14330,1382,3541,2840,701,1857,1569,288,64583,26851,37732,4479,2290,2189
B0103,10,801314,Katihar (M Corp.+OG),Urban,Matric/secondary but below graduate,47622,27077,20545,14332,12761,1571,2254,1832,422,1279,1045,234,31036,12484,18552,7497,4274,3223
B0103,10,801314,Katihar (M Corp.+OG),Urban,Technical diploma or certificate not equal to degree,170,141,29,86,80,6,6,5,1,1,1,0,78,56,22,32,24,8
B0103,10,801314,Katihar (M Corp.+OG),Urban,Graduate and above other than technical degree,21969,15246,6723,11374,10131,1243,1019,873,146,561,475,86,9576,4242,5334,3422,2116,1306
B0103,10,801314,Katihar (M Corp.+OG),Urban,Technical degree or diploma equal to degree or post-graduate degree,2290,1859,431,1319,1162,157,70,65,5,38,37,1,901,632,269,395,304,91
B0103,10,801318,Saharsa (Nagar Parishad),Urban,Total,156540,83291,73249,32059,28589,3470,9742,7141,2601,5916,4506,1410,114739,47561,67178,10486,5809,4677
B0103,10,801318,Saharsa (Nagar Parishad),Urban,Illiterate,57621,26011,31610,6459,5685,774,3691,2362,1329,2434,1688,746,47471,17964,29507,1857,610,1247
B0103,10,801318,Saharsa (Nagar Parishad),Urban,Literate,98919,57280,41639,25600,22904,2696,6051,4779,1272,3482,2818,664,67268,29597,37671,8629,5199,3430
B0103,10,801318,Saharsa (Nagar Parishad),Urban,Literate but below matric/secondary,46773,24919,21854,6780,6172,608,2741,2138,603,1582,1309,273,37252,16609,20643,1876,987,889
B0103,10,801318,Saharsa (Nagar Parishad),Urban,Matric/secondary but below graduate,29707,16821,12886,8172,7237,935,1875,1457,418,1081,855,226,19660,8127,11533,3940,2395,1545
B0103,10,801318,Saharsa (Nagar Parishad),Urban,Technical diploma or certificate not equal to degree,110,96,14,42,41,1,2,2,0,1,1,0,66,53,13,21,19,2
B0103,10,801318,Saharsa (Nagar Parishad),Urban,Graduate and above other than technical degree,16021,11316,4705,8093,7210,883,915,773,142,498,406,92,7013,3333,3680,2154,1371,783
B0103,10,801318,Saharsa (Nagar Parishad),Urban,Technical degree or diploma equal to degree or post-graduate degree,2286,1893,393,1243,1136,107,107,93,14,55,48,7,936,664,272,334,262,72
B0103,10,801319,Darbhanga (M Corp.),Urban,Total,296039,155637,140402,66820,59179,7641,12240,9750,2490,6368,5404,964,216979,86708,130271,21632,11141,10491
B0103,10,801319,Darbhanga (M Corp.),Urban,Illiterate,94466,41965,52501,12523,10184,2339,3471,2420,1051,1663,1335,328,78472,29361,49111,3522,1182,2340
B0103,10,801319,Darbhanga (M Corp.),Urban,Literate,201573,113672,87901,54297,48995,5302,8769,7330,1439,4705,4069,636,138507,57347,81160,18110,9959,8151
B0103,10,801319,Darbhanga (M Corp.),Urban,Literate but below matric/secondary,97920,51243,46677,16733,15628,1105,3911,3312,599,2132,1913,219,77276,32303,44973,5002,2395,2607
B0103,10,801319,Darbhanga (M Corp.),Urban,Matric/secondary but below graduate,54014,29716,24298,14237,12832,1405,2347,1952,395,1314,1119,195,37430,14932,22498,7081,3966,3115
B0103,10,801319,Darbhanga (M Corp.),Urban,Technical diploma or certificate not equal to degree,254,213,41,107,101,6,14,12,2,10,8,2,133,100,33,42,36,6
B0103,10,801319,Darbhanga (M Corp.),Urban,Graduate and above other than technical degree,32360,21860,10500,15992,14232,1760,1523,1252,271,795,637,158,14845,6376,8469,4255,2504,1751
B0103,10,801319,Darbhanga (M Corp.),Urban,Technical degree or diploma equal to degree or post-graduate degree,6245,4871,1374,3538,2998,540,257,215,42,123,103,20,2450,1658,792,797,572,225
B0103,10,801324,Muzaffarpur (M Corp.),Urban,Total,354462,187564,166898,87186,74391,12795,19386,13240,6146,10056,6998,3058,247890,99933,147957,27492,14027,13465
B0103,10,801324,Muzaffarpur (M Corp.),Urban,Illiterate,96799,45584,51215,14382,11001,3381,3934,2473,1461,1918,1339,579,78483,32110,46373,3317,1321,1996
B0103,10,801324,Muzaffarpur (M Corp.),Urban,Literate,257663,141980,115683,72804,63390,9414,15452,10767,4685,8138,5659,2479,169407,67823,101584,24175,12706,11469
B0103,10,801324,Muzaffarpur (M Corp.),Urban,Literate but below matric/secondary,104728,53011,51717,17366,15212,2154,5193,3582,1611,2647,1933,714,82169,34217,47952,5395,2719,2676
B0103,10,801324,Muzaffarpur (M Corp.),Urban,Matric/secondary but below graduate,77812,41252,36560,21486,18873,2613,4777,3291,1486,2672,1809,863,51549,19088,32461,9865,5152,4713
B0103,10,801324,Muzaffarpur (M Corp.),Urban,Technical diploma or certificate not equal to degree,456,395,61,224,212,12,28,23,5,18,14,4,204,160,44,69,58,11
B0103,10,801324,Muzaffarpur (M Corp.),Urban,Graduate and above other than technical degree,53347,34174,19173,25524,22241,3283,3523,2521,1002,1768,1175,593,24300,9412,14888,6576,3457,3119
B0103,10,801324,Muzaffarpur (M Corp.),Urban,Technical degree or diploma equal to degree or post-graduate degree,8567,6401,2166,4482,3754,728,528,403,125,252,193,59,3557,2244,1313,1223,831,392
B0103,10,801329,Siwan (Nagar Parishad),Urban,Total,135066,70756,64310,28015,24745,3270,7811,5343,2468,3667,2840,827,99240,40668,58572,10668,5566,5102
B0103,10,801329,Siwan (Nagar Parishad),Urban,Illiterate,42099,18705,23394,5015,4045,970,2267,1309,958,966,722,244,34817,13351,21466,1665,655,1010
B0103,10,801329,Siwan (Nagar Parishad),Urban,Literate,92967,52051,40916,23000,20700,2300,5544,4034,1510,2701,2118,583,64423,27317,37106,9003,4911,4092
B0103,10,801329,Siwan (Nagar Parishad),Urban,Literate but below matric/secondary,47085,24941,22144,7651,7087,564,2573,1954,619,1111,966,145,36861,15900,20961,2480,1263,1217
B0103,10,801329,Siwan (Nagar Parishad),Urban,Matric/secondary but below graduate,27625,15302,12323,7313,6647,666,1726,1227,499,878,644,234,18586,7428,11158,3924,2152,1772
B0103,10,801329,Siwan (Nagar Parishad),Urban,Technical diploma or certificate not equal to degree,120,89,31,40,38,2,10,7,3,5,3,2,70,44,26,26,14,12
B0103,10,801329,Siwan (Nagar Parishad),Urban,Graduate and above other than technical degree,12538,8231,4307,6025,5248,777,793,566,227,490,354,136,5720,2417,3303,1888,1039,849
B0103,10,801329,Siwan (Nagar Parishad),Urban,Technical degree or diploma equal to degree or post-graduate degree,2007,1496,511,912,765,147,95,63,32,63,40,23,1000,668,332,360,249,111
B0103,10,801333,Chapra (Nagar Parishad),Urban,Total,202352,106501,95851,40896,36961,3935,12583,9646,2937,6856,5744,1112,148873,59894,88979,14612,8070,6542
B0103,10,801333,Chapra (Nagar Parishad),Urban,Illiterate,66401,29718,36683,7586,6540,1046,3997,2780,1217,2076,1666,410,54818,20398,34420,2299,868,1431
B0103,10,801333,Chapra (Nagar Parishad),Urban,Literate,135951,76783,59168,33310,30421,2889,8586,6866,1720,4780,4078,702,94055,39496,54559,12313,7202,5111
B0103,10,801333,Chapra (Nagar Parishad),Urban,Literate but below matric/secondary,67907,35356,32551,10379,9715,664,4143,3292,851,2231,1947,284,53385,22349,31036,3318,1703,1615
B0103,10,801333,Chapra (Nagar Parishad),Urban,Matric/secondary but below graduate,40155,23012,17143,10836,10040,796,2626,2133,493,1494,1267,227,26693,10839,15854,5213,3116,2097
B0103,10,801333,Chapra (Nagar Parishad),Urban,Technical diploma or certificate not equal to degree,93,85,8,37,36,1,3,2,1,3,2,1,53,47,6,17,16,1
B0103,10,801333,Chapra (Nagar Parishad),Urban,Graduate and above other than technical degree,20426,13885,6541,9479,8409,1070,1235,981,254,729,588,141,9712,4495,5217,2967,1866,1101
B0103,10,801333,Chapra (Nagar Parishad),Urban,Technical degree or diploma equal to degree or post-graduate degree,2426,1825,601,1195,1010,185,133,107,26,79,65,14,1098,708,390,379,279,100
B0103,10,801338,Hajipur (Nagar Parishad),Urban,Total,147688,78047,69641,33596,30017,3579,6240,4777,1463,3197,2617,580,107852,43253,64599,11570,5469,6101
B0103,10,801338,Hajipur (Nagar Parishad),Urban,Illiterate,50316,22841,27475,7362,6311,1051,2143,1508,635,1053,846,207,40811,15022,25789,2203,552,1651
B0103,10,801338,Hajipur (Nagar Parishad),Urban,Literate,97372,55206,42166,26234,23706,2528,4097,3269,828,2144,1771,373,67041,28231,38810,9367,4917,4450
B0103,10,801338,Hajipur (Nagar Parishad),Urban,Literate but below matric/secondary,47840,25133,22707,8172,7516,656,1737,1418,319,919,797,122,37931,16199,21732,2432,1072,1360
B0103,10,801338,Hajipur (Nagar Parishad),Urban,Matric/secondary but below graduate,29393,16612,12781,8570,7843,727,1323,1045,278,716,591,125,19500,7724,11776,4160,2190,1970
B0103,10,801338,Hajipur (Nagar Parishad),Urban,Technical diploma or certificate not equal to degree,137,115,22,64,61,3,6,6,0,3,3,0,67,48,19,31,24,7
B0103,10,801338,Hajipur (Nagar Parishad),Urban,Graduate and above other than technical degree,14410,9852,4558,7194,6331,863,690,542,148,349,262,87,6526,2979,3547,2145,1266,879
B0103,10,801338,Hajipur (Nagar Parishad),Urban,Technical degree or diploma equal to degree or post-graduate degree,1909,1519,390,1000,856,144,90,72,18,50,37,13,819,591,228,314,227,87
B0103,10,801346,Begusarai (M Corp.),Urban,Total,252008,133722,118286,51875,44835,7040,20476,14451,6025,12043,9110,2933,179657,74436,105221,19836,9176,10660
B0103,10,801346,Begusarai (M Corp.),Urban,Illiterate,89524,41296,48228,11135,9066,2069,7665,4583,3082,4441,2955,1486,70724,27647,43077,3994,1076,2918
B0103,10,801346,Begusarai (M Corp.),Urban,Literate,162484,92426,70058,40740,35769,4971,12811,9868,2943,7602,6155,1447,108933,46789,62144,15842,8100,7742
B0103,10,801346,Begusarai (M Corp.),Urban,Literate but below matric/secondary,86755,47084,39671,14177,12799,1378,6607,5169,1438,3930,3266,664,65971,29116,36855,5160,2381,2779
B0103,10,801346,Begusarai (M Corp.),Urban,Matric/secondary but below graduate,43920,24947,18973,12396,10811,1585,3558,2694,864,2102,1653,449,27966,11442,16524,6573,3496,3077
B0103,10,801346,Begusarai (M Corp.),Urban,Technical diploma or certificate not equal to degree,182,140,42,97,84,13,7,5,2,5,4,1,78,51,27,27,17,10
B0103,10,801346,Begusarai (M Corp.),Urban,Graduate and above other than technical degree,21209,13934,7275,10054,8708,1346,1453,1137,316,867,684,183,9702,4089,5613,2920,1579,1341
B0103,10,801346,Begusarai (M Corp.),Urban,Technical degree or diploma equal to degree or post-graduate degree,3407,2558,849,1768,1495,273,208,158,50,112,87,25,1431,905,526,547,376,171
B0103,10,801354,Bhagalpur (M Corp.),Urban,Total,400146,212813,187333,95077,82755,12322,24269,15992,8277,13293,9798,3495,280800,114066,166734,31037,16188,14849
B0103,10,801354,Bhagalpur (M Corp.),Urban,Illiterate,126451,58992,67459,18877,14992,3885,6870,3906,2964,3635,2452,1183,100704,40094,60610,4613,1774,2839
B0103,10,801354,Bhagalpur (M Corp.),Urban,Literate,273695,153821,119874,76200,67763,8437,17399,12086,5313,9658,7346,2312,180096,73972,106124,26424,14414,12010
B0103,10,801354,Bhagalpur (M Corp.),Urban,Literate but below matric/secondary,128992,67488,61504,24582,22039,2543,7829,5290,2539,4136,3178,958,96581,40159,56422,7416,3634,3782
B0103,10,801354,Bhagalpur (M Corp.),Urban,Matric/secondary but below graduate,80190,44405,35785,22756,20435,2321,5320,3818,1502,3104,2393,711,52114,20152,31962,10983,6079,4904
B0103,10,801354,Bhagalpur (M Corp.),Urban,Technical diploma or certificate not equal to degree,362,286,76,162,147,15,26,15,11,17,7,10,174,124,50,61,44,17
B0103,10,801354,Bhagalpur (M Corp.),Urban,Graduate and above other than technical degree,43429,28898,14531,20445,18370,2075,2580,1945,635,1501,1163,338,20404,8583,11821,5882,3408,2474
B0103,10,801354,Bhagalpur (M Corp.),Urban,Technical degree or diploma equal to degree or post-graduate degree,6227,4794,1433,3181,2719,462,274,199,75,152,111,41,2772,1876,896,894,648,246
B0103,10,801357,Munger (M Corp.),Urban,Total,213303,113291,100012,43389,38649,4740,13796,11194,2602,8379,7024,1355,156118,63448,92670,17524,9498,8026
B0103,10,801357,Munger (M Corp.),Urban,Illiterate,66796,30701,36095,7945,6458,1487,3719,2725,994,2212,1770,442,55132,21518,33614,2248,716,1532
B0103,10,801357,Munger (M Corp.),Urban,Literate,146507,82590,63917,35444,32191,3253,10077,8469,1608,6167,5254,913,100986,41930,59056,15276,8782,6494
B0103,10,801357,Munger (M Corp.),Urban,Literate but below matric/secondary,64247,32651,31596,9232,8375,857,3473,2879,594,2170,1859,311,51542,21397,30145,3208,1496,1712
B0103,10,801357,Munger (M Corp.),Urban,Matric/secondary but below graduate,48680,28660,20020,12753,11737,1016,3847,3302,545,2469,2113,356,32080,13621,18459,7595,4555,3040
B0103,10,801357,Munger (M Corp.),Urban,Technical diploma or certificate not equal to degree,129,103,26,54,51,3,8,7,1,5,5,0,67,45,22,31,23,8
B0103,10,801357,Munger (M Corp.),Urban,Graduate and above other than technical degree,18119,12345,5774,8331,7483,848,1338,1129,209,760,634,126,8450,3733,4717,2930,1778,1152
B0103,10,801357,Munger (M Corp.),Urban,Technical degree or diploma equal to degree or post-graduate degree,1869,1480,389,962,841,121,106,90,16,40,30,10,801,549,252,312,235,77
B0103,10,801358,Jamalpur (Nagar Parishad),Urban,Total,105434,56072,49362,20504,18272,2232,6320,5295,1025,3736,3311,425,78610,32505,46105,10728,6362,4366
B0103,10,801358,Jamalpur (Nagar Parishad),Urban,Illiterate,25345,11092,14253,2182,1649,533,1199,862,337,645,490,155,21964,8581,13383,787,292,495
B0103,10,801358,Jamalpur (Nagar Parishad),Urban,Literate,80089,44980,35109,18322,16623,1699,5121,4433,688,3091,2821,270,56646,23924,32722,9941,6070,3871
B0103,10,801358,Jamalpur (Nagar Parishad),Urban,Literate but below matric/secondary,34508,17144,17364,4673,4232,441,2130,1840,290,1311,1217,94,27705,11072,16633,1768,862,906
B0103,10,801358,Jamalpur (Nagar Parishad),Urban,Matric/secondary but below graduate,32490,19414,13076,8764,8121,643,2196,1931,265,1383,1264,119,21530,9362,12168,5577,3481,2096
B0103,10,801358,Jamalpur (Nagar Parishad),Urban,Technical diploma or certificate not equal to degree,144,124,20,65,61,4,6,4,2,2,1,1,73,59,14,31,28,3
B0103,10,801358,Jamalpur (Nagar Parishad),Urban,Graduate and above other than technical degree,9659,6411,3248,3830,3374,456,541,452,89,279,235,44,5288,2585,2703,2142,1423,719
B0103,10,801358,Jamalpur (Nagar Parishad),Urban,Technical degree or diploma equal to degree or post-graduate degree,979,754,225,402,347,55,44,37,7,15,12,3,533,370,163,206,157,49
B0103,10,801364,Biharsharif (M Corp.),Urban,Total,297268,155216,142052,69277,58511,10766,13776,9430,4346,7094,5095,1999,214215,87275,126940,20756,11173,9583
B0103,10,801364,Biharsharif (M Corp.),Urban,Illiterate,107483,48760,58723,18064,13336,4728,4723,2799,1924,2323,1503,820,84696,32625,52071,3345,1255,2090
B0103,10,801364,Biharsharif (M Corp.),Urban,Literate,189785,106456,83329,51213,45175,6038,9053,6631,2422,4771,3592,1179,129519,54650,74869,17411,9918,7493
B0103,10,801364,Biharsharif (M Corp.),Urban,Literate but below matric/secondary,90851,46742,44109,15941,13750,2191,3476,2410,1066,1773,1312,461,71434,30582,40852,4128,2108,2020
B0103,10,801364,Biharsharif (M Corp.),Urban,Matric/secondary but below graduate,57709,32257,25452,16875,14978,1897,2974,2190,784,1666,1234,432,37860,15089,22771,8106,4465,3641
B0103,10,801364,Biharsharif (M Corp.),Urban,Technical diploma or certificate not equal to degree,225,194,31,86,82,4,7,5,2,3,1,2,132,107,25,45,40,5
B0103,10,801364,Biharsharif (M Corp.),Urban,Graduate and above other than technical degree,24559,17691,6868,12269,11159,1110,1360,1121,239,744,610,134,10930,5411,5519,3467,2317,1150
B0103,10,801364,Biharsharif (M Corp.),Urban,Technical degree or diploma equal to degree or post-graduate degree,3533,2796,737,1701,1495,206,181,138,43,93,71,22,1651,1163,488,589,446,143
B0103,10,801370,Dinapur Nizamat (Nagar Parishad),Urban,Total,182429,96875,85554,39137,34347,4790,10687,7617,3070,5765,4332,1433,132605,54911,77694,11483,6194,5289
B0103,10,801370,Dinapur Nizamat (Nagar Parishad),Urban,Illiterate,62294,28068,34226,8370,6677,1693,3431,2140,1291,1832,1252,580,50493,19251,31242,1465,582,883
B0103,10,801370,Dinapur Nizamat (Nagar Parishad),Urban,Literate,120135,68807,51328,30767,27670,3097,7256,5477,1779,3933,3080,853,82112,35660,46452,10018,5612,4406
B0103,10,801370,Dinapur Nizamat (Nagar Parishad),Urban,Literate but below matric/secondary,57439,30406,27033,9651,8734,917,2995,2204,791,1533,1201,332,44793,19468,25325,2600,1272,1328
B0103,10,801370,Dinapur Nizamat (Nagar Parishad),Urban,Matric/secondary but below graduate,35203,20250,14953,9595,8725,870,2229,1693,536,1270,972,298,23379,9832,13547,4235,2476,1759
B0103,10,801370,Dinapur Nizamat (Nagar Parishad),Urban,Technical diploma or certificate not equal to degree,162,141,21,57,54,3,11,10,1,5,4,1,94,77,17,32,27,5
B0103,10,801370,Dinapur Nizamat (Nagar Parishad),Urban,Graduate and above other than technical degree,17376,11842,5534,8123,7220,903,1156,893,263,612,456,156,8097,3729,4368,2199,1267,932
B0103,10,801370,Dinapur Nizamat (Nagar Parishad),Urban,Technical degree or diploma equal to degree or post-graduate degree,2401,1865,536,1154,1002,152,143,112,31,78,62,16,1104,751,353,383,266,117
B0103,10,801373,Patna (M Corp.+OG),Urban,Total,1684297,893445,790852,426086,364395,61691,83753,55187,28566,42733,29231,13502,1174458,473863,700595,129152,63351,65801
B0103,10,801373,Patna (M Corp.+OG),Urban,Illiterate,449306,207560,241746,66583,51175,15408,19798,11693,8105,9642,6269,3373,362925,144692,218233,16351,5543,10808
B0103,10,801373,Patna (M Corp.+OG),Urban,Literate,1234991,685885,549106,359503,313220,46283,63955,43494,20461,33091,22962,10129,811533,329171,482362,112801,57808,54993
B0103,10,801373,Patna (M Corp.+OG),Urban,Literate but below matric/secondary,501262,256661,244601,88735,78346,10389,21690,14668,7022,10636,7621,3015,390837,163647,227190,26744,12274,14470
B0103,10,801373,Patna (M Corp.+OG),Urban,Matric/secondary but below graduate,357763,191975,165788,97609,86667,10942,19853,13420,6433,10997,7591,3406,240301,91888,148413,44312,23129,21183
B0103,10,801373,Patna (M Corp.+OG),Urban,Technical diploma or certificate not equal to degree,2095,1630,465,868,771,97,136,102,34,79,59,20,1091,757,334,321,237,84
B0103,10,801373,Patna (M Corp.+OG),Urban,Graduate and above other than technical degree,261868,165358,96510,126698,109414,17284,14538,9995,4543,7524,5053,2471,120632,45949,74683,29810,15324,14486
B0103,10,801373,Patna (M Corp.+OG),Urban,Technical degree or diploma equal to degree or post-graduate degree,45735,33849,11886,24061,19901,4160,2465,1804,661,1342,963,379,19209,12144,7065,5776,3917,1859
B0103,10,801385,Arrah (M Corp.),Urban,Total,261430,138804,122626,53763,48269,5494,12150,9500,2650,6731,5470,1261,195517,81035,114482,23699,13310,10389
B0103,10,801385,Arrah (M Corp.),Urban,Illiterate,78890,35280,43610,8981,7295,1686,3376,2347,1029,1738,1322,416,66533,25638,40895,3048,1187,1861
B0103,10,801385,Arrah (M Corp.),Urban,Literate,182540,103524,79016,44782,40974,3808,8774,7153,1621,4993,4148,845,128984,55397,73587,20651,12123,8528
B0103,10,801385,Arrah (M Corp.),Urban,Literate but below matric/secondary,87429,44470,42959,13388,12359,1029,3903,3167,736,2194,1879,315,70138,28944,41194,5328,2715,2613
B0103,10,801385,Arrah (M Corp.),Urban,Matric/secondary but below graduate,52910,30209,22701,13181,12096,1085,2610,2133,477,1499,1204,295,37119,15980,21139,8455,5012,3443
B0103,10,801385,Arrah (M Corp.),Urban,Technical diploma or certificate not equal to degree,139,115,24,46,42,4,6,5,1,5,4,1,87,68,19,26,22,4
B0103,10,801385,Arrah (M Corp.),Urban,Graduate and above other than technical degree,31970,22434,9536,14540,13283,1257,1555,1300,255,918,752,166,15875,7851,8024,5502,3518,1984
B0103,10,801385,Arrah (M Corp.),Urban,Technical degree or diploma equal to degree or post-graduate degree,3384,2611,773,1714,1495,219,160,124,36,110,90,20,1510,992,518,620,442,178
B0103,10,801391,Buxar (Nagar Parishad),Urban,Total,102861,54277,48584,23493,20676,2817,3159,2245,914,1334,1051,283,76209,31356,44853,9277,4908,4369
B0103,10,801391,Buxar (Nagar Parishad),Urban,Illiterate,28517,12576,15941,3503,2684,819,681,357,324,227,156,71,24333,9535,14798,1006,373,633
B0103,10,801391,Buxar (Nagar Parishad),Urban,Literate,74344,41701,32643,19990,17992,1998,2478,1888,590,1107,895,212,51876,21821,30055,8271,4535,3736
B0103,10,801391,Buxar (Nagar Parishad),Urban,Literate but below matric/secondary,35192,17823,17369,5826,5210,616,954,682,272,434,341,93,28412,11931,16481,2203,1032,1171
B0103,10,801391,Buxar (Nagar Parishad),Urban,Matric/secondary but below graduate,21763,12257,9506,6148,5548,600,817,636,181,380,309,71,14798,6073,8725,3521,1933,1588
B0103,10,801391,Buxar (Nagar Parishad),Urban,Technical diploma or certificate not equal to degree,74,66,8,29,29,0,1,1,0,1,1,0,44,36,8,19,17,2
B0103,10,801391,Buxar (Nagar Parishad),Urban,Graduate and above other than technical degree,11426,8066,3360,5759,5190,569,444,355,89,191,158,33,5223,2521,2702,1953,1196,757
B0103,10,801391,Buxar (Nagar Parishad),Urban,Technical degree or diploma equal to degree or post-graduate degree,1038,854,184,558,513,45,34,31,3,15,14,1,446,310,136,170,124,46
B0103,10,801397,Sasaram (Nagar Parishad),Urban,Total,147408,77599,69809,31518,28293,3225,8138,5889,2249,3986,3021,965,107752,43417,64335,11196,5780,5416
B0103,10,801397,Sasaram (Nagar Parishad),Urban,Illiterate,45331,20593,24738,5811,4933,878,2172,1398,774,1023,705,318,37348,14262,23086,1259,445,814
B0103,10,801397,Sasaram (Nagar Parishad),Urban,Literate,102077,57006,45071,25707,23360,2347,5966,4491,1475,2963,2316,647,70404,29155,41249,9937,5335,4602
B0103,10,801397,Sasaram (Nagar Parishad),Urban,Literate but below matric/secondary,49316,25362,23954,7701,7049,652,2438,1821,617,1249,986,263,39177,16492,22685,2548,1185,1363
B0103,10,801397,Sasaram (Nagar Parishad),Urban,Matric/secondary but below graduate,30648,16638,14010,8311,7544,767,1887,1401,486,936,705,231,20450,7693,12757,4112,2140,1972
B0103,10,801397,Sasaram (Nagar Parishad),Urban,Technical diploma or certificate not equal to degree,132,111,21,53,50,3,9,8,1,5,5,0,70,53,17,18,16,2
B0103,10,801397,Sasaram (Nagar Parishad),Urban,Graduate and above other than technical degree,17061,11731,5330,7816,7102,714,1157,957,200,571,471,100,8088,3672,4416,2735,1644,1091
B0103,10,801397,Sasaram (Nagar Parishad),Urban,Technical degree or diploma equal to degree or post-graduate degree,1783,1450,333,912,821,91,74,60,14,29,25,4,797,569,228,299,236,63
B0103,10,801398,Dehri (Nagar Parishad),Urban,Total,137231,72372,64859,28676,25984,2692,6243,4984,1259,3870,3322,548,102312,41404,60908,9901,5708,4193
B0103,10,801398,Dehri (Nagar Parishad),Urban,Illiterate,41241,17671,23570,4426,3585,841,1690,1066,624,978,740,238,35125,13020,22105,1231,489,742
B0103,10,801398,Dehri (Nagar Parishad),Urban,Literate,95990,54701,41289,24250,22399,1851,4553,3918,635,2892,2582,310,67187,28384,38803,8670,5219,3451
B0103,10,801398,Dehri (Nagar Parishad),Urban,Literate but below matric/secondary,49162,25802,23360,8176,7637,539,2102,1771,331,1305,1175,130,38884,16394,22490,2404,1306,1098
B0103,10,801398,Dehri (Nagar Parishad),Urban,Matric/secondary but below graduate,29195,16921,12274,8398,7820,578,1488,1310,178,971,869,102,19309,7791,11518,3642,2207,1435
B0103,10,801398,Dehri (Nagar Parishad),Urban,Technical diploma or certificate not equal to degree,203,190,13,96,94,2,20,20,0,13,13,0,87,76,11,35,32,3
B0103,10,801398,Dehri (Nagar Parishad),Urban,Graduate and above other than technical degree,13446,9233,4213,6167,5599,568,701,611,90,452,395,57,6578,3023,3555,2095,1353,742
B0103,10,801398,Dehri (Nagar Parishad),Urban,Technical degree or diploma equal to degree or post-graduate degree,1334,1064,270,659,583,76,40,34,6,23,20,3,635,447,188,228,168,60
B0103,10,801401,Aurangabad (Nagar Parishad),Urban,Total,102244,53542,48702,19852,17490,2362,6257,4554,1703,4041,2995,1046,76135,31498,44637,8740,4461,4279
B0103,10,801401,Aurangabad (Nagar Parishad),Urban,Illiterate,27021,12061,14960,2375,1876,499,1052,712,340,688,486,202,23594,9473,14121,854,345,509
B0103,10,801401,Aurangabad (Nagar Parishad),Urban,Literate,75223,41481,33742,17477,15614,1863,5205,3842,1363,3353,2509,844,52541,22025,30516,7886,4116,3770
B0103,10,801401,Aurangabad (Nagar Parishad),Urban,Literate but below matric/secondary,34496,17061,17435,4173,3758,415,1801,1291,510,1114,805,309,28522,12012,16510,1884,844,1040
B0103,10,801401,Aurangabad (Nagar Parishad),Urban,Matric/secondary but below graduate,24440,13373,11067,6060,5423,637,1966,1411,555,1315,961,354,16414,6539,9875,3719,1915,1804
B0103,10,801401,Aurangabad (Nagar Parishad),Urban,Technical diploma or certificate not equal to degree,379,333,46,154,147,7,21,21,0,17,17,0,204,165,39,69,55,14
B0103,10,801401,Aurangabad (Nagar Parishad),Urban,Graduate and above other than technical degree,12056,8501,3555,5805,5217,588,989,798,191,632,514,118,5262,2486,2776,1821,1037,784
B0103,10,801401,Aurangabad (Nagar Parishad),Urban,Technical degree or diploma equal to degree or post-graduate degree,1085,870,215,578,505,73,60,45,15,39,30,9,447,320,127,188,151,37
B0103,10,801404,Gaya (M Corp.+OG),Urban,Total,474093,250037,224056,108736,90202,18534,39575,23764,15811,19355,12994,6361,325782,136071,189711,36724,19064,17660
B0103,10,801404,Gaya (M Corp.+OG),Urban,Illiterate,139120,62417,76703,19085,13310,5775,10414,5164,5250,4723,2850,1873,109621,43943,65678,5383,1958,3425
B0103,10,801404,Gaya (M Corp.+OG),Urban,Literate,334973,187620,147353,89651,76892,12759,29161,18600,10561,14632,10144,4488,216161,92128,124033,31341,17106,14235
B0103,10,801404,Gaya (M Corp.+OG),Urban,Literate but below matric/secondary,138253,70560,67693,22755,18799,3956,9701,5853,3848,4370,3030,1340,105797,45908,59889,7207,3525,3682
B0103,10,801404,Gaya (M Corp.+OG),Urban,Matric/secondary but below graduate,104694,58364,46330,29695,25867,3828,9846,6232,3614,5429,3632,1797,65153,26265,38888,13623,7359,6264
B0103,10,801404,Gaya (M Corp.+OG),Urban,Technical diploma or certificate not equal to degree,1562,1302,260,574,529,45,132,116,16,88,79,9,856,657,199,305,240,65
B0103,10,801404,Gaya (M Corp.+OG),Urban,Graduate and above other than technical degree,51391,34826,16565,23949,21180,2769,4765,3422,1343,2556,1888,668,22677,10224,12453,6440,3859,2581
B0103,10,801404,Gaya (M Corp.+OG),Urban,Technical degree or diploma equal to degree or post-graduate degree,5288,4005,1283,2463,2122,341,488,354,134,283,207,76,2337,1529,808,849,602,247
B0103,10,801413,Jehanabad (Nagar Parishad),Urban,Total,103202,54710,48492,21521,18718,2803,6076,4096,1980,2935,2189,746,75605,31896,43709,7614,4342,3272
B0103,10,801413,Jehanabad (Nagar Parishad),Urban,Illiterate,34055,15251,18804,4793,3722,1071,2289,1184,1105,1050,663,387,26973,10345,16628,1039,387,652
B0103,10,801413,Jehanabad (Nagar Parishad),Urban,Literate,69147,39459,29688,16728,14996,1732,3787,2912,875,1885,1526,359,48632,21551,27081,6575,3955,2620
B0103,10,801413,Jehanabad (Nagar Parishad),Urban,Literate but below matric/secondary,32631,16973,15658,4357,3879,478,1359,1019,340,623,496,127,26915,12075,14840,1620,891,729
B0103,10,801413,Jehanabad (Nagar Parishad),Urban,Matric/secondary but below graduate,22600,13102,9498,6171,5567,604,1336,1058,278,733,594,139,15093,6477,8616,3310,1942,1368
B0103,10,801413,Jehanabad (Nagar Parishad),Urban,Technical diploma or certificate not equal to degree,283,256,27,99,97,2,21,18,3,8,7,1,163,141,22,61,52,9
B0103,10,801413,Jehanabad (Nagar Parishad),Urban,Graduate and above other than technical degree,8171,6038,2133,4197,3816,381,486,399,87,222,183,39,3488,1823,1665,1100,774,326
B0103,10,801413,Jehanabad (Nagar Parishad),Urban,Technical degree or diploma equal to degree or post-graduate degree,730,582,148,405,347,58,30,24,6,18,14,4,295,211,84,112,90,22
B0103,11,801421,Gangtok (M Corp.),Urban,Total,100286,52459,47827,37854,27202,10652,5922,3735,2187,1557,908,649,56510,21522,34988,6731,2563,4168
B0103,11,801421,Gangtok (M Corp.),Urban,Illiterate,18977,8240,10737,3114,1911,1203,983,514,469,179,93,86,14880,5815,9065,422,72,350
B0103,11,801421,Gangtok (M Corp.),Urban,Literate,81309,44219,37090,34740,25291,9449,4939,3221,1718,1378,815,563,41630,15707,25923,6309,2491,3818
B0103,11,801421,Gangtok (M Corp.),Urban,Literate but below matric/secondary,41538,22270,19268,12925,10500,2425,2568,1670,898,671,429,242,26045,10100,15945,2482,907,1575
B0103,11,801421,Gangtok (M Corp.),Urban,Matric/secondary but below graduate,23369,12769,10600,11359,7977,3382,1564,1081,483,392,219,173,10446,3711,6735,2224,923,1301
B0103,11,801421,Gangtok (M Corp.),Urban,Technical diploma or certificate not equal to degree,574,402,172,425,299,126,19,14,5,12,8,4,130,89,41,38,24,14
B0103,11,801421,Gangtok (M Corp.),Urban,Graduate and above other than technical degree,11102,6073,5029,7208,4574,2634,544,320,224,222,113,109,3350,1179,2171,1220,492,728
B0103,11,801421,Gangtok (M Corp.),Urban,Technical degree or diploma equal to degree or post-graduate degree,1987,1250,737,1465,968,497,49,30,19,23,15,8,473,252,221,134,80,54
B0103,13,801457,Dimapur (MC),Urban,Total,122834,64300,58534,37102,29609,7493,6632,3452,3180,3066,1583,1483,79100,31239,47861,10072,4396,5676
B0103,13,801457,Dimapur (MC),Urban,Illiterate,30240,14542,15698,4893,3928,965,1256,727,529,518,307,211,24091,9887,14204,1069,360,709
B0103,13,801457,Dimapur (MC),Urban,Literate,92594,49758,42836,32209,25681,6528,5376,2725,2651,2548,1276,1272,55009,21352,33657,9003,4036,4967
B0103,13,801457,Dimapur (MC),Urban,Literate but below matric/secondary,46044,24428,21616,12322,10695,1627,2438,1240,1198,1046,512,534,31284,12493,18791,2948,1237,1711
B0103,13,801457,Dimapur (MC),Urban,Matric/secondary but below graduate,29069,15407,13662,10772,8452,2320,1786,864,922,885,426,459,16511,6091,10420,3646,1681,1965
B0103,13,801457,Dimapur (MC),Urban,Technical diploma or certificate not equal to degree,583,419,164,326,260,66,24,16,8,13,8,5,233,143,90,90,56,34
B0103,13,801457,Dimapur (MC),Urban,Graduate and above other than technical degree,11668,6596,5072,6397,4440,1957,753,391,362,432,226,206,4518,1765,2753,1782,820,962
B0103,13,801457,Dimapur (MC),Urban,Technical degree or diploma equal to degree or post-graduate degree,1234,846,388,753,556,197,68,38,30,42,27,15,413,252,161,181,103,78
B0103,14,801487,Imphal (M Cl+OG),Urban,Total,277196,135059,142137,87648,56205,31443,20733,9962,10771,9336,4600,4736,168815,68892,99923,32755,13864,18891
B0103,14,801487,Imphal (M Cl+OG),Urban,Illiterate,52022,20880,31142,5457,2382,3075,1986,622,1364,471,174,297,44579,17876,26703,1570,452,1118
B0103,14,801487,Imphal (M Cl+OG),Urban,Literate,225174,114179,110995,82191,53823,28368,18747,9340,9407,8865,4426,4439,124236,51016,73220,31185,13412,17773
B0103,14,801487,Imphal (M Cl+OG),Urban,Literate but below matric/secondary,74517,36419,38098,15458,10492,4966,5115,2492,2623,1833,921,912,53944,23435,30509,6264,2651,3613
B0103,14,801487,Imphal (M Cl+OG),Urban,Matric/secondary but below graduate,74608,38014,36594,26389,18164,8225,6809,3468,3341,3469,1765,1704,41410,16382,25028,13516,5907,7609
B0103,14,801487,Imphal (M Cl+OG),Urban,Technical diploma or certificate not equal to degree,2535,1174,1361,1376,702,674,175,60,115,111,38,73,984,412,572,489,197,292
B0103,14,801487,Imphal (M Cl+OG),Urban,Graduate and above other than technical degree,56123,29357,26766,30452,18932,11520,5240,2642,2598,2770,1369,1401,20431,7783,12648,8237,3457,4780
B0103,14,801487,Imphal (M Cl+OG),Urban,Technical degree or diploma equal to degree or post-graduate degree,7792,4593,3199,4431,2838,1593,514,273,241,327,155,172,2847,1482,1365,1514,758,756
B0103,15,801506,Aizawl (NT),Urban,Total,293416,144913,148503,102132,64502,37630,17536,8576,8960,6179,3760,2419,173748,71835,101913,17910,7779,10131
B0103,15,801506,Aizawl (NT),Urban,Illiterate,40224,20031,20193,1221,790,431,294,151,143,102,60,42,38709,19090,19619,230,106,124
B0103,15,801506,Aizawl (NT),Urban,Literate,253192,124882,128310,100911,63712,37199,17242,8425,8817,6077,3700,2377,135039,52745,82294,17680,7673,10007
B0103,15,801506,Aizawl (NT),Urban,Literate but below matric/secondary,153735,74693,79042,53290,34866,18424,11646,5576,6070,3560,2250,1310,88799,34251,54548,6046,2478,3568
B0103,15,801506,Aizawl (NT),Urban,Matric/secondary but below graduate,68632,33470,35162,27262,16630,10632,4150,2082,2068,1771,1045,726,37220,14758,22462,8445,3776,4669
B0103,15,801506,Aizawl (NT),Urban,Technical diploma or certificate not equal to degree,890,486,404,624,367,257,24,9,15,10,1,9,242,110,132,78,34,44
B0103,15,801506,Aizawl (NT),Urban,Graduate and above other than technical degree,22859,12370,10489,15623,9278,6345,1071,582,489,601,325,276,6165,2510,3655,2563,1098,1465
B0103,15,801506,Aizawl (NT),Urban,Technical degree or diploma equal to degree or post-graduate degree,3973,2530,1443,2861,1861,1000,107,67,40,58,36,22,1005,602,403,379,204,175
B0103,16,801523,Agartala (M Cl),Urban,Total,400004,200132,199872,129578,104233,25345,16066,8784,7282,11646,6299,5347,254360,87115,167245,76038,20238,55800
B0103,16,801523,Agartala (M Cl),Urban,Illiterate,55293,24962,30331,6633,4246,2387,1344,505,839,747,281,466,47316,20211,27105,2817,450,2367
B0103,16,801523,Agartala (M Cl),Urban,Literate,344711,175170,169541,122945,99987,22958,14722,8279,6443,10899,6018,4881,207044,66904,140140,73221,19788,53433
B0103,16,801523,Agartala (M Cl),Urban,Literate but below matric/secondary,189643,91188,98455,56967,47929,9038,9076,5053,4023,6469,3537,2932,123600,38206,85394,33308,6735,26573
B0103,16,801523,Agartala (M Cl),Urban,Matric/secondary but below graduate,83608,44261,39347,29549,24480,5069,3022,1855,1167,2429,1454,975,51037,17926,33111,24393,8458,15935
B0103,16,801523,Agartala (M Cl),Urban,Technical diploma or certificate not equal to degree,2765,2175,590,1518,1347,171,66,52,14,56,44,12,1181,776,405,597,406,191
B0103,16,801523,Agartala (M Cl),Urban,Graduate and above other than technical degree,45216,25053,20163,23861,17708,6153,1506,805,701,1207,620,587,19849,6540,13309,10089,2728,7361
B0103,16,801523,Agartala (M Cl),Urban,Technical degree or diploma equal to degree or post-graduate degree,7495,5162,2333,4592,3457,1135,189,110,79,155,91,64,2714,1595,1119,1434,761,673
B0103,17,801544,Shillong (MB),Urban,Total,143229,70135,73094,52751,35411,17340,2056,1080,976,1037,539,498,88422,33644,54778,8618,3614,5004
B0103,17,801544,Shillong (MB),Urban,Illiterate,23587,10656,12931,3811,2113,1698,231,97,134,92,38,54,19545,8446,11099,301,113,188
B0103,17,801544,Shillong (MB),Urban,Literate,119642,59479,60163,48940,33298,15642,1825,983,842,945,501,444,68877,25198,43679,8317,3501,4816
B0103,17,801544,Shillong (MB),Urban,Literate but below matric/secondary,58046,28366,29680,18191,13278,4913,790,439,351,334,194,140,39065,14649,24416,2477,1027,1450
B0103,17,801544,Shillong (MB),Urban,Matric/secondary but below graduate,34129,17444,16685,13351,9759,3592,502,301,201,290,172,118,20276,7384,12892,3281,1497,1784
B0103,17,801544,Shillong (MB),Urban,Technical diploma or certificate not equal to degree,799,504,295,589,382,207,12,8,4,5,4,1,198,114,84,58,31,27
B0103,17,801544,Shillong (MB),Urban,Graduate and above other than technical degree,21718,10745,10973,13655,8133,5522,414,179,235,265,102,163,7649,2433,5216,2148,773,1375
B0103,17,801544,Shillong (MB),Urban,Technical degree or diploma equal to degree or post-graduate degree,3395,1721,1674,2407,1293,1114,51,24,27,32,14,18,937,404,533,261,130,131
B0103,18,801563,Nagaon (MB+OG),Urban,Total,121628,61642,59986,40514,33706,6808,5052,3007,2045,2030,1188,842,76062,24929,51133,11491,4037,7454
B0103,18,801563,Nagaon (MB+OG),Urban,Illiterate,24112,10646,13466,4267,3203,1064,798,430,368,211,129,82,19047,7013,12034,628,161,467
B0103,18,801563,Nagaon (MB+OG),Urban,Literate,97516,50996,46520,36247,30503,5744,4254,2577,1677,1819,1059,760,57015,17916,39099,10863,3876,6987
B0103,18,801563,Nagaon (MB+OG),Urban,Literate but below matric/secondary,52265,26836,25429,15719,14226,1493,2053,1323,730,717,464,253,34493,11287,23206,3704,1339,2365
B0103,18,801563,Nagaon (MB+OG),Urban,Matric/secondary but below graduate,25623,12896,12727,9440,7836,1604,1231,704,527,625,357,268,14952,4356,10596,4476,1674,2802
B0103,18,801563,Nagaon (MB+OG),Urban,Technical diploma or certificate not equal to degree,621,523,98,392,346,46,20,15,5,11,7,4,209,162,47,88,66,22
B0103,18,801563,Nagaon (MB+OG),Urban,Graduate and above other than technical degree,13866,7780,6086,7960,5898,2062,681,376,305,354,167,187,5225,1506,3719,2061,607,1454
B0103,18,801563,Nagaon (MB+OG),Urban,Technical degree or diploma equal to degree or post-graduate degree,1407,1018,389,1024,793,231,46,27,19,32,20,12,337,198,139,144,73,71
B0103,18,801583,Tinsukia (MB+OG),Urban,Total,116322,62303,54019,39042,34428,4614,4143,2918,1225,1732,1251,481,73137,24957,48180,8180,3226,4954
B0103,18,801583,Tinsukia (MB+OG),Urban,Illiterate,23464,10893,12571,4234,3434,800,648,417,231,248,176,72,18582,7042,11540,592,118,474
B0103,18,801583,Tinsukia (MB+OG),Urban,Literate,92858,51410,41448,34808,30994,3814,3495,2501,994,1484,1075,409,54555,17915,36640,7588,3108,4480
B0103,18,801583,Tinsukia (MB+OG),Urban,Literate but below matric/secondary,49423,26445,22978,14662,13458,1204,1960,1475,485,765,609,156,32801,11512,21289,2724,1084,1640
B0103,18,801583,Tinsukia (MB+OG),Urban,Matric/secondary but below graduate,27475,15450,12025,11389,10283,1106,934,635,299,462,309,153,15152,4532,10620,3099,1371,1728
B0103,18,801583,Tinsukia (MB+OG),Urban,Technical diploma or certificate not equal to degree,439,368,71,247,220,27,12,10,2,4,3,1,180,138,42,87,67,20
B0103,18,801583,Tinsukia (MB+OG),Urban,Graduate and above other than technical degree,11329,6671,4658,6435,5256,1179,362,212,150,176,95,81,4532,1203,3329,1329,437,892
B0103,18,801583,Tinsukia (MB+OG),Urban,Technical degree or diploma equal to degree or post-graduate degree,954,686,268,606,472,134,43,27,16,13,9,4,305,187,118,124,79,45
B0103,18,801586,Dibrugarh (MB+OG),Urban,Total,145488,75318,70170,47460,39703,7757,7645,4737,2908,3309,2009,1300,90383,30878,59505,13919,5292,8627
B0103,18,801586,Dibrugarh (MB+OG),Urban,Illiterate,27513,12388,15125,4504,3240,1264,1311,677,634,370,198,172,21698,8471,13227,1015,299,716
B0103,18,801586,Dibrugarh (MB+OG),Urban,Literate,117975,62930,55045,42956,36463,6493,6334,4060,2274,2939,1811,1128,68685,22407,46278,12904,4993,7911
B0103,18,801586,Dibrugarh (MB+OG),Urban,Literate but below matric/secondary,56402,28974,27428,15386,13814,1572,3054,2094,960,1229,856,373,37962,13066,24896,4115,1552,2563
B0103,18,801586,Dibrugarh (MB+OG),Urban,Matric/secondary but below graduate,36690,19464,17226,13938,11927,2011,1916,1217,699,1006,601,405,20836,6320,14516,5455,2245,3210
B0103,18,801586,Dibrugarh (MB+OG),Urban,Technical diploma or certificate not equal to degree,811,671,140,496,440,56,34,26,8,21,16,5,281,205,76,112,83,29
B0103,18,801586,Dibrugarh (MB+OG),Urban,Graduate and above other than technical degree,18802,10837,7965,10538,8297,2241,925,488,437,499,231,268,7339,2052,5287,2635,865,1770
B0103,18,801586,Dibrugarh (MB+OG),Urban,Technical degree or diploma equal to degree or post-graduate degree,2076,1388,688,1354,997,357,85,45,40,47,23,24,637,346,291,259,131,128
B0103,18,801595,Jorhat (MB+OG),Urban,Total,126736,65489,61247,42434,33781,8653,8258,4929,3329,4002,2327,1675,76044,26779,49265,14830,4924,9906
B0103,18,801595,Jorhat (MB+OG),Urban,Illiterate,24849,11298,13551,5211,3177,2034,1348,643,705,600,294,306,18290,7478,10812,1013,212,801
B0103,18,801595,Jorhat (MB+OG),Urban,Literate,101887,54191,47696,37223,30604,6619,6910,4286,2624,3402,2033,1369,57754,19301,38453,13817,4712,9105
B0103,18,801595,Jorhat (MB+OG),Urban,Literate but below matric/secondary,45722,23766,21956,12416,10761,1655,3024,2034,990,1352,928,424,30282,10971,19311,4226,1395,2831
B0103,18,801595,Jorhat (MB+OG),Urban,Matric/secondary but below graduate,31416,16031,15385,11304,9486,1818,2201,1300,901,1177,662,515,17911,5245,12666,5898,2156,3742
B0103,18,801595,Jorhat (MB+OG),Urban,Technical diploma or certificate not equal to degree,1251,1021,230,758,636,122,79,60,19,51,40,11,414,325,89,188,144,44
B0103,18,801595,Jorhat (MB+OG),Urban,Graduate and above other than technical degree,17617,9711,7906,9582,7169,2413,1105,569,536,605,269,336,6930,1973,4957,2898,776,2122
B0103,18,801595,Jorhat (MB+OG),Urban,Technical degree or diploma equal to degree or post-graduate degree,2176,1470,706,1482,1111,371,103,54,49,49,25,24,591,305,286,267,123,144
B0103,18,801614,Silchar (MB+OG),Urban,Total,178865,89961,88904,56162,46593,9569,6820,3860,2960,3838,2161,1677,115883,39508,76375,22756,7979,14777
B0103,18,801614,Silchar (MB+OG),Urban,Illiterate,32480,14636,17844,5098,3584,1514,1061,439,622,595,248,347,26321,10613,15708,1747,419,1328
B0103,18,801614,Silchar (MB+OG),Urban,Literate,146385,75325,71060,51064,43009,8055,5759,3421,2338,3243,1913,1330,89562,28895,60667,21009,7560,13449
B0103,18,801614,Silchar (MB+OG),Urban,Literate but below matric/secondary,71332,35702,35630,19754,17375,2379,2820,1761,1059,1538,993,545,48758,16566,32192,7274,2644,4630
B0103,18,801614,Silchar (MB+OG),Urban,Matric/secondary but below graduate,45327,22938,22389,16246,13822,2424,1833,1039,794,1090,594,496,27248,8077,19171,9082,3424,5658
B0103,18,801614,Silchar (MB+OG),Urban,Technical diploma or certificate not equal to degree,1147,1025,122,739,695,44,28,22,6,13,8,5,380,308,72,133,96,37
B0103,18,801614,Silchar (MB+OG),Urban,Graduate and above other than technical degree,19732,10984,8748,10365,7955,2410,691,365,326,382,184,198,8676,2664,6012,3288,953,2335
B0103,18,801614,Silchar (MB+OG),Urban,Technical degree or diploma equal to degree or post-graduate degree,2542,1732,810,1533,1173,360,103,66,37,69,47,22,906,493,413,428,210,218
B0103,18,801627,Guwahati (M Corp.+OG),Urban,Total,962334,498450,463884,327058,264679,62379,48984,26546,22438,23066,12563,10503,586292,207225,379067,105032,37713,67319
B0103,18,801627,Guwahati (M Corp.+OG),Urban,Illiterate,164721,72613,92108,24339,16169,8170,6379,2851,3528,2294,1080,1214,134003,53593,80410,6396,1384,5012
B0103,18,801627,Guwahati (M Corp.+OG),Urban,Literate,797613,425837,371776,302719,248510,54209,42605,23695,18910,20772,11483,9289,452289,153632,298657,98636,36329,62307
B0103,18,801627,Guwahati (M Corp.+OG),Urban,Literate but below matric/secondary,318020,161424,156596,82946,71713,11233,15457,8782,6675,6454,3818,2636,219617,80929,138688,26455,9456,16999
B0103,18,801627,Guwahati (M Corp.+OG),Urban,Matric/secondary but below graduate,257511,136268,121243,96299,82432,13867,14938,8437,6501,8188,4639,3549,146274,45399,100875,43849,17346,26503
B0103,18,801627,Guwahati (M Corp.+OG),Urban,Technical diploma or certificate not equal to degree,7286,5668,1618,4317,3655,662,357,250,107,206,140,66,2612,1763,849,1104,714,390
B0103,18,801627,Guwahati (M Corp.+OG),Urban,Graduate and above other than technical degree,161345,91228,70117,91323,69358,21965,8348,4225,4123,4347,1984,2363,61674,17645,44029,20914,6255,14659
B0103,18,801627,Guwahati (M Corp.+OG),Urban,Technical degree or diploma equal to degree or post-graduate degree,22720,15865,6855,14845,11191,3654,1069,689,380,533,336,197,6806,3985,2821,2694,1484,1210
B0103,19,306882,Dabgram (P) (CT),Urban,Total,119040,61078,57962,38349,31951,6398,5264,2816,2448,3118,1680,1438,75427,26311,49116,15643,3985,11658
B0103,19,306882,Dabgram (P) (CT),Urban,Illiterate,42948,18878,24070,11900,8388,3512,1849,645,1204,1016,360,656,29199,9845,19354,3715,452,3263
B0103,19,306882,Dabgram (P) (CT),Urban,Literate,76092,42200,33892,26449,23563,2886,3415,2171,1244,2102,1320,782,46228,16466,29762,11928,3533,8395
B0103,19,306882,Dabgram (P) (CT),Urban,Literate but below matric/secondary,61979,33729,28250,20425,18253,2172,2656,1691,965,1575,1002,573,38898,13785,25113,8484,2244,6240
B0103,19,306882,Dabgram (P) (CT),Urban,Matric/secondary but below graduate,9694,5779,3915,3719,3362,357,494,328,166,354,219,135,5481,2089,3392,2570,1001,1569
B0103,19,306882,Dabgram (P) (CT),Urban,Technical diploma or certificate not equal to degree,70,60,10,38,33,5,5,4,1,2,1,1,27,23,4,17,16,1
B0103,19,306882,Dabgram (P) (CT),Urban,Graduate and above other than technical degree,2420,1613,807,1394,1200,194,125,75,50,100,57,43,901,338,563,566,206,360
B0103,19,306882,Dabgram (P) (CT),Urban,Technical degree or diploma equal to degree or post-graduate degree,112,90,22,76,65,11,6,4,2,5,3,2,30,21,9,14,12,2
B0103,19,332836,Bally (CT),Urban,Total,113377,58530,54847,39674,33296,6378,3869,2034,1835,2689,1419,1270,69834,23200,46634,18161,5167,12994
B0103,19,332836,Bally (CT),Urban,Illiterate,21139,9115,12024,4088,2756,1332,603,238,365,319,126,193,16448,6121,10327,1469,236,1233
B0103,19,332836,Bally (CT),Urban,Literate,92238,49415,42823,35586,30540,5046,3266,1796,1470,2370,1293,1077,53386,17079,36307,16692,4931,11761
B0103,19,332836,Bally (CT),Urban,Literate but below matric/secondary,49819,24886,24933,16381,13875,2506,1859,980,879,1323,701,622,31579,10031,21548,7275,1799,5476
B0103,19,332836,Bally (CT),Urban,Matric/secondary but below graduate,25826,14664,11162,10435,9366,1069,873,511,362,660,382,278,14518,4787,9731,6270,2175,4095
B0103,19,332836,Bally (CT),Urban,Technical diploma or certificate not equal to degree,419,355,64,230,206,24,18,16,2,11,10,1,171,133,38,86,64,22
B0103,19,332836,Bally (CT),Urban,Graduate and above other than technical degree,11577,7032,4545,6368,5329,1039,329,179,150,267,134,133,4880,1524,3356,2278,656,1622
B0103,19,332836,Bally (CT),Urban,Technical degree or diploma equal to degree or post-graduate degree,777,530,247,479,362,117,20,7,13,16,7,9,278,161,117,155,93,62
B0103,19,801634,Darjiling (M),Urban,Total,118805,59187,59618,35851,26204,9647,4998,2997,2001,2581,1548,1033,77956,29986,47970,22765,8030,14735
B0103,19,801634,Darjiling (M),Urban,Illiterate,14266,5798,8468,1609,940,669,459,217,242,139,78,61,12198,4641,7557,885,189,696
B0103,19,801634,Darjiling (M),Urban,Literate,104539,53389,51150,34242,25264,8978,4539,2780,1759,2442,1470,972,65758,25345,40413,21880,7841,14039
B0103,19,801634,Darjiling (M),Urban,Literate but below matric/secondary,46781,22876,23905,10855,8475,2380,1977,1270,707,964,611,353,33949,13131,20818,7356,2180,5176
B0103,19,801634,Darjiling (M),Urban,Matric/secondary but below graduate,37404,19725,17679,12748,9768,2980,1594,961,633,970,568,402,23062,8996,14066,10196,4049,6147
B0103,19,801634,Darjiling (M),Urban,Technical diploma or certificate not equal to degree,160,104,56,93,67,26,4,1,3,4,1,3,63,36,27,28,18,10
B0103,19,801634,Darjiling (M),Urban,Graduate and above other than technical degree,15153,8272,6881,8428,5542,2886,679,384,295,354,199,155,6046,2346,3700,3287,1241,2046
B0103,19,801634,Darjiling (M),Urban,Technical degree or diploma equal to degree or post-graduate degree,1166,557,609,746,389,357,44,18,26,27,13,14,376,150,226,204,85,119
B0103,19,801638,Siliguri (M Corp.),Urban,Total,513264,263702,249562,165882,141035,24847,22050,11382,10668,13726,6648,7078,325332,111285,214047,64275,19959,44316
B0103,19,801638,Siliguri (M Corp.),Urban,Illiterate,117462,52020,65442,23776,16879,6897,3746,1619,2127,1947,795,1152,89940,33522,56418,7360,1401,5959
B0103,19,801638,Siliguri (M Corp.),Urban,Literate,395802,211682,184120,142106,124156,17950,18304,9763,8541,11779,5853,5926,235392,77763,157629,56915,18558,38357
B0103,19,801638,Siliguri (M Corp.),Urban,Literate but below matric/secondary,209819,107929,101890,61362,54629,6733,9047,4913,4134,5617,2911,2706,139410,48387,91023,24467,7446,17021
B0103,19,801638,Siliguri (M Corp.),Urban,Matric/secondary but below graduate,106423,57171,49252,39485,35230,4255,4986,2593,2393,3432,1664,1768,61952,19348,42604,19910,7194,12716
B0103,19,801638,Siliguri (M Corp.),Urban,Technical diploma or certificate not equal to degree,1656,1420,236,1003,920,83,76,60,16,46,35,11,577,440,137,240,171,69
B0103,19,801638,Siliguri (M Corp.),Urban,Graduate and above other than technical degree,60281,35130,25151,32294,26916,5378,3047,1573,1474,1982,903,1079,24940,6641,18299,9705,2787,6918
B0103,19,801638,Siliguri (M Corp.),Urban,Technical degree or diploma equal to degree or post-graduate degree,4722,3340,1382,2992,2359,633,240,152,88,152,93,59,1490,829,661,699,396,303
B0103,19,801640,Jalpaiguri (M),Urban,Total,107341,53708,53633,35072,28275,6797,2219,1322,897,1725,1023,702,70050,24111,45939,20494,6746,13748
B0103,19,801640,Jalpaiguri (M),Urban,Illiterate,17619,7658,9961,3408,2165,1243,370,182,188,243,115,128,13841,5311,8530,1501,462,1039
B0103,19,801640,Jalpaiguri (M),Urban,Literate,89722,46050,43672,31664,26110,5554,1849,1140,709,1482,908,574,56209,18800,37409,18993,6284,12709
B0103,19,801640,Jalpaiguri (M),Urban,Literate but below matric/secondary,43077,20805,22272,12102,10453,1649,972,652,320,752,507,245,30003,9700,20303,7534,2379,5155
B0103,19,801640,Jalpaiguri (M),Urban,Matric/secondary but below graduate,24258,12297,11961,7826,6576,1250,477,282,195,403,236,167,15955,5439,10516,6632,2377,4255
B0103,19,801640,Jalpaiguri (M),Urban,Technical diploma or certificate not equal to degree,841,744,97,512,473,39,14,10,4,13,10,3,315,261,54,134,104,30
B0103,19,801640,Jalpaiguri (M),Urban,Graduate and above other than technical degree,18534,10275,8259,9571,7311,2260,333,165,168,274,133,141,8630,2799,5831,4191,1177,3014
B0103,19,801640,Jalpaiguri (M),Urban,Technical degree or diploma equal to degree or post-graduate degree,1718,1268,450,1138,882,256,21,13,8,18,10,8,559,373,186,261,173,88
B0103,19,801651,Raiganj (M),Urban,Total,183612,96388,87224,53993,44654,9339,6146,3873,2273,4011,2585,1426,123473,47861,75612,31051,10429,20622
B0103,19,801651,Raiganj (M),Urban,Illiterate,51230,24424,26806,10368,7400,2968,2079,1248,831,1239,766,473,38783,15776,23007,5190,1449,3741
B0103,19,801651,Raiganj (M),Urban,Literate,132382,71964,60418,43625,37254,6371,4067,2625,1442,2772,1819,953,84690,32085,52605,25861,8980,16881
B0103,19,801651,Raiganj (M),Urban,Literate but below matric/secondary,80589,42190,38399,22373,19347,3026,2631,1693,938,1763,1180,583,55585,21150,34435,11713,3393,8320
B0103,19,801651,Raiganj (M),Urban,Matric/secondary but below graduate,30583,17041,13542,10038,8745,1293,780,540,240,563,370,193,19765,7756,12009,9234,3901,5333
B0103,19,801651,Raiganj (M),Urban,Technical diploma or certificate not equal to degree,361,330,31,212,200,12,6,5,1,5,4,1,143,125,18,54,41,13
B0103,19,801651,Raiganj (M),Urban,Graduate and above other than technical degree,15583,9519,6064,8582,7015,1567,389,240,149,286,167,119,6612,2264,4348,3802,1294,2508
B0103,19,801651,Raiganj (M),Urban,Technical degree or diploma equal to degree or post-graduate degree,1205,900,305,838,664,174,27,24,3,17,16,1,340,212,128,204,123,81
B0103,19,801654,Balurghat (M+OG),Urban,Total,153279,76730,76549,51113,40186,10927,6983,3769,3214,5103,2628,2475,95183,32775,62408,31070,9165,21905
B0103,19,801654,Balurghat (M+OG),Urban,Illiterate,23499,10052,13447,4822,2992,1830,902,381,521,571,225,346,17775,6679,11096,1590,247,1343
B0103,19,801654,Balurghat (M+OG),Urban,Literate,129780,66678,63102,46291,37194,9097,6081,3388,2693,4532,2403,2129,77408,26096,51312,29480,8918,20562
B0103,19,801654,Balurghat (M+OG),Urban,Literate but below matric/secondary,64749,30393,34356,18090,14707,3383,3128,1764,1364,2166,1179,987,43531,13922,29609,10890,2710,8180
B0103,19,801654,Balurghat (M+OG),Urban,Matric/secondary but below graduate,35828,18977,16851,13081,10597,2484,1677,885,792,1388,685,703,21070,7495,13575,11318,3829,7489
B0103,19,801654,Balurghat (M+OG),Urban,Technical diploma or certificate not equal to degree,326,282,44,177,159,18,6,6,0,2,2,0,143,117,26,62,45,17
B0103,19,801654,Balurghat (M+OG),Urban,Graduate and above other than technical degree,22077,13292,8785,11746,9225,2521,884,505,379,734,404,330,9447,3562,5885,5925,1929,3996
B0103,19,801654,Balurghat (M+OG),Urban,Technical degree or diploma equal to degree or post-graduate degree,1655,1246,409,1131,900,231,43,25,18,28,17,11,481,321,160,269,179,90
B0103,19,801656,English Bazar (M),Urban,Total,205521,106824,98697,58211,48790,9421,7112,3687,3425,5166,2545,2621,140198,54347,85851,31374,10674,20700
B0103,19,801656,English Bazar (M),Urban,Illiterate,56755,28589,28166,8222,5817,2405,1264,617,647,773,355,418,47269,22155,25114,3185,845,2340
B0103,19,801656,English Bazar (M),Urban,Literate,148766,78235,70531,49989,42973,7016,5848,3070,2778,4393,2190,2203,92929,32192,60737,28189,9829,18360
B0103,19,801656,English Bazar (M),Urban,Literate but below matric/secondary,73441,36435,37006,19572,17203,2369,2784,1478,1306,2045,1035,1010,51085,17754,33331,10831,3399,7432
B0103,19,801656,English Bazar (M),Urban,Matric/secondary but below graduate,41449,21433,20016,13343,11786,1557,1663,841,822,1313,622,691,26443,8806,17637,10301,3735,6566
B0103,19,801656,English Bazar (M),Urban,Technical diploma or certificate not equal to degree,797,707,90,468,437,31,22,16,6,15,11,4,307,254,53,140,112,28
B0103,19,801656,English Bazar (M),Urban,Graduate and above other than technical degree,26491,15524,10967,13469,10957,2512,1030,534,496,790,389,401,11992,4033,7959,5783,2043,3740
B0103,19,801656,English Bazar (M),Urban,Technical degree or diploma equal to degree or post-graduate degree,2492,1869,623,1554,1264,290,93,60,33,62,40,22,845,545,300,439,285,154
B0103,19,801662,Baharampur (M),Urban,Total,195223,100247,94976,68515,55604,12911,4630,2347,2283,3417,1617,1800,122078,42296,79782,33071,11024,22047
B0103,19,801662,Baharampur (M),Urban,Illiterate,31911,14277,17634,8166,5037,3129,772,260,512,523,171,352,22973,8980,13993,2321,618,1703
B0103,19,801662,Baharampur (M),Urban,Literate,163312,85970,77342,60349,50567,9782,3858,2087,1771,2894,1446,1448,99105,33316,65789,30750,10406,20344
B0103,19,801662,Baharampur (M),Urban,Literate but below matric/secondary,80899,39314,41585,25632,21406,4226,1973,1056,917,1404,715,689,53294,16852,36442,11254,3044,8210
B0103,19,801662,Baharampur (M),Urban,Matric/secondary but below graduate,46483,24756,21727,15312,13366,1946,1087,612,475,879,448,431,30084,10778,19306,12544,4907,7637
B0103,19,801662,Baharampur (M),Urban,Technical diploma or certificate not equal to degree,899,773,126,530,476,54,20,18,2,12,10,2,349,279,70,157,112,45
B0103,19,801662,Baharampur (M),Urban,Graduate and above other than technical degree,28916,17311,11605,15565,12705,2860,585,314,271,446,207,239,12766,4292,8474,5757,1854,3903
B0103,19,801662,Baharampur (M),Urban,Technical degree or diploma equal to degree or post-graduate degree,3238,2368,870,2169,1732,437,60,35,25,43,24,19,1009,601,408,470,291,179
B0103,19,801670,Kulti (M),Urban,Total,313809,163193,150616,74722,67616,7106,19643,14592,5051,14562,11268,3294,219444,80985,138459,43860,18932,24928
B0103,19,801670,Kulti (M),Urban,Illiterate,103857,43193,60664,16501,13232,3269,6282,3822,2460,4431,2865,1566,81074,26139,54935,9088,2125,6963
B0103,19,801670,Kulti (M),Urban,Literate,209952,120000,89952,58221,54384,3837,13361,10770,2591,10131,8403,1728,138370,54846,83524,34772,16807,17965
B0103,19,801670,Kulti (M),Urban,Literate but below matric/secondary,134762,74047,60715,32230,30457,1773,8770,7248,1522,6618,5671,947,93762,36342,57420,17323,7801,9522
B0103,19,801670,Kulti (M),Urban,Matric/secondary but below graduate,48741,28976,19765,14920,14075,845,2821,2200,621,2161,1711,450,31000,12701,18299,11534,5843,5691
B0103,19,801670,Kulti (M),Urban,Technical diploma or certificate not equal to degree,501,442,59,270,248,22,13,12,1,11,10,1,218,182,36,96,83,13
B0103,19,801670,Kulti (M),Urban,Graduate and above other than technical degree,17971,11828,6143,8146,7292,854,1046,787,259,825,607,218,8779,3749,5030,4254,2184,2070
B0103,19,801670,Kulti (M),Urban,Technical degree or diploma equal to degree or post-graduate degree,1400,1062,338,748,622,126,53,40,13,38,29,9,599,400,199,356,248,108
B0103,19,801671,Asansol (M Corp.),Urban,Total,563917,292387,271530,148721,131122,17599,35156,24067,11089,24674,17503,7171,380040,137198,242842,83768,32394,51374
B0103,19,801671,Asansol (M Corp.),Urban,Illiterate,144325,61825,82500,21807,16532,5275,8309,4695,3614,5176,3217,1959,114209,40598,73611,10900,2430,8470
B0103,19,801671,Asansol (M Corp.),Urban,Literate,419592,230562,189030,126914,114590,12324,26847,19372,7475,19498,14286,5212,265831,96600,169231,72868,29964,42904
B0103,19,801671,Asansol (M Corp.),Urban,Literate but below matric/secondary,220040,116005,104035,52463,48403,4060,14693,11305,3388,10586,8394,2192,152884,56297,96587,29354,11464,17890
B0103,19,801671,Asansol (M Corp.),Urban,Matric/secondary but below graduate,111726,61786,49940,35127,32221,2906,6733,4539,2194,5105,3419,1686,69866,25026,44840,26339,11292,15047
B0103,19,801671,Asansol (M Corp.),Urban,Technical diploma or certificate not equal to degree,2478,2116,362,1264,1135,129,114,97,17,80,69,11,1100,884,216,511,407,104
B0103,19,801671,Asansol (M Corp.),Urban,Graduate and above other than technical degree,59368,35629,23739,27590,23774,3816,3273,2050,1223,2331,1422,909,28505,9805,18700,12242,4864,7378
B0103,19,801671,Asansol (M Corp.),Urban,Technical degree or diploma equal to degree or post-graduate degree,6257,4602,1655,3762,3085,677,301,199,102,205,134,71,2194,1318,876,1126,683,443
B0103,19,801672,Jamuria (M+OG),Urban,Total,149220,77379,71841,30654,28064,2590,13491,10616,2875,10786,8828,1958,105075,38699,66376,25455,10375,15080
B0103,19,801672,Jamuria (M+OG),Urban,Illiterate,56290,23122,33168,7255,5964,1291,4800,3146,1654,3687,2597,1090,44235,14012,30223,6490,1302,5188
B0103,19,801672,Jamuria (M+OG),Urban,Literate,92930,54257,38673,23399,22100,1299,8691,7470,1221,7099,6231,868,60840,24687,36153,18965,9073,9892
B0103,19,801672,Jamuria (M+OG),Urban,Literate but below matric/secondary,64596,36289,28307,13870,13195,675,6109,5343,766,5031,4479,552,44617,17751,26866,10964,4850,6114
B0103,19,801672,Jamuria (M+OG),Urban,Matric/secondary but below graduate,19697,12148,7549,5999,5671,328,1635,1375,260,1358,1152,206,12063,5102,6961,5900,3055,2845
B0103,19,801672,Jamuria (M+OG),Urban,Technical diploma or certificate not equal to degree,152,139,13,72,71,1,8,7,1,4,4,0,72,61,11,55,45,10
B0103,19,801672,Jamuria (M+OG),Urban,Graduate and above other than technical degree,5142,3713,1429,2447,2239,208,384,318,66,304,253,51,2311,1156,1155,1439,841,598
B0103,19,801672,Jamuria (M+OG),Urban,Technical degree or diploma equal to degree or post-graduate degree,294,248,46,163,147,16,10,8,2,8,6,2,121,93,28,86,67,19
B0103,19,801673,Raniganj (M),Urban,Total,129441,67578,61863,36026,32098,3928,4914,3694,1220,3621,2813,808,88501,31786,56715,16978,6897,10081
B0103,19,801673,Raniganj (M),Urban,Illiterate,41142,17904,23238,7657,5992,1665,1719,1114,605,1260,868,392,31766,10798,20968,3355,784,2571
B0103,19,801673,Raniganj (M),Urban,Literate,88299,49674,38625,28369,26106,2263,3195,2580,615,2361,1945,416,56735,20988,35747,13623,6113,7510
B0103,19,801673,Raniganj (M),Urban,Literate but below matric/secondary,55923,30704,25219,15420,14441,979,2138,1770,368,1604,1368,236,38365,14493,23872,7098,3126,3972
B0103,19,801673,Raniganj (M),Urban,Matric/secondary but below graduate,19593,11022,8571,6731,6196,535,590,451,139,436,332,104,12272,4375,7897,4282,1990,2292
B0103,19,801673,Raniganj (M),Urban,Technical diploma or certificate not equal to degree,218,198,20,113,107,6,7,7,0,4,4,0,98,84,14,39,34,5
B0103,19,801673,Raniganj (M),Urban,Graduate and above other than technical degree,8998,5681,3317,4716,4168,548,250,180,70,164,114,50,4032,1333,2699,1619,675,944
B0103,19,801673,Raniganj (M),Urban,Technical degree or diploma equal to degree or post-graduate degree,721,544,177,472,380,92,19,16,3,9,8,1,230,148,82,95,67,28
B0103,19,801674,Durgapur (M Corp.),Urban,Total,566517,294255,272262,152499,130536,21963,46514,29770,16744,34837,22563,12274,367504,133949,233555,98345,34094,64251
B0103,19,801674,Durgapur (M Corp.),Urban,Illiterate,127292,53270,74022,18565,12303,6262,10167,5039,5128,7360,3791,3569,98560,35928,62632,12395,2317,10078
B0103,19,801674,Durgapur (M Corp.),Urban,Literate,439225,240985,198240,133934,118233,15701,36347,24731,11616,27477,18772,8705,268944,98021,170923,85950,31777,54173
B0103,19,801674,Durgapur (M Corp.),Urban,Literate but below matric/secondary,204587,105351,99236,46321,41463,4858,17972,12648,5324,13772,9892,3880,140294,51240,89054,31050,10544,20506
B0103,19,801674,Durgapur (M Corp.),Urban,Matric/secondary but below graduate,124243,70215,54028,37984,34813,3171,9925,6597,3328,7745,5090,2655,76334,28805,47529,31999,13186,18813
B0103,19,801674,Durgapur (M Corp.),Urban,Technical diploma or certificate not equal to degree,3811,3393,418,2113,1959,154,212,192,20,130,118,12,1486,1242,244,651,501,150
B0103,19,801674,Durgapur (M Corp.),Urban,Graduate and above other than technical degree,70131,40303,29828,32521,27331,5190,4870,2991,1879,3448,2042,1406,32740,9981,22759,15466,4757,10709
B0103,19,801674,Durgapur (M Corp.),Urban,Technical degree or diploma equal to degree or post-graduate degree,9929,7506,2423,6049,5085,964,526,360,166,301,185,116,3354,2061,1293,1708,1026,682
B0103,19,801678,Barddhaman (M),Urban,Total,314265,159936,154329,100353,81595,18758,18902,10121,8781,14702,7835,6867,195010,68220,126790,60607,20815,39792
B0103,19,801678,Barddhaman (M),Urban,Illiterate,58441,24750,33691,12332,7496,4836,3161,1319,1842,2228,976,1252,42948,15935,27013,5956,1320,4636
B0103,19,801678,Barddhaman (M),Urban,Literate,255824,135186,120638,88021,74099,13922,15741,8802,6939,12474,6859,5615,152062,52285,99777,54651,19495,35156
B0103,19,801678,Barddhaman (M),Urban,Literate but below matric/secondary,125715,62645,63070,37501,31352,6149,8108,4638,3470,6349,3685,2664,80106,26655,53451,21490,6364,15126
B0103,19,801678,Barddhaman (M),Urban,Matric/secondary but below graduate,66387,33646,32741,20026,17518,2508,4172,2265,1907,3506,1842,1664,42189,13863,28326,19442,7338,12104
B0103,19,801678,Barddhaman (M),Urban,Technical diploma or certificate not equal to degree,2054,1862,192,1057,991,66,86,79,7,67,62,5,911,792,119,465,403,62
B0103,19,801678,Barddhaman (M),Urban,Graduate and above other than technical degree,46542,27994,18548,22643,18791,3852,2432,1301,1131,1868,904,964,21467,7902,13565,10251,3875,6376
B0103,19,801678,Barddhaman (M),Urban,Technical degree or diploma equal to degree or post-graduate degree,5845,4331,1514,3340,2758,582,240,148,92,176,103,73,2265,1425,840,1290,824,466
B0103,19,801681,Nabadwip (M),Urban,Total,125543,65415,60128,46188,36579,9609,4706,2133,2573,2788,1277,1511,74649,26703,47946,18208,5636,12572
B0103,19,801681,Nabadwip (M),Urban,Illiterate,23583,10355,13228,5592,3597,1995,866,321,545,461,205,256,17125,6437,10688,1749,384,1365
B0103,19,801681,Nabadwip (M),Urban,Literate,101960,55060,46900,40596,32982,7614,3840,1812,2028,2327,1072,1255,57524,20266,37258,16459,5252,11207
B0103,19,801681,Nabadwip (M),Urban,Literate but below matric/secondary,65360,33436,31924,25400,19921,5479,2631,1156,1475,1454,618,836,37329,12359,24970,8259,2107,6152
B0103,19,801681,Nabadwip (M),Urban,Matric/secondary but below graduate,22916,13176,9740,8468,7436,1032,756,414,342,551,279,272,13692,5326,8366,5582,2156,3426
B0103,19,801681,Nabadwip (M),Urban,Technical diploma or certificate not equal to degree,214,192,22,132,125,7,7,6,1,4,4,0,75,61,14,39,33,6
B0103,19,801681,Nabadwip (M),Urban,Graduate and above other than technical degree,9503,6065,3438,4793,4078,715,280,151,129,218,111,107,4430,1836,2594,1991,737,1254
B0103,19,801681,Nabadwip (M),Urban,Technical degree or diploma equal to degree or post-graduate degree,580,427,153,343,281,62,16,14,2,15,13,2,221,132,89,119,79,40
B0103,19,801682,Krishnanagar (M),Urban,Total,153062,77146,75916,50720,42374,8346,4161,2253,1908,2950,1506,1444,98181,32519,65662,26106,7988,18118
B0103,19,801682,Krishnanagar (M),Urban,Illiterate,25135,11267,13868,4907,3316,1591,761,330,431,498,201,297,19467,7621,11846,1677,572,1105
B0103,19,801682,Krishnanagar (M),Urban,Literate,127927,65879,62048,45813,39058,6755,3400,1923,1477,2452,1305,1147,78714,24898,53816,24429,7416,17013
B0103,19,801682,Krishnanagar (M),Urban,Literate but below matric/secondary,71413,34707,36706,22110,19128,2982,2104,1200,904,1437,769,668,47199,14379,32820,10641,2671,7970
B0103,19,801682,Krishnanagar (M),Urban,Matric/secondary but below graduate,32338,17076,15262,11203,9917,1286,742,410,332,593,312,281,20393,6749,13644,8878,3132,5746
B0103,19,801682,Krishnanagar (M),Urban,Technical diploma or certificate not equal to degree,522,449,73,310,278,32,10,10,0,10,10,0,202,161,41,96,70,26
B0103,19,801682,Krishnanagar (M),Urban,Graduate and above other than technical degree,19762,11409,8353,10239,8199,2040,417,231,186,321,163,158,9106,2979,6127,4167,1286,2881
B0103,19,801682,Krishnanagar (M),Urban,Technical degree or diploma equal to degree or post-graduate degree,1564,1132,432,1004,787,217,22,17,5,16,13,3,538,328,210,278,160,118
B0103,19,801683,Santipur (M),Urban,Total,151777,77011,74766,63783,45896,17887,8240,2793,5447,4523,1745,2778,79754,28322,51432,18930,5964,12966
B0103,19,801683,Santipur (M),Urban,Illiterate,39971,17423,22548,13851,8008,5843,1889,526,1363,966,328,638,24231,8889,15342,2124,399,1725
B0103,19,801683,Santipur (M),Urban,Literate,111806,59588,52218,49932,37888,12044,6351,2267,4084,3557,1417,2140,55523,19433,36090,16806,5565,11241
B0103,19,801683,Santipur (M),Urban,Literate but below matric/secondary,82457,42698,39759,37010,27064,9946,4806,1558,3248,2455,892,1563,40641,14076,26565,9478,2731,6747
B0103,19,801683,Santipur (M),Urban,Matric/secondary but below graduate,18884,10505,8379,7326,6281,1045,1001,426,575,747,325,422,10557,3798,6759,5295,2046,3249
B0103,19,801683,Santipur (M),Urban,Technical diploma or certificate not equal to degree,117,103,14,58,55,3,5,4,1,5,4,1,54,44,10,33,26,7
B0103,19,801683,Santipur (M),Urban,Graduate and above other than technical degree,6844,4451,2393,3712,3152,560,310,188,122,228,140,88,2822,1111,1711,1568,619,949
B0103,19,801683,Santipur (M),Urban,Technical degree or diploma equal to degree or post-graduate degree,369,274,95,214,174,40,6,3,3,6,3,3,149,97,52,87,53,34
B0103,19,801689,Kalyani (M),Urban,Total,100575,50727,49848,31154,24511,6643,6289,3437,2852,4716,2552,2164,63132,22779,40353,19323,6182,13141
B0103,19,801689,Kalyani (M),Urban,Illiterate,19371,8017,11354,3916,2322,1594,1019,426,593,648,271,377,14436,5269,9167,1848,315,1533
B0103,19,801689,Kalyani (M),Urban,Literate,81204,42710,38494,27238,22189,5049,5270,3011,2259,4068,2281,1787,48696,17510,31186,17475,5867,11608
B0103,19,801689,Kalyani (M),Urban,Literate but below matric/secondary,41228,20887,20341,12016,10026,1990,3150,1803,1347,2471,1379,1092,26062,9058,17004,8009,2180,5829
B0103,19,801689,Kalyani (M),Urban,Matric/secondary but below graduate,17468,9200,8268,4793,4185,608,997,588,409,838,499,339,11678,4427,7251,5330,2300,3030
B0103,19,801689,Kalyani (M),Urban,Technical diploma or certificate not equal to degree,745,646,99,375,335,40,24,20,4,15,14,1,346,291,55,131,106,25
B0103,19,801689,Kalyani (M),Urban,Graduate and above other than technical degree,14844,7886,6958,6693,5077,1616,642,337,305,446,228,218,7509,2472,5037,2884,889,1995
B0103,19,801689,Kalyani (M),Urban,Technical degree or diploma equal to degree or post-graduate degree,2613,1889,724,1596,1218,378,125,83,42,68,40,28,892,588,304,362,219,143
B0103,19,801691,Bongaon (M),Urban,Total,108864,55382,53482,36393,30814,5579,3241,1784,1457,2010,1241,769,69230,22784,46446,22064,7185,14879
B0103,19,801691,Bongaon (M),Urban,Illiterate,19164,8103,11061,3586,2407,1179,508,202,306,279,138,141,15070,5494,9576,1490,308,1182
B0103,19,801691,Bongaon (M),Urban,Literate,89700,47279,42421,32807,28407,4400,2733,1582,1151,1731,1103,628,54160,17290,36870,20574,6877,13697
B0103,19,801691,Bongaon (M),Urban,Literate but below matric/secondary,57549,28418,29131,19733,16881,2852,1905,1000,905,1154,665,489,35911,10537,25374,10227,2682,7545
B0103,19,801691,Bongaon (M),Urban,Matric/secondary but below graduate,19713,11088,8625,6642,6070,572,478,343,135,324,255,69,12593,4675,7918,7084,2911,4173
B0103,19,801691,Bongaon (M),Urban,Technical diploma or certificate not equal to degree,113,101,12,60,54,6,0,0,0,0,0,0,53,47,6,35,31,4
B0103,19,801691,Bongaon (M),Urban,Graduate and above other than technical degree,9765,6310,3455,5189,4439,750,249,191,58,197,153,44,4327,1680,2647,2803,1116,1687
B0103,19,801691,Bongaon (M),Urban,Technical degree or diploma equal to degree or post-graduate degree,521,374,147,336,264,72,10,9,1,6,6,0,175,101,74,90,55,35
B0103,19,801692,Halisahar (M),Urban,Total,124939,65467,59472,35610,32031,3579,5815,4247,1568,3948,3040,908,83514,29189,54325,24194,8181,16013
B0103,19,801692,Halisahar (M),Urban,Illiterate,24379,10495,13884,3406,2753,653,761,428,333,411,274,137,20212,7314,12898,1880,405,1475
B0103,19,801692,Halisahar (M),Urban,Literate,100560,54972,45588,32204,29278,2926,5054,3819,1235,3537,2766,771,63302,21875,41427,22314,7776,14538
B0103,19,801692,Halisahar (M),Urban,Literate but below matric/secondary,61776,32476,29300,17775,16271,1504,3552,2635,917,2418,1878,540,40449,13570,26879,10441,3229,7212
B0103,19,801692,Halisahar (M),Urban,Matric/secondary but below graduate,24830,14155,10675,8216,7595,621,957,781,176,735,595,140,15657,5779,9878,8167,3203,4964
B0103,19,801692,Halisahar (M),Urban,Technical diploma or certificate not equal to degree,362,304,58,210,189,21,11,9,2,7,6,1,141,106,35,89,68,21
B0103,19,801692,Halisahar (M),Urban,Graduate and above other than technical degree,10118,6179,3939,4741,4136,605,357,278,79,275,213,62,5020,1765,3255,2936,1001,1935
B0103,19,801692,Halisahar (M),Urban,Technical degree or diploma equal to degree or post-graduate degree,684,501,183,375,318,57,9,7,2,6,5,1,300,176,124,186,115,71
B0103,19,801693,Kanchrapara (M+OG),Urban,Total,129576,65436,64140,37599,32158,5441,4349,3195,1154,2639,2008,631,87628,30083,57545,26309,9930,16379
B0103,19,801693,Kanchrapara (M+OG),Urban,Illiterate,21484,8655,12829,2996,1879,1117,604,383,221,315,212,103,17884,6393,11491,2028,477,1551
B0103,19,801693,Kanchrapara (M+OG),Urban,Literate,108092,56781,51311,34603,30279,4324,3745,2812,933,2324,1796,528,69744,23690,46054,24281,9453,14828
B0103,19,801693,Kanchrapara (M+OG),Urban,Literate but below matric/secondary,60094,29604,30490,16526,14361,2165,2200,1637,563,1409,1087,322,41368,13606,27762,11088,3784,7304
B0103,19,801693,Kanchrapara (M+OG),Urban,Matric/secondary but below graduate,30982,17337,13645,10426,9461,965,968,772,196,587,474,113,19588,7104,12484,9065,4031,5034
B0103,19,801693,Kanchrapara (M+OG),Urban,Technical diploma or certificate not equal to degree,316,281,35,181,168,13,6,5,1,1,0,1,129,108,21,71,59,12
B0103,19,801693,Kanchrapara (M+OG),Urban,Graduate and above other than technical degree,12976,7672,5304,6015,5143,872,417,309,108,235,174,61,6544,2220,4324,3269,1285,1984
B0103,19,801693,Kanchrapara (M+OG),Urban,Technical degree or diploma equal to degree or post-graduate degree,832,593,239,484,396,88,23,16,7,6,6,0,325,181,144,203,120,83
B0103,19,801694,Naihati (M),Urban,Total,217900,109849,108051,60081,49984,10097,11106,6546,4560,5272,3526,1746,146713,53319,93394,39350,13138,26212
B0103,19,801694,Naihati (M),Urban,Illiterate,44503,18833,25670,6280,4136,2144,2059,1007,1052,816,458,358,36164,13690,22474,3711,912,2799
B0103,19,801694,Naihati (M),Urban,Literate,173397,91016,82381,53801,45848,7953,9047,5539,3508,4456,3068,1388,110549,39629,70920,35639,12226,23413
B0103,19,801694,Naihati (M),Urban,Literate but below matric/secondary,98842,49721,49121,25304,21566,3738,5315,3306,2009,2686,1925,761,68223,24849,43374,16118,5043,11075
B0103,19,801694,Naihati (M),Urban,Matric/secondary but below graduate,42891,23093,19798,14229,12562,1667,2089,1262,827,1061,698,363,26573,9269,17304,12766,4772,7994
B0103,19,801694,Naihati (M),Urban,Technical diploma or certificate not equal to degree,538,453,85,308,280,28,24,19,5,10,8,2,206,154,52,105,72,33
B0103,19,801694,Naihati (M),Urban,Graduate and above other than technical degree,21694,12807,8887,10803,8925,1878,891,539,352,414,259,155,10000,3343,6657,4835,1590,3245
B0103,19,801694,Naihati (M),Urban,Technical degree or diploma equal to degree or post-graduate degree,1487,1070,417,897,730,167,66,43,23,17,11,6,524,297,227,280,169,111
B0103,19,801695,Bhatpara (M+OG),Urban,Total,386019,204539,181480,109052,98426,10626,11772,8766,3006,6673,5334,1339,265195,97347,167848,69851,27669,42182
B0103,19,801695,Bhatpara (M+OG),Urban,Illiterate,88858,39276,49582,14291,11854,2437,2224,1364,860,1076,782,294,72343,26058,46285,7382,2149,5233
B0103,19,801695,Bhatpara (M+OG),Urban,Literate,297161,165263,131898,94761,86572,8189,9548,7402,2146,5597,4552,1045,192852,71289,121563,62469,25520,36949
B0103,19,801695,Bhatpara (M+OG),Urban,Literate but below matric/secondary,179456,95466,83990,50294,46366,3928,5855,4513,1342,3468,2825,643,123307,44587,78720,30794,11344,19450
B0103,19,801695,Bhatpara (M+OG),Urban,Matric/secondary but below graduate,73195,43158,30037,25229,23425,1804,2098,1666,432,1236,1024,212,45868,18067,27801,21362,9854,11508
B0103,19,801695,Bhatpara (M+OG),Urban,Technical diploma or certificate not equal to degree,745,646,99,415,369,46,17,16,1,4,4,0,313,261,52,168,136,32
B0103,19,801695,Bhatpara (M+OG),Urban,Graduate and above other than technical degree,27450,16981,10469,13040,11365,1675,805,617,188,464,353,111,13605,4999,8606,6898,2787,4111
B0103,19,801695,Bhatpara (M+OG),Urban,Technical degree or diploma equal to degree or post-graduate degree,1605,1166,439,889,720,169,40,34,6,21,19,2,676,412,264,391,247,144
B0103,19,801697,Habra (M),Urban,Total,147221,74592,72629,49713,42408,7305,4161,2255,1906,2389,1443,946,93347,29929,63418,24483,7474,17009
B0103,19,801697,Habra (M),Urban,Illiterate,25269,10812,14457,4671,3215,1456,792,299,493,375,165,210,19806,7298,12508,1459,245,1214
B0103,19,801697,Habra (M),Urban,Literate,121952,63780,58172,45042,39193,5849,3369,1956,1413,2014,1278,736,73541,22631,50910,23024,7229,15795
B0103,19,801697,Habra (M),Urban,Literate but below matric/secondary,76848,37984,38864,25888,22391,3497,2426,1372,1054,1425,882,543,48534,14221,34313,11381,2765,8616
B0103,19,801697,Habra (M),Urban,Matric/secondary but below graduate,28504,15745,12759,10687,9668,1019,572,373,199,375,259,116,17245,5704,11541,7884,2989,4895
B0103,19,801697,Habra (M),Urban,Technical diploma or certificate not equal to degree,285,244,41,174,151,23,6,6,0,3,3,0,105,87,18,60,50,10
B0103,19,801697,Habra (M),Urban,Graduate and above other than technical degree,12850,8027,4823,6777,5780,997,231,149,82,147,102,45,5842,2098,3744,3106,1196,1910
B0103,19,801697,Habra (M),Urban,Technical degree or diploma equal to degree or post-graduate degree,974,655,319,547,424,123,18,12,6,9,6,3,409,219,190,223,129,94
B0103,19,801698,Ashoknagar Kalyangarh (M),Urban,Total,121592,61236,60356,39109,33153,5956,3539,2382,1157,2012,1394,618,78944,25701,53243,23992,7163,16829
B0103,19,801698,Ashoknagar Kalyangarh (M),Urban,Illiterate,18100,7528,10572,2711,1805,906,400,189,211,141,65,76,14989,5534,9455,1073,183,890
B0103,19,801698,Ashoknagar Kalyangarh (M),Urban,Literate,103492,53708,49784,36398,31348,5050,3139,2193,946,1871,1329,542,63955,20167,43788,22919,6980,15939
B0103,19,801698,Ashoknagar Kalyangarh (M),Urban,Literate but below matric/secondary,63323,30795,32528,20356,17362,2994,2127,1438,689,1240,863,377,40840,11995,28845,11402,2762,8640
B0103,19,801698,Ashoknagar Kalyangarh (M),Urban,Matric/secondary but below graduate,26095,14754,11341,9407,8542,865,662,502,160,419,309,110,16026,5710,10316,7881,2957,4924
B0103,19,801698,Ashoknagar Kalyangarh (M),Urban,Technical diploma or certificate not equal to degree,260,214,46,136,118,18,4,4,0,3,3,0,120,92,28,66,53,13
B0103,19,801698,Ashoknagar Kalyangarh (M),Urban,Graduate and above other than technical degree,11180,6577,4603,5425,4507,918,239,185,54,157,123,34,5516,1885,3631,3035,993,2042
B0103,19,801698,Ashoknagar Kalyangarh (M),Urban,Technical degree or diploma equal to degree or post-graduate degree,812,516,296,437,322,115,11,7,4,3,1,2,364,187,177,177,101,76
B0103,19,801700,North Barrackpur (M),Urban,Total,132806,66924,65882,40395,34326,6069,2531,1785,746,1557,1178,379,89880,30813,59067,22962,7750,15212
B0103,19,801700,North Barrackpur (M),Urban,Illiterate,16282,7126,9156,2319,1485,834,359,204,155,238,151,87,13604,5437,8167,770,189,581
B0103,19,801700,North Barrackpur (M),Urban,Literate,116524,59798,56726,38076,32841,5235,2172,1581,591,1319,1027,292,76276,25376,50900,22192,7561,14631
B0103,19,801700,North Barrackpur (M),Urban,Literate but below matric/secondary,52211,24363,27848,13209,11200,2009,1245,902,343,762,595,167,37757,12261,25496,7028,2141,4887
B0103,19,801700,North Barrackpur (M),Urban,Matric/secondary but below graduate,37532,20215,17317,12306,11160,1146,554,424,130,346,283,63,24672,8631,16041,9407,3571,5836
B0103,19,801700,North Barrackpur (M),Urban,Technical diploma or certificate not equal to degree,716,647,69,409,382,27,9,9,0,5,5,0,298,256,42,142,122,20
B0103,19,801700,North Barrackpur (M),Urban,Graduate and above other than technical degree,21498,12123,9375,10186,8546,1640,264,183,81,151,104,47,11048,3394,7654,4761,1393,3368
B0103,19,801700,North Barrackpur (M),Urban,Technical degree or diploma equal to degree or post-graduate degree,1549,1032,517,961,732,229,13,7,6,6,3,3,575,293,282,331,163,168
B0103,19,801702,Barrackpur (M),Urban,Total,152783,78349,74434,48402,40969,7433,4472,3033,1439,2223,1690,533,99909,34347,65562,27283,8550,18733
B0103,19,801702,Barrackpur (M),Urban,Illiterate,27639,12135,15504,4899,3404,1495,1025,651,374,667,476,191,21715,8080,13635,2781,580,2201
B0103,19,801702,Barrackpur (M),Urban,Literate,125144,66214,58930,43503,37565,5938,3447,2382,1065,1556,1214,342,78194,26267,51927,24502,7970,16532
B0103,19,801702,Barrackpur (M),Urban,Literate but below matric/secondary,54722,26988,27734,14753,12994,1759,1807,1305,502,924,749,175,38162,12689,25473,9193,2640,6553
B0103,19,801702,Barrackpur (M),Urban,Matric/secondary but below graduate,35769,19056,16713,11985,10726,1259,868,596,272,356,274,82,22916,7734,15182,8941,3297,5644
B0103,19,801702,Barrackpur (M),Urban,Technical diploma or certificate not equal to degree,1106,956,150,568,518,50,24,21,3,7,6,1,514,417,97,213,159,54
B0103,19,801702,Barrackpur (M),Urban,Graduate and above other than technical degree,27074,15562,11512,13233,11006,2227,560,347,213,203,140,63,13281,4209,9072,4957,1411,3546
B0103,19,801702,Barrackpur (M),Urban,Technical degree or diploma equal to degree or post-graduate degree,2836,1952,884,1724,1321,403,46,34,12,14,9,5,1066,597,469,526,289,237
B0103,19,801703,Titagarh (M),Urban,Total,116541,62735,53806,31335,28156,3179,5956,4689,1267,3964,3221,743,79250,29890,49360,20874,7989,12885
B0103,19,801703,Titagarh (M),Urban,Illiterate,32381,14321,18060,5354,4287,1067,1403,942,461,847,612,235,25624,9092,16532,3253,828,2425
B0103,19,801703,Titagarh (M),Urban,Literate,84160,48414,35746,25981,23869,2112,4553,3747,806,3117,2609,508,53626,20798,32828,17621,7161,10460
B0103,19,801703,Titagarh (M),Urban,Literate but below matric/secondary,56599,31271,25328,15590,14321,1269,3123,2553,570,2136,1781,355,37886,14397,23489,9905,3636,6269
B0103,19,801703,Titagarh (M),Urban,Matric/secondary but below graduate,18870,11536,7334,6395,5988,407,946,810,136,656,563,93,11529,4738,6791,5653,2598,3055
B0103,19,801703,Titagarh (M),Urban,Technical diploma or certificate not equal to degree,125,108,17,66,63,3,4,3,1,4,3,1,55,42,13,38,29,9
B0103,19,801703,Titagarh (M),Urban,Graduate and above other than technical degree,5393,3697,1696,2844,2541,303,272,211,61,192,149,43,2277,945,1332,1364,623,741
B0103,19,801703,Titagarh (M),Urban,Technical degree or diploma equal to degree or post-graduate degree,250,201,49,140,125,15,4,4,0,1,1,0,106,72,34,73,50,23
B0103,19,801704,Khardaha (M),Urban,Total,108496,54879,53617,33786,28131,5655,4378,2415,1963,2344,1374,970,70332,24333,45999,20810,6557,14253
B0103,19,801704,Khardaha (M),Urban,Illiterate,13027,5714,7313,1538,1002,536,450,210,240,213,106,107,11039,4502,6537,1159,268,891
B0103,19,801704,Khardaha (M),Urban,Literate,95469,49165,46304,32248,27129,5119,3928,2205,1723,2131,1268,863,59293,19831,39462,19651,6289,13362
B0103,19,801704,Khardaha (M),Urban,Literate but below matric/secondary,39457,18854,20603,9986,8430,1556,1838,966,872,1082,651,431,27633,9458,18175,6613,1980,4633
B0103,19,801704,Khardaha (M),Urban,Matric/secondary but below graduate,29251,15158,14093,9687,8486,1201,1022,586,436,564,344,220,18542,6086,12456,7804,2700,5104
B0103,19,801704,Khardaha (M),Urban,Technical diploma or certificate not equal to degree,927,796,131,537,487,50,33,26,7,9,5,4,357,283,74,155,122,33
B0103,19,801704,Khardaha (M),Urban,Graduate and above other than technical degree,19643,10941,8702,9439,7650,1789,671,442,229,277,169,108,9533,2849,6684,3879,1062,2817
B0103,19,801704,Khardaha (M),Urban,Technical degree or diploma equal to degree or post-graduate degree,1879,1287,592,1149,898,251,70,45,25,17,9,8,660,344,316,323,159,164
B0103,19,801705,Panihati (M),Urban,Total,377347,189446,187901,122732,102895,19837,8681,5392,3289,4670,3073,1597,245934,81159,164775,59859,17982,41877
B0103,19,801705,Panihati (M),Urban,Illiterate,54577,23869,30708,8578,6064,2514,1111,543,568,470,261,209,44888,17262,27626,3660,889,2771
B0103,19,801705,Panihati (M),Urban,Literate,322770,165577,157193,114154,96831,17323,7570,4849,2721,4200,2812,1388,201046,63897,137149,56199,17093,39106
B0103,19,801705,Panihati (M),Urban,Literate but below matric/secondary,158274,75176,83098,46214,38897,7317,4129,2524,1605,2289,1499,790,107931,33755,74176,22124,5861,16263
B0103,19,801705,Panihati (M),Urban,Matric/secondary but below graduate,94323,50118,44205,33547,29640,3907,1976,1365,611,1183,844,339,58800,19113,39687,21641,7469,14172
B0103,19,801705,Panihati (M),Urban,Technical diploma or certificate not equal to degree,1652,1444,208,940,859,81,33,31,2,11,11,0,679,554,125,248,184,64
B0103,19,801705,Panihati (M),Urban,Graduate and above other than technical degree,54237,31106,23131,27046,22314,4732,1049,717,332,534,355,179,26142,8075,18067,9933,2781,7152
B0103,19,801705,Panihati (M),Urban,Technical degree or diploma equal to degree or post-graduate degree,4430,3097,1333,2700,2113,587,67,42,25,24,18,6,1663,942,721,743,409,334
B0103,19,801707,Barasat (M),Urban,Total,278435,140822,137613,90395,75952,14443,7074,4038,3036,4260,2634,1626,180966,60832,120134,55563,16514,39049
B0103,19,801707,Barasat (M),Urban,Illiterate,49156,21568,27588,9552,6702,2850,1384,519,865,718,295,423,38220,14347,23873,4431,708,3723
B0103,19,801707,Barasat (M),Urban,Literate,229279,119254,110025,80843,69250,11593,5690,3519,2171,3542,2339,1203,142746,46485,96261,51132,15806,35326
B0103,19,801707,Barasat (M),Urban,Literate but below matric/secondary,113529,55393,58136,33501,28967,4534,3274,1974,1300,2136,1409,727,76754,24452,52302,21196,5234,15962
B0103,19,801707,Barasat (M),Urban,Matric/secondary but below graduate,59490,31057,28433,19973,17836,2137,1161,784,377,731,520,211,38356,12437,25919,17290,6085,11205
B0103,19,801707,Barasat (M),Urban,Technical diploma or certificate not equal to degree,1576,1342,234,800,735,65,18,17,1,8,8,0,758,590,168,400,299,101
B0103,19,801707,Barasat (M),Urban,Graduate and above other than technical degree,41428,24192,17236,20464,16874,3590,792,518,274,440,280,160,20172,6800,13372,9538,3176,6362
B0103,19,801707,Barasat (M),Urban,Technical degree or diploma equal to degree or post-graduate degree,4088,2951,1137,2516,1975,541,76,51,25,31,23,8,1496,925,571,894,559,335
B0103,19,801708,Madhyamgram (M),Urban,Total,196127,98864,97263,65316,54892,10424,4395,2578,1817,2230,1375,855,126416,41394,85022,32073,9482,22591
B0103,19,801708,Madhyamgram (M),Urban,Illiterate,35040,14874,20166,6681,4644,2037,651,265,386,280,119,161,27708,9965,17743,2639,392,2247
B0103,19,801708,Madhyamgram (M),Urban,Literate,161087,83990,77097,58635,50248,8387,3744,2313,1431,1950,1256,694,98708,31429,67279,29434,9090,20344
B0103,19,801708,Madhyamgram (M),Urban,Literate but below matric/secondary,86850,42817,44033,27524,23670,3854,2287,1401,886,1168,766,402,57039,17746,39293,12512,3261,9251
B0103,19,801708,Madhyamgram (M),Urban,Matric/secondary but below graduate,40802,21696,19106,14531,12947,1584,850,544,306,457,299,158,25421,8205,17216,10174,3625,6549
B0103,19,801708,Madhyamgram (M),Urban,Technical diploma or certificate not equal to degree,987,882,105,577,537,40,12,8,4,4,1,3,398,337,61,162,130,32
B0103,19,801708,Madhyamgram (M),Urban,Graduate and above other than technical degree,25306,14775,10531,12831,10592,2239,402,248,154,223,132,91,12073,3935,8138,5154,1579,3575
B0103,19,801708,Madhyamgram (M),Urban,Technical degree or diploma equal to degree or post-graduate degree,2278,1577,701,1373,1071,302,26,14,12,7,3,4,879,492,387,451,239,212
B0103,19,801710,North Dum Dum (M),Urban,Total,249142,126279,122863,81231,69600,11631,6309,4137,2172,3796,2602,1194,161602,52542,109060,36190,12133,24057
B0103,19,801710,North Dum Dum (M),Urban,Illiterate,39178,17416,21762,6990,5093,1897,926,466,460,539,282,257,31262,11857,19405,2185,493,1692
B0103,19,801710,North Dum Dum (M),Urban,Literate,209964,108863,101101,74241,64507,9734,5383,3671,1712,3257,2320,937,130340,40685,89655,34005,11640,22365
B0103,19,801710,North Dum Dum (M),Urban,Literate but below matric/secondary,105454,50995,54459,31444,27444,4000,3115,2063,1052,1922,1354,568,70895,21488,49407,13267,3862,9405
B0103,19,801710,North Dum Dum (M),Urban,Matric/secondary but below graduate,58299,30764,27535,20089,18124,1965,1294,958,336,758,585,173,36916,11682,25234,12487,4782,7705
B0103,19,801710,North Dum Dum (M),Urban,Technical diploma or certificate not equal to degree,1149,1007,142,680,634,46,16,8,8,6,2,4,453,365,88,199,156,43
B0103,19,801710,North Dum Dum (M),Urban,Graduate and above other than technical degree,37752,21863,15889,18582,15526,3056,745,504,241,459,303,156,18425,5833,12592,6925,2341,4584
B0103,19,801710,North Dum Dum (M),Urban,Technical degree or diploma equal to degree or post-graduate degree,3090,2144,946,1871,1460,411,61,41,20,29,20,9,1158,643,515,569,331,238
B0103,19,801711,Kamarhati (M),Urban,Total,330211,170293,159918,95724,81659,14065,12391,7775,4616,6051,4096,1955,222096,80859,141237,55747,19814,35933
B0103,19,801711,Kamarhati (M),Urban,Illiterate,62944,28429,34515,10834,8502,2332,2051,1152,899,1023,644,379,50059,18775,31284,5793,1569,4224
B0103,19,801711,Kamarhati (M),Urban,Literate,267267,141864,125403,84890,73157,11733,10340,6623,3717,5028,3452,1576,172037,62084,109953,49954,18245,31709
B0103,19,801711,Kamarhati (M),Urban,Literate but below matric/secondary,130539,65753,64786,32644,28583,4061,5134,3335,1799,2769,1940,829,92761,33835,58926,18792,6205,12587
B0103,19,801711,Kamarhati (M),Urban,Matric/secondary but below graduate,72058,38800,33258,23927,21320,2607,2597,1667,930,1259,838,421,45534,15813,29721,17769,6775,10994
B0103,19,801711,Kamarhati (M),Urban,Technical diploma or certificate not equal to degree,1668,1483,185,935,867,68,58,50,8,18,15,3,675,566,109,271,216,55
B0103,19,801711,Kamarhati (M),Urban,Graduate and above other than technical degree,46846,27048,19798,21918,18014,3904,1740,1077,663,663,448,215,23188,7957,15231,9323,3311,6012
B0103,19,801711,Kamarhati (M),Urban,Technical degree or diploma equal to degree or post-graduate degree,3521,2389,1132,1916,1504,412,141,87,54,40,26,14,1464,798,666,700,415,285
B0103,19,801712,Baranagar (M),Urban,Total,245213,126187,119026,85177,71385,13792,6628,3754,2874,2961,1833,1128,153408,51048,102360,37332,12249,25083
B0103,19,801712,Baranagar (M),Urban,Illiterate,36434,16069,20365,7551,4905,2646,985,444,541,452,225,227,27898,10720,17178,2482,572,1910
B0103,19,801712,Baranagar (M),Urban,Literate,208779,110118,98661,77626,66480,11146,5643,3310,2333,2509,1608,901,125510,40328,85182,34850,11677,23173
B0103,19,801712,Baranagar (M),Urban,Literate but below matric/secondary,89439,45313,44126,28390,24768,3622,2432,1446,986,1099,734,365,58617,19099,39518,11962,3673,8289
B0103,19,801712,Baranagar (M),Urban,Matric/secondary but below graduate,58411,30442,27969,20291,18210,2081,1505,882,623,727,470,257,36615,11350,25265,12564,4580,7984
B0103,19,801712,Baranagar (M),Urban,Technical diploma or certificate not equal to degree,1424,1225,199,777,691,86,30,27,3,10,9,1,617,507,110,269,211,58
B0103,19,801712,Baranagar (M),Urban,Graduate and above other than technical degree,45491,25419,20072,22011,17956,4055,1110,651,459,450,262,188,22370,6812,15558,7863,2349,5514
B0103,19,801712,Baranagar (M),Urban,Technical degree or diploma equal to degree or post-graduate degree,4220,2855,1365,2506,1887,619,79,53,26,33,23,10,1635,915,720,757,421,336
B0103,19,801713,Dum Dum (M),Urban,Total,114786,58566,56220,36128,29639,6489,5176,2401,2775,2016,992,1024,73482,26526,46956,17609,7011,10598
B0103,19,801713,Dum Dum (M),Urban,Illiterate,16789,7949,8840,3081,1887,1194,544,190,354,199,76,123,13164,5872,7292,1337,695,642
B0103,19,801713,Dum Dum (M),Urban,Literate,97997,50617,47380,33047,27752,5295,4632,2211,2421,1817,916,901,60318,20654,39664,16272,6316,9956
B0103,19,801713,Dum Dum (M),Urban,Literate but below matric/secondary,36472,17420,19052,9101,7714,1387,1802,787,1015,718,356,362,25569,8919,16650,4718,1741,2977
B0103,19,801713,Dum Dum (M),Urban,Matric/secondary but below graduate,29457,15162,14295,9478,8382,1096,1300,651,649,549,284,265,18679,6129,12550,6309,2535,3774
B0103,19,801713,Dum Dum (M),Urban,Technical diploma or certificate not equal to degree,1018,889,129,577,535,42,45,35,10,10,8,2,396,319,77,145,114,31
B0103,19,801713,Dum Dum (M),Urban,Graduate and above other than technical degree,22896,12687,10209,10628,8631,1997,1024,503,521,392,190,202,11244,3553,7691,3827,1358,2469
B0103,19,801713,Dum Dum (M),Urban,Technical degree or diploma equal to degree or post-graduate degree,2391,1601,790,1421,1088,333,103,60,43,46,28,18,867,453,414,339,185,154
B0103,19,801714,South Dum Dum (M),Urban,Total,403316,202214,201102,144358,116166,28192,7386,3877,3509,3387,1956,1431,251572,82171,169401,60153,18069,42084
B0103,19,801714,South Dum Dum (M),Urban,Illiterate,58345,25386,32959,12136,7331,4805,988,382,606,402,181,221,45221,17673,27548,3574,743,2831
B0103,19,801714,South Dum Dum (M),Urban,Literate,344971,176828,168143,132222,108835,23387,6398,3495,2903,2985,1775,1210,206351,64498,141853,56579,17326,39253
B0103,19,801714,South Dum Dum (M),Urban,Literate but below matric/secondary,136341,64883,71458,41693,33951,7742,2687,1398,1289,1401,852,549,91961,29534,62427,19014,5254,13760
B0103,19,801714,South Dum Dum (M),Urban,Matric/secondary but below graduate,91225,45653,45572,30890,27027,3863,1546,834,712,755,448,307,58789,17792,40997,19843,6974,12869
B0103,19,801714,South Dum Dum (M),Urban,Technical diploma or certificate not equal to degree,3386,2909,477,1978,1782,196,45,40,5,18,15,3,1363,1087,276,475,349,126
B0103,19,801714,South Dum Dum (M),Urban,Graduate and above other than technical degree,92637,51040,41597,46439,37449,8990,1619,951,668,628,351,277,44579,12640,31939,14300,3635,10665
B0103,19,801714,South Dum Dum (M),Urban,Technical degree or diploma equal to degree or post-graduate degree,10305,6900,3405,6538,4940,1598,185,104,81,55,31,24,3582,1856,1726,1413,686,727
B0103,19,801715,Rajarhat Gopalpur (M),Urban,Total,402844,203911,198933,139310,113785,25525,9682,5065,4617,5146,2878,2268,253852,85061,168791,61512,18512,43000
B0103,19,801715,Rajarhat Gopalpur (M),Urban,Illiterate,73824,32959,40865,14945,9910,5035,1704,667,1037,880,371,509,57175,22382,34793,4666,910,3756
B0103,19,801715,Rajarhat Gopalpur (M),Urban,Literate,329020,170952,158068,124365,103875,20490,7978,4398,3580,4266,2507,1759,196677,62679,133998,56846,17602,39244
B0103,19,801715,Rajarhat Gopalpur (M),Urban,Literate but below matric/secondary,163531,80562,82969,51623,43073,8550,4514,2421,2093,2539,1488,1051,107394,35068,72326,23795,6602,17193
B0103,19,801715,Rajarhat Gopalpur (M),Urban,Matric/secondary but below graduate,80753,41976,38777,29028,25617,3411,1659,980,679,898,560,338,50066,15379,34687,18897,6707,12190
B0103,19,801715,Rajarhat Gopalpur (M),Urban,Technical diploma or certificate not equal to degree,2152,1843,309,1279,1136,143,35,34,1,12,12,0,838,673,165,318,236,82
B0103,19,801715,Rajarhat Gopalpur (M),Urban,Graduate and above other than technical degree,64747,36236,28511,32978,26744,6234,1315,716,599,594,314,280,30454,8776,21678,11194,3084,8110
B0103,19,801715,Rajarhat Gopalpur (M),Urban,Technical degree or diploma equal to degree or post-graduate degree,8435,5787,2648,5580,4278,1302,130,81,49,54,34,20,2725,1428,1297,1209,621,588
B0103,19,801716,Bidhan Nagar (M),Urban,Total,215514,109014,106500,74938,56306,18632,9651,4718,4933,4067,2154,1913,130925,47990,82935,26712,9985,16727
B0103,19,801716,Bidhan Nagar (M),Urban,Illiterate,36243,15664,20579,9131,5288,3843,1902,657,1245,959,380,579,25210,9719,15491,2942,747,2195
B0103,19,801716,Bidhan Nagar (M),Urban,Literate,179271,93350,85921,65807,51018,14789,7749,4061,3688,3108,1774,1334,105715,38271,67444,23770,9238,14532
B0103,19,801716,Bidhan Nagar (M),Urban,Literate but below matric/secondary,62625,31892,30733,18948,15023,3925,3152,1595,1557,1533,860,673,40525,15274,25251,7863,2685,5178
B0103,19,801716,Bidhan Nagar (M),Urban,Matric/secondary but below graduate,39199,19368,19831,11947,10073,1874,1544,849,695,681,438,243,25708,8446,17262,7618,3258,4360
B0103,19,801716,Bidhan Nagar (M),Urban,Technical diploma or certificate not equal to degree,1813,1428,385,848,709,139,73,60,13,17,12,5,892,659,233,300,179,121
B0103,19,801716,Bidhan Nagar (M),Urban,Graduate and above other than technical degree,53396,27157,26239,23564,17600,5964,1758,846,912,406,193,213,28074,8711,19363,5517,1914,3603
B0103,19,801716,Bidhan Nagar (M),Urban,Technical degree or diploma equal to degree or post-graduate degree,12467,8599,3868,7146,5249,1897,453,299,154,87,43,44,4868,3051,1817,1149,682,467
B0103,19,801718,Basirhat (M),Urban,Total,125254,63223,62031,40064,35217,4847,2987,1878,1109,1726,1142,584,82203,26128,56075,27367,7378,19989
B0103,19,801718,Basirhat (M),Urban,Illiterate,25621,11179,14442,4771,3696,1075,641,350,291,312,179,133,20209,7133,13076,2320,336,1984
B0103,19,801718,Basirhat (M),Urban,Literate,99633,52044,47589,35293,31521,3772,2346,1528,818,1414,963,451,61994,18995,42999,25047,7042,18005
B0103,19,801718,Basirhat (M),Urban,Literate but below matric/secondary,62819,30899,31920,19819,17784,2035,1648,1048,600,981,653,328,41352,12067,29285,13171,2947,10224
B0103,19,801718,Basirhat (M),Urban,Matric/secondary but below graduate,13153,7120,6033,3898,3500,398,210,140,70,144,98,46,9045,3480,5565,5419,2144,3275
B0103,19,801718,Basirhat (M),Urban,Technical diploma or certificate not equal to degree,326,249,77,217,176,41,7,5,2,3,2,1,102,68,34,45,23,22
B0103,19,801718,Basirhat (M),Urban,Graduate and above other than technical degree,19335,11581,7754,9636,8598,1038,381,267,114,240,178,62,9318,2716,6602,5337,1559,3778
B0103,19,801718,Basirhat (M),Urban,Technical degree or diploma equal to degree or post-graduate degree,702,502,200,418,348,70,7,5,2,2,1,1,277,149,128,203,111,92
B0103,19,801720,Bansberia (M),Urban,Total,103920,53760,50160,31259,27106,4153,5161,3413,1748,3632,2426,1206,67500,23241,44259,16173,5808,10365
B0103,19,801720,Bansberia (M),Urban,Illiterate,23619,9892,13727,4209,3093,1116,836,412,424,479,242,237,18574,6387,12187,1505,354,1151
B0103,19,801720,Bansberia (M),Urban,Literate,80301,43868,36433,27050,24013,3037,4325,3001,1324,3153,2184,969,48926,16854,32072,14668,5454,9214
B0103,19,801720,Bansberia (M),Urban,Literate but below matric/secondary,50121,26385,23736,15143,13447,1696,2796,1960,836,1981,1393,588,32182,10978,21204,6976,2302,4674
B0103,19,801720,Bansberia (M),Urban,Matric/secondary but below graduate,18098,10149,7949,6151,5562,589,907,639,268,726,502,224,11040,3948,7092,5078,2127,2951
B0103,19,801720,Bansberia (M),Urban,Technical diploma or certificate not equal to degree,259,228,31,129,123,6,9,7,2,7,6,1,121,98,23,77,60,17
B0103,19,801720,Bansberia (M),Urban,Graduate and above other than technical degree,7986,4823,3163,3937,3377,560,333,205,128,270,156,114,3716,1241,2475,1883,692,1191
B0103,19,801720,Bansberia (M),Urban,Technical degree or diploma equal to degree or post-graduate degree,580,441,139,357,296,61,27,19,8,24,18,6,196,126,70,124,82,42
B0103,19,801721,Hugli-Chinsurah (M+OG),Urban,Total,179931,90217,89714,61730,49380,12350,7264,4005,3259,5166,2762,2404,110937,36832,74105,31871,9496,22375
B0103,19,801721,Hugli-Chinsurah (M+OG),Urban,Illiterate,27598,11600,15998,6008,3462,2546,896,425,471,527,250,277,20694,7713,12981,1857,372,1485
B0103,19,801721,Hugli-Chinsurah (M+OG),Urban,Literate,152333,78617,73716,55722,45918,9804,6368,3580,2788,4639,2512,2127,90243,29119,61124,30014,9124,20890
B0103,19,801721,Hugli-Chinsurah (M+OG),Urban,Literate but below matric/secondary,74754,36189,38565,24267,19895,4372,3232,1855,1377,2336,1312,1024,47255,14439,32816,12316,3176,9140
B0103,19,801721,Hugli-Chinsurah (M+OG),Urban,Matric/secondary but below graduate,40148,20811,19337,13235,11428,1807,1714,941,773,1296,678,618,25199,8442,16757,10616,3700,6916
B0103,19,801721,Hugli-Chinsurah (M+OG),Urban,Technical diploma or certificate not equal to degree,1279,1147,132,716,664,52,38,32,6,24,18,6,525,451,74,216,170,46
B0103,19,801721,Hugli-Chinsurah (M+OG),Urban,Graduate and above other than technical degree,28706,16164,12542,13889,11144,2745,1050,561,489,771,378,393,13767,4459,9308,5731,1615,4116
B0103,19,801721,Hugli-Chinsurah (M+OG),Urban,Technical degree or diploma equal to degree or post-graduate degree,2530,1775,755,1578,1183,395,77,49,28,47,34,13,875,543,332,407,233,174
B0103,19,801722,Chandannagar (M Corp.),Urban,Total,166867,84009,82858,54439,45926,8513,5769,3218,2551,4261,2462,1799,106659,34865,71794,25706,7858,17848
B0103,19,801722,Chandannagar (M Corp.),Urban,Illiterate,27862,11989,15873,5880,3914,1966,1086,529,557,721,374,347,20896,7546,13350,1493,307,1186
B0103,19,801722,Chandannagar (M Corp.),Urban,Literate,139005,72020,66985,48559,42012,6547,4683,2689,1994,3540,2088,1452,85763,27319,58444,24213,7551,16662
B0103,19,801722,Chandannagar (M Corp.),Urban,Literate but below matric/secondary,69603,34270,35333,21351,18682,2669,2679,1631,1048,2017,1273,744,45573,13957,31616,9467,2577,6890
B0103,19,801722,Chandannagar (M Corp.),Urban,Matric/secondary but below graduate,34567,17513,17054,10631,9616,1015,1171,623,548,919,493,426,22765,7274,15491,8646,3109,5537
B0103,19,801722,Chandannagar (M Corp.),Urban,Technical diploma or certificate not equal to degree,947,813,134,502,458,44,16,13,3,12,9,3,429,342,87,130,85,45
B0103,19,801722,Chandannagar (M Corp.),Urban,Graduate and above other than technical degree,28067,15906,12161,13167,10916,2251,656,317,339,475,236,239,14244,4673,9571,5174,1476,3698
B0103,19,801722,Chandannagar (M Corp.),Urban,Technical degree or diploma equal to degree or post-graduate degree,2866,2036,830,1732,1360,372,49,33,16,35,25,10,1085,643,442,416,222,194
B0103,19,801725,Bhadreswar (M),Urban,Total,101477,53330,48147,31938,28023,3915,3372,2192,1180,2356,1547,809,66167,23115,43052,17844,5919,11925
B0103,19,801725,Bhadreswar (M),Urban,Illiterate,21979,9230,12749,3776,2787,989,646,318,328,373,192,181,17557,6125,11432,1533,295,1238
B0103,19,801725,Bhadreswar (M),Urban,Literate,79498,44100,35398,28162,25236,2926,2726,1874,852,1983,1355,628,48610,16990,31620,16311,5624,10687
B0103,19,801725,Bhadreswar (M),Urban,Literate but below matric/secondary,50769,27163,23606,16384,14787,1597,1842,1277,565,1310,910,400,32543,11099,21444,8266,2534,5732
B0103,19,801725,Bhadreswar (M),Urban,Matric/secondary but below graduate,17784,10142,7642,6326,5782,544,568,389,179,451,302,149,10890,3971,6919,5547,2227,3320
B0103,19,801725,Bhadreswar (M),Urban,Technical diploma or certificate not equal to degree,306,273,33,155,150,5,17,14,3,13,11,2,134,109,25,69,56,13
B0103,19,801725,Bhadreswar (M),Urban,Graduate and above other than technical degree,8723,5386,3337,4430,3779,651,207,136,71,143,90,53,4086,1471,2615,2104,687,1417
B0103,19,801725,Bhadreswar (M),Urban,Technical degree or diploma equal to degree or post-graduate degree,502,357,145,304,241,63,7,4,3,7,4,3,191,112,79,106,61,45
B0103,19,801726,Champdani (M),Urban,Total,111251,59350,51901,32170,29499,2671,3045,2283,762,1934,1500,434,76036,27568,48468,14160,5762,8398
B0103,19,801726,Champdani (M),Urban,Illiterate,30263,12979,17284,5012,4208,804,613,412,201,327,237,90,24638,8359,16279,1692,433,1259
B0103,19,801726,Champdani (M),Urban,Literate,80988,46371,34617,27158,25291,1867,2432,1871,561,1607,1263,344,51398,19209,32189,12468,5329,7139
B0103,19,801726,Champdani (M),Urban,Literate but below matric/secondary,54995,30420,24575,16278,15357,921,1639,1302,337,1078,884,194,37078,13761,23317,6541,2712,3829
B0103,19,801726,Champdani (M),Urban,Matric/secondary but below graduate,17195,10329,6866,6443,6058,385,549,403,146,379,279,100,10203,3868,6335,4058,1843,2215
B0103,19,801726,Champdani (M),Urban,Technical diploma or certificate not equal to degree,156,146,10,84,81,3,2,2,0,2,2,0,70,63,7,33,29,4
B0103,19,801726,Champdani (M),Urban,Graduate and above other than technical degree,6730,4351,2379,3529,3080,449,156,102,54,99,63,36,3045,1169,1876,1492,598,894
B0103,19,801726,Champdani (M),Urban,Technical degree or diploma equal to degree or post-graduate degree,437,303,134,270,205,65,6,3,3,3,2,1,161,95,66,95,53,42
B0103,19,801727,Baidyabati (M),Urban,Total,121110,62485,58625,41298,34924,6374,6208,3251,2957,4292,2166,2126,73604,24310,49294,19034,5923,13111
B0103,19,801727,Baidyabati (M),Urban,Illiterate,22182,10340,11842,5066,3562,1504,941,459,482,577,289,288,16175,6319,9856,1890,653,1237
B0103,19,801727,Baidyabati (M),Urban,Literate,98928,52145,46783,36232,31362,4870,5267,2792,2475,3715,1877,1838,57429,17991,39438,17144,5270,11874
B0103,19,801727,Baidyabati (M),Urban,Literate but below matric/secondary,52045,25891,26154,16702,14394,2308,2743,1485,1258,1888,1007,881,32600,10012,22588,7667,2103,5564
B0103,19,801727,Baidyabati (M),Urban,Matric/secondary but below graduate,25107,13373,11734,8854,7985,869,1419,731,688,1087,528,559,14834,4657,10177,5841,2046,3795
B0103,19,801727,Baidyabati (M),Urban,Technical diploma or certificate not equal to degree,582,516,66,346,325,21,13,10,3,7,5,2,223,181,42,101,80,21
B0103,19,801727,Baidyabati (M),Urban,Graduate and above other than technical degree,16046,9454,6592,8047,6794,1253,786,375,411,547,230,317,7213,2285,4928,2793,760,2033
B0103,19,801727,Baidyabati (M),Urban,Technical degree or diploma equal to degree or post-graduate degree,1178,857,321,716,573,143,53,39,14,27,19,8,409,245,164,205,125,80
B0103,19,801728,Serampore (M),Urban,Total,181842,93694,88148,57215,48794,8421,7744,4562,3182,5283,2920,2363,116883,40338,76545,30351,9245,21106
B0103,19,801728,Serampore (M),Urban,Illiterate,33201,14426,18775,5876,4293,1583,1057,495,562,644,279,365,26268,9638,16630,2820,643,2177
B0103,19,801728,Serampore (M),Urban,Literate,148641,79268,69373,51339,44501,6838,6687,4067,2620,4639,2641,1998,90615,30700,59915,27531,8602,18929
B0103,19,801728,Serampore (M),Urban,Literate but below matric/secondary,70201,35296,34905,19219,16998,2221,3143,1913,1230,2215,1305,910,47839,16385,31454,11002,3124,7878
B0103,19,801728,Serampore (M),Urban,Matric/secondary but below graduate,40061,21534,18527,13494,12062,1432,1940,1175,765,1427,796,631,24627,8297,16330,9912,3540,6372
B0103,19,801728,Serampore (M),Urban,Technical diploma or certificate not equal to degree,994,879,115,555,517,38,43,35,8,23,17,6,396,327,69,181,144,37
B0103,19,801728,Serampore (M),Urban,Graduate and above other than technical degree,27669,16045,11624,13827,11425,2402,1090,641,449,708,370,338,12752,3979,8773,4891,1299,3592
B0103,19,801728,Serampore (M),Urban,Technical degree or diploma equal to degree or post-graduate degree,2391,1661,730,1480,1145,335,92,68,24,51,34,17,819,448,371,376,200,176
B0103,19,801729,Rishra (M),Urban,Total,124577,66606,57971,38349,34930,3419,4122,2243,1879,3001,1550,1451,82106,29433,52673,19273,6638,12635
B0103,19,801729,Rishra (M),Urban,Illiterate,25824,11542,14282,4026,3395,631,492,232,260,311,154,157,21306,7915,13391,2024,433,1591
B0103,19,801729,Rishra (M),Urban,Literate,98753,55064,43689,34323,31535,2788,3630,2011,1619,2690,1396,1294,60800,21518,39282,17249,6205,11044
B0103,19,801729,Rishra (M),Urban,Literate but below matric/secondary,54192,28324,25868,14831,13771,1060,1766,993,773,1301,702,599,37595,13560,24035,7783,2536,5247
B0103,19,801729,Rishra (M),Urban,Matric/secondary but below graduate,26974,15552,11422,10249,9584,665,1153,618,535,893,449,444,15572,5350,10222,6430,2575,3855
B0103,19,801729,Rishra (M),Urban,Technical diploma or certificate not equal to degree,430,383,47,233,222,11,21,18,3,12,9,3,176,143,33,92,72,20
B0103,19,801729,Rishra (M),Urban,Graduate and above other than technical degree,13646,8765,4881,7439,6599,840,521,281,240,373,175,198,5686,1885,3801,2354,798,1556
B0103,19,801729,Rishra (M),Urban,Technical degree or diploma equal to degree or post-graduate degree,939,687,252,574,471,103,45,29,16,30,19,11,320,187,133,163,97,66
B0103,19,801732,Uttarpara Kotrung (M),Urban,Total,159147,81410,77737,54735,44685,10050,4467,2503,1964,2927,1594,1333,99945,34222,65723,21060,6547,14513
B0103,19,801732,Uttarpara Kotrung (M),Urban,Illiterate,25537,11502,14035,5815,3416,2399,1320,781,539,722,434,288,18402,7305,11097,1018,199,819
B0103,19,801732,Uttarpara Kotrung (M),Urban,Literate,133610,69908,63702,48920,41269,7651,3147,1722,1425,2205,1160,1045,81543,26917,54626,20042,6348,13694
B0103,19,801732,Uttarpara Kotrung (M),Urban,Literate but below matric/secondary,55564,26807,28757,15948,13262,2686,1516,892,624,1021,611,410,38100,12653,25447,6408,1909,4499
B0103,19,801732,Uttarpara Kotrung (M),Urban,Matric/secondary but below graduate,37681,19374,18307,12542,11194,1348,849,427,422,654,314,340,24290,7753,16537,7595,2673,4922
B0103,19,801732,Uttarpara Kotrung (M),Urban,Technical diploma or certificate not equal to degree,1331,1166,165,752,682,70,24,22,2,20,18,2,555,462,93,182,133,49
B0103,19,801732,Uttarpara Kotrung (M),Urban,Graduate and above other than technical degree,32606,18796,13810,16480,13615,2865,582,279,303,404,159,245,15544,4902,10642,5004,1293,3711
B0103,19,801732,Uttarpara Kotrung (M),Urban,Technical degree or diploma equal to degree or post-graduate degree,3167,2185,982,1930,1501,429,52,24,28,34,13,21,1185,660,525,452,240,212
B0103,19,801733,Bankura (M),Urban,Total,137386,69843,67543,41358,33988,7370,8136,4751,3385,5648,3435,2213,87892,31104,56788,22106,8053,14053
B0103,19,801733,Bankura (M),Urban,Illiterate,29529,11665,17864,5582,3203,2379,1536,537,999,920,343,577,22411,7925,14486,2212,466,1746
B0103,19,801733,Bankura (M),Urban,Literate,107857,58178,49679,35776,30785,4991,6600,4214,2386,4728,3092,1636,65481,23179,42302,19894,7587,12307
B0103,19,801733,Bankura (M),Urban,Literate but below matric/secondary,55725,28020,27705,15501,13446,2055,3440,2206,1234,2435,1637,798,36784,12368,24416,7689,2464,5225
B0103,19,801733,Bankura (M),Urban,Matric/secondary but below graduate,26327,14183,12144,7892,7026,866,1580,1003,577,1224,778,446,16855,6154,10701,7057,2979,4078
B0103,19,801733,Bankura (M),Urban,Technical diploma or certificate not equal to degree,807,675,132,442,377,65,37,32,5,29,25,4,328,266,62,173,139,34
B0103,19,801733,Bankura (M),Urban,Graduate and above other than technical degree,16848,10568,6280,8420,7036,1384,952,604,348,659,406,253,7476,2928,4548,3469,1342,2127
B0103,19,801733,Bankura (M),Urban,Technical degree or diploma equal to degree or post-graduate degree,2234,1753,481,1335,1099,236,102,73,29,61,43,18,797,581,216,439,311,128
B0103,19,801738,Puruliya (M),Urban,Total,121067,62351,58716,33182,27585,5597,7378,4317,3061,5410,3185,2225,80507,30449,50058,20701,7930,12771
B0103,19,801738,Puruliya (M),Urban,Illiterate,32067,12986,19081,5593,3678,1915,1679,674,1005,1210,489,721,24795,8634,16161,3388,709,2679
B0103,19,801738,Puruliya (M),Urban,Literate,89000,49365,39635,27589,23907,3682,5699,3643,2056,4200,2696,1504,55712,21815,33897,17313,7221,10092
B0103,19,801738,Puruliya (M),Urban,Literate but below matric/secondary,46985,24664,22321,11415,10149,1266,2986,2004,982,2189,1486,703,32584,12511,20073,7608,2890,4718
B0103,19,801738,Puruliya (M),Urban,Matric/secondary but below graduate,22215,12261,9954,6589,5780,809,1439,868,571,1118,668,450,14187,5613,8574,6011,2740,3271
B0103,19,801738,Puruliya (M),Urban,Technical diploma or certificate not equal to degree,654,561,93,341,304,37,41,35,6,24,20,4,272,222,50,119,92,27
B0103,19,801738,Puruliya (M),Urban,Graduate and above other than technical degree,13536,8637,4899,7117,5978,1139,781,482,299,544,339,205,5638,2177,3461,2611,1073,1538
B0103,19,801738,Puruliya (M),Urban,Technical degree or diploma equal to degree or post-graduate degree,1257,944,313,775,610,165,52,38,14,36,27,9,430,296,134,199,135,64
B0103,19,801739,Bally (M),Urban,Total,293373,156911,136462,94919,82003,12916,13233,7213,6020,7333,3783,3550,185221,67695,117526,41220,13548,27672
B0103,19,801739,Bally (M),Urban,Illiterate,59671,27843,31828,10123,8067,2056,1618,794,824,771,380,391,47930,18982,28948,3850,885,2965
B0103,19,801739,Bally (M),Urban,Literate,233702,129068,104634,84796,73936,10860,11615,6419,5196,6562,3403,3159,137291,48713,88578,37370,12663,24707
B0103,19,801739,Bally (M),Urban,Literate but below matric/secondary,116449,60737,55712,34595,30022,4573,5211,2969,2242,2807,1542,1265,76643,27746,48897,15737,4792,10945
B0103,19,801739,Bally (M),Urban,Matric/secondary but below graduate,67079,38175,28904,25486,22943,2543,3661,1948,1713,2249,1129,1120,37932,13284,24648,14094,5414,8680
B0103,19,801739,Bally (M),Urban,Technical diploma or certificate not equal to degree,1408,1231,177,712,638,74,79,64,15,43,33,10,617,529,88,202,154,48
B0103,19,801739,Bally (M),Urban,Graduate and above other than technical degree,33759,20524,13235,17697,15036,2661,1777,920,857,1000,441,559,14285,4568,9717,5046,1574,3472
B0103,19,801739,Bally (M),Urban,Technical degree or diploma equal to degree or post-graduate degree,2341,1646,695,1329,1046,283,123,78,45,70,42,28,889,522,367,342,194,148
B0103,19,801740,Haora (M Corp.),Urban,Total,1077075,561220,515855,358922,316146,42776,38126,20454,17672,22816,12112,10704,680027,224620,455407,132243,43918,88325
B0103,19,801740,Haora (M Corp.),Urban,Illiterate,202584,93194,109390,38995,31128,7867,5533,2614,2919,2835,1409,1426,158056,59452,98604,11581,2787,8794
B0103,19,801740,Haora (M Corp.),Urban,Literate,874491,468026,406465,319927,285018,34909,32593,17840,14753,19981,10703,9278,521971,165168,356803,120662,41131,79531
B0103,19,801740,Haora (M Corp.),Urban,Literate but below matric/secondary,431968,219355,212613,129670,116479,13191,15929,8763,7166,9381,5248,4133,286369,94113,192256,46933,14494,32439
B0103,19,801740,Haora (M Corp.),Urban,Matric/secondary but below graduate,252872,136820,116052,94123,86229,7894,9528,5277,4251,6247,3278,2969,149221,45314,103907,46713,17675,29038
B0103,19,801740,Haora (M Corp.),Urban,Technical diploma or certificate not equal to degree,4641,4039,602,2758,2552,206,147,121,26,94,77,17,1736,1366,370,747,564,183
B0103,19,801740,Haora (M Corp.),Urban,Graduate and above other than technical degree,141250,84030,57220,74048,63705,10343,4874,2530,2344,3069,1459,1610,62328,17795,44533,20612,6404,14208
B0103,19,801740,Haora (M Corp.),Urban,Technical degree or diploma equal to degree or post-graduate degree,10240,6971,3269,6238,4837,1401,354,214,140,213,125,88,3648,1920,1728,1566,830,736
B0103,19,801741,Uluberia (M+OG),Urban,Total,235345,120741,114604,68507,59596,8911,13160,8584,4576,8293,5760,2533,153678,52561,101117,34215,10210,24005
B0103,19,801741,Uluberia (M+OG),Urban,Illiterate,69221,31637,37584,13188,10831,2357,3190,1862,1328,1770,1153,617,52843,18944,33899,4988,964,4024
B0103,19,801741,Uluberia (M+OG),Urban,Literate,166124,89104,77020,55319,48765,6554,9970,6722,3248,6523,4607,1916,100835,33617,67218,29227,9246,19981
B0103,19,801741,Uluberia (M+OG),Urban,Literate but below matric/secondary,120138,63022,57116,37323,32970,4353,7678,5128,2550,4867,3431,1436,75137,24924,50213,17026,4833,12193
B0103,19,801741,Uluberia (M+OG),Urban,Matric/secondary but below graduate,27987,15328,12659,9436,8537,899,1347,938,409,991,706,285,17204,5853,11351,8148,3000,5148
B0103,19,801741,Uluberia (M+OG),Urban,Technical diploma or certificate not equal to degree,273,234,39,162,139,23,7,7,0,5,5,0,104,88,16,60,51,9
B0103,19,801741,Uluberia (M+OG),Urban,Graduate and above other than technical degree,10628,6691,3937,5496,4638,858,406,286,120,307,206,101,4726,1767,2959,2845,1011,1834
B0103,19,801741,Uluberia (M+OG),Urban,Technical degree or diploma equal to degree or post-graduate degree,756,543,213,450,372,78,21,16,5,14,9,5,285,155,130,172,101,71
B0103,19,801742,Kolkata (M Corp.),Urban,Total,4496694,2356766,2139928,1576419,1294266,282153,219321,118200,101121,140212,73935,66277,2700954,944300,1756654,592928,206066,386862
B0103,19,801742,Kolkata (M Corp.),Urban,Illiterate,908557,429851,478706,223671,163435,60236,39832,21331,18501,24230,13556,10674,645054,245085,399969,67657,19654,48003
B0103,19,801742,Kolkata (M Corp.),Urban,Literate,3588137,1926915,1661222,1352748,1130831,221917,179489,96869,82620,115982,60379,55603,2055900,699215,1356685,525271,186412,338859
B0103,19,801742,Kolkata (M Corp.),Urban,Literate but below matric/secondary,1609614,838656,770958,506654,434965,71689,77340,42912,34428,50691,27962,22729,1025620,360779,664841,204092,67637,136455
B0103,19,801742,Kolkata (M Corp.),Urban,Matric/secondary but below graduate,942378,500341,442037,337152,294689,42463,49520,26272,23248,34392,17592,16800,555706,179380,376326,184834,71319,113515
B0103,19,801742,Kolkata (M Corp.),Urban,Technical diploma or certificate not equal to degree,25603,21683,3920,14089,12596,1493,1150,909,241,660,490,170,10364,8178,2186,3280,2354,926
B0103,19,801742,Kolkata (M Corp.),Urban,Graduate and above other than technical degree,741018,410304,330714,372847,293139,79708,34490,17038,17452,20451,8827,11624,333681,100127,233554,98876,30633,68243
B0103,19,801742,Kolkata (M Corp.),Urban,Technical degree or diploma equal to degree or post-graduate degree,77458,51311,26147,46574,34575,11999,3480,2055,1425,1905,1054,851,27404,14681,12723,9482,4961,4521
B0103,19,801743,Maheshtala (M),Urban,Total,448317,229693,218624,141391,124157,17234,21644,12076,9568,14361,8208,6153,285282,93460,191822,62750,18141,44609
B0103,19,801743,Maheshtala (M),Urban,Illiterate,118504,53558,64946,24528,19866,4662,4722,2188,2534,2825,1380,1445,89254,31504,57750,9125,1785,7340
B0103,19,801743,Maheshtala (M),Urban,Literate,329813,176135,153678,116863,104291,12572,16922,9888,7034,11536,6828,4708,196028,61956,134072,53625,16356,37269
B0103,19,801743,Maheshtala (M),Urban,Literate but below matric/secondary,212176,110287,101889,68753,62117,6636,10983,6417,4566,7253,4411,2842,132440,41753,90687,27979,7667,20312
B0103,19,801743,Maheshtala (M),Urban,Matric/secondary but below graduate,72894,39479,33415,26140,23671,2469,3701,2138,1563,2753,1541,1212,43053,13670,29383,17150,6003,11147
B0103,19,801743,Maheshtala (M),Urban,Technical diploma or certificate not equal to degree,981,840,141,554,490,64,42,37,5,21,17,4,385,313,72,176,141,35
B0103,19,801743,Maheshtala (M),Urban,Graduate and above other than technical degree,31393,18706,12687,16209,13545,2664,1537,902,635,1090,600,490,13647,4259,9388,6290,1924,4366
B0103,19,801743,Maheshtala (M),Urban,Technical degree or diploma equal to degree or post-graduate degree,1854,1233,621,1093,842,251,75,48,27,52,33,19,686,343,343,362,177,185
B0103,19,801746,Rajpur Sonarpur (M),Urban,Total,424368,215405,208963,136118,111061,25057,30211,15542,14669,20534,10389,10145,258039,88802,169237,67530,20153,47377
B0103,19,801746,Rajpur Sonarpur (M),Urban,Illiterate,73647,31487,42160,12743,8186,4557,3827,1555,2272,2173,870,1303,57077,21746,35331,5317,930,4387
B0103,19,801746,Rajpur Sonarpur (M),Urban,Literate,350721,183918,166803,123375,102875,20500,26384,13987,12397,18361,9519,8842,200962,67056,133906,62213,19223,42990
B0103,19,801746,Rajpur Sonarpur (M),Urban,Literate but below matric/secondary,169645,83804,85841,49370,41549,7821,12507,6726,5781,8537,4614,3923,107768,35529,72239,24728,6103,18625
B0103,19,801746,Rajpur Sonarpur (M),Urban,Matric/secondary but below graduate,90648,48048,42600,30564,26621,3943,6919,3641,3278,5080,2574,2506,53165,17786,35379,21675,7948,13727
B0103,19,801746,Rajpur Sonarpur (M),Urban,Technical diploma or certificate not equal to degree,2538,2202,336,1392,1257,135,139,112,27,95,76,19,1007,833,174,372,297,75
B0103,19,801746,Rajpur Sonarpur (M),Urban,Graduate and above other than technical degree,62393,36005,26388,30921,24772,6149,4532,2292,2240,3138,1462,1676,26940,8941,17999,11314,3467,7847
B0103,19,801746,Rajpur Sonarpur (M),Urban,Technical degree or diploma equal to degree or post-graduate degree,6314,4394,1920,3854,2986,868,397,242,155,261,158,103,2063,1166,897,951,535,416
B0103,19,801755,Medinipur (M),Urban,Total,169264,84977,84287,52745,42836,9909,7263,4361,2902,5111,3184,1927,109256,37780,71476,31103,10057,21046
B0103,19,801755,Medinipur (M),Urban,Illiterate,32131,13430,18701,5984,3437,2547,1254,561,693,721,346,375,24893,9432,15461,2753,567,2186
B0103,19,801755,Medinipur (M),Urban,Literate,137133,71547,65586,46761,39399,7362,6009,3800,2209,4390,2838,1552,84363,28348,56015,28350,9490,18860
B0103,19,801755,Medinipur (M),Urban,Literate but below matric/secondary,68121,33323,34798,18894,16248,2646,3497,2304,1193,2529,1730,799,45730,14771,30959,10757,2964,7793
B0103,19,801755,Medinipur (M),Urban,Matric/secondary but below graduate,36307,18488,17819,11412,9912,1500,1383,800,583,1034,597,437,23512,7776,15736,10469,3827,6642
B0103,19,801755,Medinipur (M),Urban,Technical diploma or certificate not equal to degree,1048,893,155,614,549,65,31,22,9,25,17,8,403,322,81,157,109,48
B0103,19,801755,Medinipur (M),Urban,Graduate and above other than technical degree,24876,14601,10275,12525,10108,2417,794,482,312,605,365,240,11557,4011,7546,5650,1931,3719
B0103,19,801755,Medinipur (M),Urban,Technical degree or diploma equal to degree or post-graduate degree,3622,2642,980,2175,1725,450,96,67,29,67,45,22,1351,850,501,765,483,282
B0103,19,801757,Kharagpur (M),Urban,Total,207604,106559,101045,54843,46053,8790,13769,8199,5570,9433,5685,3748,138992,52307,86685,34967,12200,22767
B0103,19,801757,Kharagpur (M),Urban,Illiterate,45863,19338,26525,7571,5209,2362,2612,1248,1364,1528,755,773,35680,12881,22799,3831,859,2972
B0103,19,801757,Kharagpur (M),Urban,Literate,161741,87221,74520,47272,40844,6428,11157,6951,4206,7905,4930,2975,103312,39426,63886,31136,11341,19795
B0103,19,801757,Kharagpur (M),Urban,Literate but below matric/secondary,77126,38283,38843,18659,16297,2362,5449,3469,1980,3757,2478,1279,53018,18517,34501,11676,3865,7811
B0103,19,801757,Kharagpur (M),Urban,Matric/secondary but below graduate,46097,25020,21077,14401,12765,1636,3281,2059,1222,2456,1499,957,28415,10196,18219,11821,4636,7185
B0103,19,801757,Kharagpur (M),Urban,Technical diploma or certificate not equal to degree,1288,1104,184,751,680,71,79,59,20,48,35,13,458,365,93,216,168,48
B0103,19,801757,Kharagpur (M),Urban,Graduate and above other than technical degree,21531,12069,9462,9707,8024,1683,1396,809,587,983,542,441,10428,3236,7192,4885,1479,3406
B0103,19,801757,Kharagpur (M),Urban,Technical degree or diploma equal to degree or post-graduate degree,3350,2442,908,1545,1245,300,164,102,62,96,58,38,1641,1095,546,669,381,288
B0103,19,801760,Haldia (M),Urban,Total,200827,104841,95986,50792,46004,4788,10424,8473,1951,8161,6778,1383,139611,50364,89247,32808,11056,21752
B0103,19,801760,Haldia (M),Urban,Illiterate,42447,17507,24940,4256,3255,1001,1676,1091,585,1266,900,366,36515,13161,23354,3084,478,2606
B0103,19,801760,Haldia (M),Urban,Literate,158380,87334,71046,46536,42749,3787,8748,7382,1366,6895,5878,1017,103096,37203,65893,29724,10578,19146
B0103,19,801760,Haldia (M),Urban,Literate but below matric/secondary,100924,52433,48491,24331,22792,1539,6453,5528,925,5013,4369,644,70140,24113,46027,15306,4720,10586
B0103,19,801760,Haldia (M),Urban,Matric/secondary but below graduate,35007,20836,14171,10958,10254,704,1639,1377,262,1348,1123,225,22410,9205,13205,9589,4103,5486
B0103,19,801760,Haldia (M),Urban,Technical diploma or certificate not equal to degree,1511,1405,106,620,584,36,12,11,1,11,10,1,879,810,69,239,199,40
B0103,19,801760,Haldia (M),Urban,Graduate and above other than technical degree,14530,8456,6074,7429,6339,1090,369,253,116,307,202,105,6732,1864,4868,3481,1075,2406
B0103,19,801760,Haldia (M),Urban,Technical degree or diploma equal to degree or post-graduate degree,2957,2328,629,1831,1547,284,37,27,10,29,23,6,1089,754,335,476,299,177
B0103,20,362723,Bokaro Steel City (CT),Urban,Total,414820,219646,195174,94194,81578,12616,22856,15435,7421,13835,10545,3290,297770,122633,175137,38430,20412,18018
B0103,20,362723,Bokaro Steel City (CT),Urban,Illiterate,111037,45124,65913,12711,8635,4076,6442,2943,3499,3217,1871,1346,91884,33546,58338,3613,957,2656
B0103,20,362723,Bokaro Steel City (CT),Urban,Literate,303783,174522,129261,81483,72943,8540,16414,12492,3922,10618,8674,1944,205886,89087,116799,34817,19455,15362
B0103,20,362723,Bokaro Steel City (CT),Urban,Literate but below matric/secondary,132522,67883,64639,21600,19391,2209,7076,5347,1729,4345,3654,691,103846,43145,60701,6172,2819,3353
B0103,20,362723,Bokaro Steel City (CT),Urban,Matric/secondary but below graduate,98297,59273,39024,28243,26315,1928,5549,4449,1100,3740,3152,588,64505,28509,35996,14326,8384,5942
B0103,20,362723,Bokaro Steel City (CT),Urban,Technical diploma or certificate not equal to degree,5057,4488,569,2372,2182,190,202,178,24,139,126,13,2483,2128,355,893,773,120
B0103,20,362723,Bokaro Steel City (CT),Urban,Graduate and above other than technical degree,50937,32037,18900,22258,19251,3007,2501,1751,750,1690,1212,478,26178,11035,15143,10498,5641,4857
B0103,20,362723,Bokaro Steel City (CT),Urban,Technical degree or diploma equal to degree or post-graduate degree,10097,7459,2638,5119,4184,935,455,329,126,337,248,89,4523,2946,1577,2280,1532,748
B0103,20,801768,Giridih (Nagar Parishad),Urban,Total,114533,59966,54567,28319,25575,2744,3727,2792,935,2178,1835,343,82487,31599,50888,6704,3320,3384
B0103,20,801768,Giridih (Nagar Parishad),Urban,Illiterate,30883,13846,17037,3894,3183,711,1039,607,432,566,408,158,25950,10056,15894,609,151,458
B0103,20,801768,Giridih (Nagar Parishad),Urban,Literate,83650,46120,37530,24425,22392,2033,2688,2185,503,1612,1427,185,56537,21543,34994,6095,3169,2926
B0103,20,801768,Giridih (Nagar Parishad),Urban,Literate but below matric/secondary,42268,21486,20782,8201,7667,534,1548,1266,282,922,831,91,32519,12553,19966,1477,683,794
B0103,20,801768,Giridih (Nagar Parishad),Urban,Matric/secondary but below graduate,25131,13799,11332,7787,7209,578,739,583,156,418,363,55,16605,6007,10598,2366,1245,1121
B0103,20,801768,Giridih (Nagar Parishad),Urban,Technical diploma or certificate not equal to degree,331,281,50,126,121,5,4,4,0,4,4,0,201,156,45,65,54,11
B0103,20,801768,Giridih (Nagar Parishad),Urban,Graduate and above other than technical degree,13762,9104,4658,7358,6573,785,334,280,54,232,198,34,6070,2251,3819,1870,981,889
B0103,20,801768,Giridih (Nagar Parishad),Urban,Technical degree or diploma equal to degree or post-graduate degree,1350,1034,316,704,597,107,22,20,2,15,13,2,624,417,207,267,179,88
B0103,20,801769,Deoghar (M Corp.),Urban,Total,203123,107997,95126,51513,45580,5933,6232,4280,1952,3141,2457,684,145378,58137,87241,12961,6898,6063
B0103,20,801769,Deoghar (M Corp.),Urban,Illiterate,52135,22558,29577,6528,4837,1691,1798,857,941,743,451,292,43809,16864,26945,1075,268,807
B0103,20,801769,Deoghar (M Corp.),Urban,Literate,150988,85439,65549,44985,40743,4242,4434,3423,1011,2398,2006,392,101569,41273,60296,11886,6630,5256
B0103,20,801769,Deoghar (M Corp.),Urban,Literate but below matric/secondary,75027,38518,36509,15020,13782,1238,2424,1840,584,1272,1095,177,57583,22896,34687,2437,1133,1304
B0103,20,801769,Deoghar (M Corp.),Urban,Matric/secondary but below graduate,45557,25793,19764,13783,12599,1184,1202,943,259,668,543,125,30572,12251,18321,5480,3077,2403
B0103,20,801769,Deoghar (M Corp.),Urban,Technical diploma or certificate not equal to degree,786,680,106,351,320,31,7,7,0,4,4,0,428,353,75,145,114,31
B0103,20,801769,Deoghar (M Corp.),Urban,Graduate and above other than technical degree,24690,17337,7353,13652,12169,1483,586,487,99,347,281,66,10452,4681,5771,3246,1940,1306
B0103,20,801769,Deoghar (M Corp.),Urban,Technical degree or diploma equal to degree or post-graduate degree,2436,1878,558,1393,1179,214,36,27,9,22,16,6,1007,672,335,423,291,132
B0103,20,801775,Dhanbad (M Corp.),Urban,Total,1162472,614722,547750,263447,233890,29557,55870,42741,13129,33946,27435,6511,843155,338091,505064,85024,48728,36296
B0103,20,801775,Dhanbad (M Corp.),Urban,Illiterate,356490,152302,204188,47258,35893,11365,17113,10877,6236,9944,6875,3069,292119,105532,186587,12016,4298,7718
B0103,20,801775,Dhanbad (M Corp.),Urban,Literate,805982,462420,343562,216189,197997,18192,38757,31864,6893,24002,20560,3442,551036,232559,318477,73008,44430,28578
B0103,20,801775,Dhanbad (M Corp.),Urban,Literate but below matric/secondary,417785,223384,194401,79414,73341,6073,20034,16597,3437,12138,10602,1536,318337,133446,184891,22058,12493,9565
B0103,20,801775,Dhanbad (M Corp.),Urban,Matric/secondary but below graduate,247480,147997,99483,73738,68706,5032,11967,9963,2004,7729,6577,1152,161775,69328,92447,32004,20280,11724
B0103,20,801775,Dhanbad (M Corp.),Urban,Technical diploma or certificate not equal to degree,6385,5784,601,2950,2818,132,219,202,17,134,123,11,3216,2764,452,1224,1083,141
B0103,20,801775,Dhanbad (M Corp.),Urban,Graduate and above other than technical degree,93847,61171,32676,45385,40569,4816,3752,2949,803,2284,1831,453,44710,17653,27057,13554,7990,5564
B0103,20,801775,Dhanbad (M Corp.),Urban,Technical degree or diploma equal to degree or post-graduate degree,10921,8150,2771,5709,4743,966,330,241,89,195,150,45,4882,3166,1716,1939,1402,537
B0103,20,801778,Chas (Nagar Parishad),Urban,Total,141640,74727,66913,33174,30098,3076,4309,3273,1036,2392,1924,468,104157,41356,62801,9465,5136,4329
B0103,20,801778,Chas (Nagar Parishad),Urban,Illiterate,38473,15969,22504,4298,3368,930,1024,629,395,556,395,161,33151,11972,21179,1038,302,736
B0103,20,801778,Chas (Nagar Parishad),Urban,Literate,103167,58758,44409,28876,26730,2146,3285,2644,641,1836,1529,307,71006,29384,41622,8427,4834,3593
B0103,20,801778,Chas (Nagar Parishad),Urban,Literate but below matric/secondary,50081,25753,24328,9168,8608,560,1441,1178,263,793,697,96,39472,15967,23505,2053,995,1058
B0103,20,801778,Chas (Nagar Parishad),Urban,Matric/secondary but below graduate,34179,20438,13741,10937,10239,698,1192,963,229,669,540,129,22050,9236,12814,3857,2290,1567
B0103,20,801778,Chas (Nagar Parishad),Urban,Technical diploma or certificate not equal to degree,789,690,99,297,282,15,18,17,1,6,6,0,474,391,83,148,123,25
B0103,20,801778,Chas (Nagar Parishad),Urban,Graduate and above other than technical degree,13901,9381,4520,6870,6207,663,492,378,114,286,220,66,6539,2796,3743,1896,1125,771
B0103,20,801778,Chas (Nagar Parishad),Urban,Technical degree or diploma equal to degree or post-graduate degree,1376,1050,326,708,596,112,34,24,10,24,18,6,634,430,204,255,180,75
B0103,20,801780,Mango (NAC),Urban,Total,223805,115970,107835,60054,53247,6807,3985,2911,1074,2055,1601,454,159766,59812,99954,11464,6230,5234
B0103,20,801780,Mango (NAC),Urban,Illiterate,56935,24880,32055,8375,6077,2298,1034,553,481,506,307,199,47526,18250,29276,890,341,549
B0103,20,801780,Mango (NAC),Urban,Literate,166870,91090,75780,51679,47170,4509,2951,2358,593,1549,1294,255,112240,41562,70678,10574,5889,4685
B0103,20,801780,Mango (NAC),Urban,Literate but below matric/secondary,79860,41236,38624,17733,16436,1297,1492,1201,291,712,617,95,60635,23599,37036,2537,1407,1130
B0103,20,801780,Mango (NAC),Urban,Matric/secondary but below graduate,54434,30013,24421,17639,16523,1116,991,826,165,580,497,83,35804,12664,23140,4769,2804,1965
B0103,20,801780,Mango (NAC),Urban,Technical diploma or certificate not equal to degree,1575,1400,175,829,785,44,19,15,4,14,11,3,727,600,127,204,175,29
B0103,20,801780,Mango (NAC),Urban,Graduate and above other than technical degree,25210,14655,10555,12519,10944,1575,349,245,104,193,131,62,12342,3466,8876,2514,1159,1355
B0103,20,801780,Mango (NAC),Urban,Technical degree or diploma equal to degree or post-graduate degree,3472,2490,982,2040,1669,371,41,29,12,25,18,7,1391,792,599,426,276,150
B0103,20,801781,Jamshedpur (NAC+OG),Urban,Total,677350,353212,324138,198394,171170,27224,13144,9341,3803,5929,4603,1326,465812,172701,293111,37778,19162,18616
B0103,20,801781,Jamshedpur (NAC+OG),Urban,Illiterate,155545,66835,88710,26115,17241,8874,3279,1707,1572,1289,780,509,126151,47887,78264,3304,1200,2104
B0103,20,801781,Jamshedpur (NAC+OG),Urban,Literate,521805,286377,235428,172279,153929,18350,9865,7634,2231,4640,3823,817,339661,124814,214847,34474,17962,16512
B0103,20,801781,Jamshedpur (NAC+OG),Urban,Literate but below matric/secondary,217211,110486,106725,46179,41404,4775,4362,3390,972,1888,1594,294,166670,65692,100978,8316,4121,4195
B0103,20,801781,Jamshedpur (NAC+OG),Urban,Matric/secondary but below graduate,180276,102113,78163,62654,58509,4145,3508,2818,690,1741,1473,268,114114,40786,73328,14698,8194,6504
B0103,20,801781,Jamshedpur (NAC+OG),Urban,Technical diploma or certificate not equal to degree,7296,6422,874,4409,4065,344,107,95,12,59,55,4,2780,2262,518,799,667,132
B0103,20,801781,Jamshedpur (NAC+OG),Urban,Graduate and above other than technical degree,97050,54627,42423,48365,41400,6965,1464,1039,425,760,563,197,47221,12188,35033,8924,3947,4977
B0103,20,801781,Jamshedpur (NAC+OG),Urban,Technical degree or diploma equal to degree or post-graduate degree,13912,9649,4263,8639,6848,1791,166,114,52,84,62,22,5107,2687,2420,1384,841,543
B0103,20,801788,Hazaribag (Nagar Parishad),Urban,Total,142489,74132,68357,35572,31210,4362,2523,1941,582,1455,1166,289,104394,40981,63413,12419,6569,5850
B0103,20,801788,Hazaribag (Nagar Parishad),Urban,Illiterate,29956,13292,16664,3378,2626,752,559,339,220,287,193,94,26019,10327,15692,616,248,368
B0103,20,801788,Hazaribag (Nagar Parishad),Urban,Literate,112533,60840,51693,32194,28584,3610,1964,1602,362,1168,973,195,78375,30654,47721,11803,6321,5482
B0103,20,801788,Hazaribag (Nagar Parishad),Urban,Literate but below matric/secondary,46432,23121,23311,7294,6747,547,861,719,142,498,428,70,38277,15655,22622,2036,1081,955
B0103,20,801788,Hazaribag (Nagar Parishad),Urban,Matric/secondary but below graduate,35617,18384,17233,9403,8518,885,633,521,112,387,326,61,25581,9345,16236,4796,2505,2291
B0103,20,801788,Hazaribag (Nagar Parishad),Urban,Technical diploma or certificate not equal to degree,773,621,152,325,288,37,13,8,5,5,3,2,435,325,110,152,119,33
B0103,20,801788,Hazaribag (Nagar Parishad),Urban,Graduate and above other than technical degree,26125,16366,9759,13391,11590,1801,401,316,85,248,194,54,12333,4460,7873,4229,2252,1977
B0103,20,801788,Hazaribag (Nagar Parishad),Urban,Technical degree or diploma equal to degree or post-graduate degree,2764,1945,819,1523,1218,305,35,23,12,19,13,6,1206,704,502,523,329,194
B0103,20,801794,Ranchi (M Corp.),Urban,Total,1073427,558872,514555,286890,234261,52629,49468,31038,18430,27079,17565,9514,737069,293573,443496,104483,49149,55334
B0103,20,801794,Ranchi (M Corp.),Urban,Illiterate,246394,107803,138591,32968,20155,12813,11377,5149,6228,5712,2751,2961,202049,82499,119550,8829,2758,6071
B0103,20,801794,Ranchi (M Corp.),Urban,Literate,827033,451069,375964,253922,214106,39816,38091,25889,12202,21367,14814,6553,535020,211074,323946,95654,46391,49263
B0103,20,801794,Ranchi (M Corp.),Urban,Literate but below matric/secondary,333223,169032,164191,61271,51709,9562,15694,10732,4962,8264,5988,2276,256258,106591,149667,21742,9936,11806
B0103,20,801794,Ranchi (M Corp.),Urban,Matric/secondary but below graduate,260363,141444,118919,77830,68191,9639,12253,8512,3741,7231,5078,2153,170280,64741,105539,40281,20344,19937
B0103,20,801794,Ranchi (M Corp.),Urban,Technical diploma or certificate not equal to degree,9289,7519,1770,4338,3820,518,336,259,77,192,142,50,4615,3440,1175,1759,1322,437
B0103,20,801794,Ranchi (M Corp.),Urban,Graduate and above other than technical degree,176763,104840,71923,88379,73263,15116,7055,4655,2400,4189,2665,1524,81329,26922,54407,26203,11814,14389
B0103,20,801794,Ranchi (M Corp.),Urban,Technical degree or diploma equal to degree or post-graduate degree,24086,16082,8004,13984,10643,3341,796,539,257,483,319,164,9306,4900,4406,3557,2041,1516
B0103,20,801801,Adityapur (Nagar Parishad),Urban,Total,174355,91664,82691,49384,42969,6415,4073,2659,1414,2277,1562,715,120898,46036,74862,9720,4642,5078
B0103,20,801801,Adityapur (Nagar Parishad),Urban,Illiterate,51197,21994,29203,8719,5823,2896,1408,687,721,749,396,353,41070,15484,25586,1379,375,1004
B0103,20,801801,Adityapur (Nagar Parishad),Urban,Literate,123158,69670,53488,40665,37146,3519,2665,1972,693,1528,1166,362,79828,30552,49276,8341,4267,4074
B0103,20,801801,Adityapur (Nagar Parishad),Urban,Literate but below matric/secondary,59407,30704,28703,13059,11851,1208,1327,961,366,751,567,184,45021,17892,27129,2450,1164,1286
B0103,20,801801,Adityapur (Nagar Parishad),Urban,Matric/secondary but below graduate,40782,24236,16546,15511,14604,907,902,710,192,531,424,107,24369,8922,15447,3633,2015,1618
B0103,20,801801,Adityapur (Nagar Parishad),Urban,Technical diploma or certificate not equal to degree,1583,1417,166,967,928,39,28,26,2,19,18,1,588,463,125,159,124,35
B0103,20,801801,Adityapur (Nagar Parishad),Urban,Graduate and above other than technical degree,16911,10468,6443,8943,7951,992,267,182,85,158,107,51,7701,2335,5366,1656,704,952
B0103,20,801801,Adityapur (Nagar Parishad),Urban,Technical degree or diploma equal to degree or post-graduate degree,2314,1721,593,1409,1175,234,20,13,7,9,7,2,885,533,352,291,192,99
B0103,21,801813,Sambalpur (M+OG),Urban,Total,189366,97460,91906,60801,49156,11645,10666,5997,4669,4532,2829,1703,117899,42307,75592,13818,5845,7973
B0103,21,801813,Sambalpur (M+OG),Urban,Illiterate,45050,19061,25989,9311,5344,3967,2429,871,1558,807,344,463,33310,12846,20464,1118,252,866
B0103,21,801813,Sambalpur (M+OG),Urban,Literate,144316,78399,65917,51490,43812,7678,8237,5126,3111,3725,2485,1240,84589,29461,55128,12700,5593,7107
B0103,21,801813,Sambalpur (M+OG),Urban,Literate but below matric/secondary,71124,36374,34750,19652,16472,3180,4605,2810,1795,1965,1313,652,46867,17092,29775,4078,1678,2400
B0103,21,801813,Sambalpur (M+OG),Urban,Matric/secondary but below graduate,41290,22661,18629,15206,13421,1785,2115,1368,747,1058,722,336,23969,7872,16097,4951,2304,2647
B0103,21,801813,Sambalpur (M+OG),Urban,Technical diploma or certificate not equal to degree,1264,967,297,572,478,94,59,48,11,39,29,10,633,441,192,271,200,71
B0103,21,801813,Sambalpur (M+OG),Urban,Graduate and above other than technical degree,22302,13690,8612,12314,10549,1765,921,607,314,426,270,156,9067,2534,6533,2448,908,1540
B0103,21,801813,Sambalpur (M+OG),Urban,Technical degree or diploma equal to degree or post-graduate degree,3793,2504,1289,2099,1591,508,164,103,61,96,61,35,1530,810,720,556,330,226
B0103,21,801819,Raurkela Town (M+OG),Urban,Total,320040,169095,150945,98749,84184,14565,8287,5287,3000,3850,2623,1227,213004,79624,133380,19306,9942,9364
B0103,21,801819,Raurkela Town (M+OG),Urban,Illiterate,73638,32301,41337,12839,8504,4335,1954,853,1101,791,387,404,58845,22944,35901,1355,458,897
B0103,21,801819,Raurkela Town (M+OG),Urban,Literate,246402,136794,109608,85910,75680,10230,6333,4434,1899,3059,2236,823,154159,56680,97479,17951,9484,8467
B0103,21,801819,Raurkela Town (M+OG),Urban,Literate but below matric/secondary,120341,63001,57340,31766,28109,3657,3237,2299,938,1412,1076,336,85338,32593,52745,4941,2625,2316
B0103,21,801819,Raurkela Town (M+OG),Urban,Matric/secondary but below graduate,76525,43385,33140,28856,26275,2581,1858,1332,526,972,715,257,45811,15778,30033,7409,3948,3461
B0103,21,801819,Raurkela Town (M+OG),Urban,Technical diploma or certificate not equal to degree,6172,5278,894,3171,2918,253,193,182,11,149,141,8,2808,2178,630,1220,1011,209
B0103,21,801819,Raurkela Town (M+OG),Urban,Graduate and above other than technical degree,31966,18158,13808,16899,14301,2598,701,407,294,367,202,165,14366,3450,10916,3172,1166,2006
B0103,21,801819,Raurkela Town (M+OG),Urban,Technical degree or diploma equal to degree or post-graduate degree,6348,4383,1965,3296,2483,813,125,70,55,78,44,34,2927,1830,1097,888,557,331
B0103,21,801820,Raurkela Industrial Township (IT+OG),Urban,Total,216410,112897,103513,62771,53154,9617,9108,6179,2929,3866,2827,1039,144531,53564,90967,14474,8021,6453
B0103,21,801820,Raurkela Industrial Township (IT+OG),Urban,Illiterate,50232,21483,28749,8620,5457,3163,2386,1172,1214,883,489,394,39226,14854,24372,1074,345,729
B0103,21,801820,Raurkela Industrial Township (IT+OG),Urban,Literate,166178,91414,74764,54151,47697,6454,6722,5007,1715,2983,2338,645,105305,38710,66595,13400,7676,5724
B0103,21,801820,Raurkela Industrial Township (IT+OG),Urban,Literate but below matric/secondary,77284,39804,37480,18320,16151,2169,3095,2357,738,1300,1055,245,55869,21296,34573,3377,1816,1561
B0103,21,801820,Raurkela Industrial Township (IT+OG),Urban,Matric/secondary but below graduate,52964,29835,23129,18894,17166,1728,2115,1590,525,999,782,217,31955,11079,20876,5429,3224,2205
B0103,21,801820,Raurkela Industrial Township (IT+OG),Urban,Technical diploma or certificate not equal to degree,6454,5710,744,3746,3524,222,280,247,33,163,149,14,2428,1939,489,1089,937,152
B0103,21,801820,Raurkela Industrial Township (IT+OG),Urban,Graduate and above other than technical degree,18113,9255,8858,8217,6802,1415,665,414,251,313,196,117,9231,2039,7192,2225,907,1318
B0103,21,801820,Raurkela Industrial Township (IT+OG),Urban,Technical degree or diploma equal to degree or post-graduate degree,4774,3289,1485,2647,2112,535,193,136,57,69,46,23,1934,1041,893,805,526,279
B0103,21,801828,Baripada Town (M+OG),Urban,Total,116849,60489,56360,33318,27579,5739,6929,4271,2658,3631,2346,1285,76602,28639,47963,10981,4830,6151
B0103,21,801828,Baripada Town (M+OG),Urban,Illiterate,24688,10525,14163,3806,2378,1428,2188,880,1308,1089,491,598,18694,7267,11427,666,158,508
B0103,21,801828,Baripada Town (M+OG),Urban,Literate,92161,49964,42197,29512,25201,4311,4741,3391,1350,2542,1855,687,57908,21372,36536,10315,4672,5643
B0103,21,801828,Baripada Town (M+OG),Urban,Literate but below matric/secondary,41144,20450,20694,9173,8136,1037,2544,1806,738,1312,975,337,29427,10508,18919,2763,1093,1670
B0103,21,801828,Baripada Town (M+OG),Urban,Matric/secondary but below graduate,26952,14728,12224,8135,7091,1044,1170,868,302,639,479,160,17647,6769,10878,3978,1838,2140
B0103,21,801828,Baripada Town (M+OG),Urban,Technical diploma or certificate not equal to degree,1931,1666,265,775,693,82,65,60,5,48,46,2,1091,913,178,516,437,79
B0103,21,801828,Baripada Town (M+OG),Urban,Graduate and above other than technical degree,14757,9042,5715,8197,6789,1408,586,410,176,323,209,114,5974,1843,4131,2061,810,1251
B0103,21,801828,Baripada Town (M+OG),Urban,Technical degree or diploma equal to degree or post-graduate degree,2832,1911,921,1612,1210,402,67,49,18,44,30,14,1153,652,501,436,272,164
B0103,21,801833,Baleshwar Town (M+OG),Urban,Total,144373,73721,70652,42034,36376,5658,6489,4153,2336,2508,1642,866,95850,33192,62658,10260,4634,5626
B0103,21,801833,Baleshwar Town (M+OG),Urban,Illiterate,30955,13511,17444,4595,3302,1293,1287,661,626,506,271,235,25073,9548,15525,1129,345,784
B0103,21,801833,Baleshwar Town (M+OG),Urban,Literate,113418,60210,53208,37439,33074,4365,5202,3492,1710,2002,1371,631,70777,23644,47133,9131,4289,4842
B0103,21,801833,Baleshwar Town (M+OG),Urban,Literate but below matric/secondary,51918,26531,25387,12685,11635,1050,2408,1680,728,919,711,208,36825,13216,23609,2538,1114,1424
B0103,21,801833,Baleshwar Town (M+OG),Urban,Matric/secondary but below graduate,30546,15299,15247,9451,8507,944,1294,826,468,547,332,215,19801,5966,13835,3393,1584,1809
B0103,21,801833,Baleshwar Town (M+OG),Urban,Technical diploma or certificate not equal to degree,1935,1619,316,909,827,82,92,74,18,50,40,10,934,718,216,420,342,78
B0103,21,801833,Baleshwar Town (M+OG),Urban,Graduate and above other than technical degree,19141,11275,7866,10123,8607,1516,899,594,305,304,182,122,8119,2074,6045,1792,691,1101
B0103,21,801833,Baleshwar Town (M+OG),Urban,Technical degree or diploma equal to degree or post-graduate degree,4029,2796,1233,2316,1844,472,194,121,73,58,34,24,1519,831,688,516,328,188
B0103,21,801835,Bhadrak (M+OG),Urban,Total,121338,62335,59003,31490,27602,3888,7034,5298,1736,3220,2595,625,82814,29435,53379,10113,4576,5537
B0103,21,801835,Bhadrak (M+OG),Urban,Illiterate,35999,16021,19978,6088,4785,1303,1920,1257,663,758,553,205,27991,9979,18012,1294,425,869
B0103,21,801835,Bhadrak (M+OG),Urban,Literate,85339,46314,39025,25402,22817,2585,5114,4041,1073,2462,2042,420,54823,19456,35367,8819,4151,4668
B0103,21,801835,Bhadrak (M+OG),Urban,Literate but below matric/secondary,48600,25381,23219,11091,10392,699,3148,2596,552,1442,1255,187,34361,12393,21968,3561,1662,1899
B0103,21,801835,Bhadrak (M+OG),Urban,Matric/secondary but below graduate,20044,10669,9375,6012,5427,585,1123,824,299,601,467,134,12909,4418,8491,2951,1424,1527
B0103,21,801835,Bhadrak (M+OG),Urban,Technical diploma or certificate not equal to degree,1026,825,201,461,384,77,53,45,8,34,30,4,512,396,116,259,206,53
B0103,21,801835,Bhadrak (M+OG),Urban,Graduate and above other than technical degree,10890,6601,4289,5735,4881,854,540,386,154,279,207,72,4615,1334,3281,1487,546,941
B0103,21,801835,Bhadrak (M+OG),Urban,Technical degree or diploma equal to degree or post-graduate degree,2421,1590,831,1328,1057,271,89,72,17,41,33,8,1004,461,543,352,209,143
B0103,21,801844,Cuttack (M Corp.),Urban,Total,610189,316242,293947,181372,153679,27693,30355,18953,11402,12422,8326,4096,398462,143610,254852,46163,23209,22954
B0103,21,801844,Cuttack (M Corp.),Urban,Illiterate,107675,48732,58943,15272,10257,5015,3836,1842,1994,1219,630,589,88567,36633,51934,2515,906,1609
B0103,21,801844,Cuttack (M Corp.),Urban,Literate,502514,267510,235004,166100,143422,22678,26519,17111,9408,11203,7696,3507,309895,106977,202918,43648,22303,21345
B0103,21,801844,Cuttack (M Corp.),Urban,Literate but below matric/secondary,217653,110518,107135,57264,51133,6131,11190,7420,3770,4090,2964,1126,149199,51965,97234,11757,5354,6403
B0103,21,801844,Cuttack (M Corp.),Urban,Matric/secondary but below graduate,147535,77702,69833,45142,40047,5095,7618,4755,2863,3416,2270,1146,94775,32900,61875,15817,8322,7495
B0103,21,801844,Cuttack (M Corp.),Urban,Technical diploma or certificate not equal to degree,5796,4079,1717,2364,1719,645,366,293,73,273,220,53,3066,2067,999,1548,1085,463
B0103,21,801844,Cuttack (M Corp.),Urban,Graduate and above other than technical degree,90411,53376,37035,46759,39179,7580,4772,3125,1647,2236,1549,687,38880,11072,27808,8942,4474,4468
B0103,21,801844,Cuttack (M Corp.),Urban,Technical degree or diploma equal to degree or post-graduate degree,19736,12971,6765,9017,6753,2264,1168,729,439,675,400,275,9551,5489,4062,3436,2307,1129
B0103,21,801859,Bhubaneswar Town (M Corp.+OG),Urban,Total,885363,468043,417320,286046,233352,52694,39687,23037,16650,16730,10421,6309,559630,211654,347976,65061,31170,33891
B0103,21,801859,Bhubaneswar Town (M Corp.+OG),Urban,Illiterate,152477,68239,84238,24772,13833,10939,5846,2262,3584,2059,858,1201,121859,52144,69715,2791,810,1981
B0103,21,801859,Bhubaneswar Town (M Corp.+OG),Urban,Literate,732886,399804,333082,261274,219519,41755,33841,20775,13066,14671,9563,5108,437771,159510,278261,62270,30360,31910
B0103,21,801859,Bhubaneswar Town (M Corp.+OG),Urban,Literate but below matric/secondary,293251,150075,143176,76413,65383,11030,14050,8865,5185,5660,4000,1660,202788,75827,126961,13192,5926,7266
B0103,21,801859,Bhubaneswar Town (M Corp.+OG),Urban,Matric/secondary but below graduate,206850,109208,97642,62842,55293,7549,9402,5654,3748,4535,2810,1725,134606,48261,86345,25951,13101,12850
B0103,21,801859,Bhubaneswar Town (M Corp.+OG),Urban,Technical diploma or certificate not equal to degree,9428,7397,2031,4836,4152,684,415,336,79,260,213,47,4177,2909,1268,1401,1058,343
B0103,21,801859,Bhubaneswar Town (M Corp.+OG),Urban,Graduate and above other than technical degree,157517,91959,65558,84508,69489,15019,6576,3779,2797,2736,1541,1195,66433,18691,47742,14337,5872,8465
B0103,21,801859,Bhubaneswar Town (M Corp.+OG),Urban,Technical degree or diploma equal to degree or post-graduate degree,43271,29604,13667,24513,18981,5532,1687,1148,539,856,585,271,17071,9475,7596,5553,3515,2038
B0103,21,801863,Puri (M),Urban,Total,200564,104086,96478,66752,55988,10764,5036,2818,2218,2349,1483,866,128776,45280,83496,16356,6899,9457
B0103,21,801863,Puri (M),Urban,Illiterate,40263,17758,22505,8512,5435,3077,855,383,472,339,194,145,30896,11940,18956,1082,338,744
B0103,21,801863,Puri (M),Urban,Literate,160301,86328,73973,58240,50553,7687,4181,2435,1746,2010,1289,721,97880,33340,64540,15274,6561,8713
B0103,21,801863,Puri (M),Urban,Literate but below matric/secondary,85197,42916,42281,26013,22612,3401,2251,1376,875,1002,679,323,56933,18928,38005,5689,2243,3446
B0103,21,801863,Puri (M),Urban,Matric/secondary but below graduate,44193,24208,19985,15716,14124,1592,1171,614,557,585,364,221,27306,9470,17836,5528,2528,3000
B0103,21,801863,Puri (M),Urban,Technical diploma or certificate not equal to degree,1008,806,202,486,432,54,16,10,6,12,7,5,506,364,142,220,169,51
B0103,21,801863,Puri (M),Urban,Graduate and above other than technical degree,23394,14529,8865,12972,11038,1934,557,336,221,335,196,139,9865,3155,6710,3145,1251,1894
B0103,21,801863,Puri (M),Urban,Technical degree or diploma equal to degree or post-graduate degree,3668,2449,1219,2041,1544,497,78,44,34,43,27,16,1549,861,688,464,270,194
B0103,21,801881,Brahmapur (M Corp.),Urban,Total,356598,185754,170844,110677,91637,19040,9876,5978,3898,4738,3095,1643,236045,88139,147906,26371,13741,12630
B0103,21,801881,Brahmapur (M Corp.),Urban,Illiterate,67008,28967,38041,11516,6888,4628,1626,644,982,717,293,424,53866,21435,32431,1675,580,1095
B0103,21,801881,Brahmapur (M Corp.),Urban,Literate,289590,156787,132803,99161,84749,14412,8250,5334,2916,4021,2802,1219,182179,66704,115475,24696,13161,11535
B0103,21,801881,Brahmapur (M Corp.),Urban,Literate but below matric/secondary,136523,65968,70555,38019,32399,5620,4100,2570,1530,1765,1246,519,94404,30999,63405,6315,2777,3538
B0103,21,801881,Brahmapur (M Corp.),Urban,Matric/secondary but below graduate,89026,49928,39098,27931,25013,2918,2457,1668,789,1354,960,394,58638,23247,35391,10758,6084,4674
B0103,21,801881,Brahmapur (M Corp.),Urban,Technical diploma or certificate not equal to degree,4926,3896,1030,2247,1891,356,142,110,32,94,70,24,2537,1895,642,872,660,212
B0103,21,801881,Brahmapur (M Corp.),Urban,Graduate and above other than technical degree,38854,24400,14454,21564,18186,3378,853,550,303,460,282,178,16437,5664,10773,4124,2029,2095
B0103,21,801881,Brahmapur (M Corp.),Urban,Technical degree or diploma equal to degree or post-graduate degree,11928,8187,3741,6372,4816,1556,290,198,92,175,132,43,5266,3173,2093,2009,1276,733
B0103,22,801927,Ambikapur (M Corp.+OG),Urban,Total,121071,62776,58295,34436,28162,6274,2772,2016,756,1322,935,387,83863,32598,51265,6234,2947,3287
B0103,22,801927,Ambikapur (M Corp.+OG),Urban,Illiterate,27582,11867,15715,3121,2155,966,723,369,354,369,171,198,23738,9343,14395,477,112,365
B0103,22,801927,Ambikapur (M Corp.+OG),Urban,Literate,93489,50909,42580,31315,26007,5308,2049,1647,402,953,764,189,60125,23255,36870,5757,2835,2922
B0103,22,801927,Ambikapur (M Corp.+OG),Urban,Literate but below matric/secondary,42715,22074,20641,8632,7699,933,1134,910,224,516,404,112,32949,13465,19484,1475,775,700
B0103,22,801927,Ambikapur (M Corp.+OG),Urban,Matric/secondary but below graduate,27736,15244,12492,8988,7854,1134,571,479,92,277,235,42,18177,6911,11266,2362,1193,1169
B0103,22,801927,Ambikapur (M Corp.+OG),Urban,Technical diploma or certificate not equal to degree,632,393,239,333,252,81,7,5,2,2,1,1,292,136,156,58,35,23
B0103,22,801927,Ambikapur (M Corp.+OG),Urban,Graduate and above other than technical degree,18530,10907,7623,11368,8703,2665,260,195,65,125,98,27,6902,2009,4893,1533,643,890
B0103,22,801927,Ambikapur (M Corp.+OG),Urban,Technical degree or diploma equal to degree or post-graduate degree,2327,1462,865,1402,1021,381,23,13,10,12,9,3,902,428,474,255,148,107
B0103,22,801939,Raigarh (M Corp.+OG),Urban,Total,150019,76865,73154,45944,38339,7605,3572,2451,1121,1705,1267,438,100503,36075,64428,5850,2823,3027
B0103,22,801939,Raigarh (M Corp.+OG),Urban,Illiterate,36171,14546,21625,5202,2732,2470,947,371,576,425,196,229,30022,11443,18579,495,137,358
B0103,22,801939,Raigarh (M Corp.+OG),Urban,Literate,113848,62319,51529,40742,35607,5135,2625,2080,545,1280,1071,209,70481,24632,45849,5355,2686,2669
B0103,22,801939,Raigarh (M Corp.+OG),Urban,Literate but below matric/secondary,58865,30585,28280,15422,13463,1959,1622,1278,344,831,691,140,41821,15844,25977,1868,938,930
B0103,22,801939,Raigarh (M Corp.+OG),Urban,Matric/secondary but below graduate,29479,16480,12999,11078,10142,936,540,443,97,268,230,38,17861,5895,11966,1799,942,857
B0103,22,801939,Raigarh (M Corp.+OG),Urban,Technical diploma or certificate not equal to degree,1085,981,104,774,744,30,14,13,1,4,4,0,297,224,73,78,60,18
B0103,22,801939,Raigarh (M Corp.+OG),Urban,Graduate and above other than technical degree,17732,10435,7297,10381,8692,1689,235,180,55,99,77,22,7116,1563,5553,1120,462,658
B0103,22,801939,Raigarh (M Corp.+OG),Urban,Technical degree or diploma equal to degree or post-graduate degree,2429,1779,650,1478,1242,236,24,17,7,12,7,5,927,520,407,270,170,100
B0103,22,801949,Korba (M Corp.+OG),Urban,Total,365253,189772,175481,106494,89779,16715,13257,8450,4807,6924,4937,1987,245502,91543,153959,19875,9783,10092
B0103,22,801949,Korba (M Corp.+OG),Urban,Illiterate,99317,39743,59574,16190,9457,6733,4255,1562,2693,1809,788,1021,78872,28724,50148,1601,359,1242
B0103,22,801949,Korba (M Corp.+OG),Urban,Literate,265936,150029,115907,90304,80322,9982,9002,6888,2114,5115,4149,966,166630,62819,103811,18274,9424,8850
B0103,22,801949,Korba (M Corp.+OG),Urban,Literate but below matric/secondary,142776,74996,67780,35647,31633,4014,5739,4313,1426,3149,2551,598,101390,39050,62340,5726,2858,2868
B0103,22,801949,Korba (M Corp.+OG),Urban,Matric/secondary but below graduate,73431,44266,29165,27568,25899,1669,2103,1728,375,1281,1089,192,43760,16639,27121,6783,3685,3098
B0103,22,801949,Korba (M Corp.+OG),Urban,Technical diploma or certificate not equal to degree,3939,3570,369,2795,2654,141,65,61,4,44,43,1,1079,855,224,402,337,65
B0103,22,801949,Korba (M Corp.+OG),Urban,Graduate and above other than technical degree,32032,18532,13500,17421,14386,3035,627,455,172,390,287,103,13984,3691,10293,3857,1656,2201
B0103,22,801949,Korba (M Corp.+OG),Urban,Technical degree or diploma equal to degree or post-graduate degree,6694,4895,1799,3993,3339,654,95,69,26,65,43,22,2606,1487,1119,1069,672,397
B0103,22,801975,Bilaspur (M Corp.+OG),Urban,Total,365579,188342,177237,116970,93158,23812,8666,5568,3098,3175,2143,1032,239943,89616,150327,17584,8718,8866
B0103,22,801975,Bilaspur (M Corp.+OG),Urban,Illiterate,82270,34778,47492,15250,7730,7520,2213,854,1359,684,271,413,64807,26194,38613,1110,341,769
B0103,22,801975,Bilaspur (M Corp.+OG),Urban,Literate,283309,153564,129745,101720,85428,16292,6453,4714,1739,2491,1872,619,175136,63422,111714,16474,8377,8097
B0103,22,801975,Bilaspur (M Corp.+OG),Urban,Literate but below matric/secondary,131105,68081,63024,33751,28664,5087,3497,2552,945,1337,1009,328,93857,36865,56992,4696,2457,2239
B0103,22,801975,Bilaspur (M Corp.+OG),Urban,Matric/secondary but below graduate,76397,42098,34299,26768,23988,2780,1596,1238,358,633,495,138,48033,16872,31161,5525,2962,2563
B0103,22,801975,Bilaspur (M Corp.+OG),Urban,Technical diploma or certificate not equal to degree,1797,1566,231,1145,1089,56,24,17,7,13,9,4,628,460,168,141,100,41
B0103,22,801975,Bilaspur (M Corp.+OG),Urban,Graduate and above other than technical degree,58178,32473,25705,32054,25531,6523,954,641,313,356,242,114,25170,6301,18869,4623,1989,2634
B0103,22,801975,Bilaspur (M Corp.+OG),Urban,Technical degree or diploma equal to degree or post-graduate degree,9218,6134,3084,5246,4037,1209,167,115,52,68,48,20,3805,1982,1823,1106,667,439
B0103,22,801991,Rajnandgaon (M Corp.),Urban,Total,163114,81929,81185,57205,42572,14633,3956,1778,2178,1604,906,698,101953,37579,64374,9232,3776,5456
B0103,22,801991,Rajnandgaon (M Corp.),Urban,Illiterate,37924,15065,22859,7931,3359,4572,1032,196,836,296,81,215,28961,11510,17451,520,146,374
B0103,22,801991,Rajnandgaon (M Corp.),Urban,Literate,125190,66864,58326,49274,39213,10061,2924,1582,1342,1308,825,483,72992,26069,46923,8712,3630,5082
B0103,22,801991,Rajnandgaon (M Corp.),Urban,Literate but below matric/secondary,70866,37087,33779,24239,18816,5423,2071,1087,984,868,540,328,44556,17184,27372,3048,1304,1744
B0103,22,801991,Rajnandgaon (M Corp.),Urban,Matric/secondary but below graduate,31529,16844,14685,11874,10196,1678,536,317,219,273,185,88,19119,6331,12788,3390,1426,1964
B0103,22,801991,Rajnandgaon (M Corp.),Urban,Technical diploma or certificate not equal to degree,440,349,91,257,240,17,6,5,1,3,2,1,177,104,73,69,43,26
B0103,22,801991,Rajnandgaon (M Corp.),Urban,Graduate and above other than technical degree,17504,9966,7538,10527,8258,2269,191,116,75,107,71,36,6786,1592,5194,1628,540,1088
B0103,22,801991,Rajnandgaon (M Corp.),Urban,Technical degree or diploma equal to degree or post-graduate degree,2136,1358,778,1163,854,309,22,13,9,17,10,7,951,491,460,395,239,156
B0103,22,802008,Bhilai Nagar (M Corp.+OG),Urban,Total,627734,323479,304255,196004,162540,33464,9516,6263,3253,4809,3515,1294,422214,154676,267538,28065,14351,13714
B0103,22,802008,Bhilai Nagar (M Corp.+OG),Urban,Illiterate,144181,58522,85659,26381,14935,11446,1863,779,1084,765,377,388,115937,42808,73129,1748,488,1260
B0103,22,802008,Bhilai Nagar (M Corp.+OG),Urban,Literate,483553,264957,218596,169623,147605,22018,7653,5484,2169,4044,3138,906,306277,111868,194409,26317,13863,12454
B0103,22,802008,Bhilai Nagar (M Corp.+OG),Urban,Literate but below matric/secondary,236039,121667,114372,61041,53145,7896,3940,2759,1181,1996,1534,462,171058,65763,105295,7584,4037,3547
B0103,22,802008,Bhilai Nagar (M Corp.+OG),Urban,Matric/secondary but below graduate,148233,86134,62099,55420,51727,3693,2351,1848,503,1322,1100,222,90462,32559,57903,9826,5581,4245
B0103,22,802008,Bhilai Nagar (M Corp.+OG),Urban,Technical diploma or certificate not equal to degree,10720,9717,1003,7722,7416,306,144,133,11,92,86,6,2854,2168,686,901,740,161
B0103,22,802008,Bhilai Nagar (M Corp.+OG),Urban,Graduate and above other than technical degree,66340,33449,32891,33699,26126,7573,840,504,336,430,280,150,31801,6819,24982,5779,2169,3610
B0103,22,802008,Bhilai Nagar (M Corp.+OG),Urban,Technical degree or diploma equal to degree or post-graduate degree,15280,10302,4978,8658,6647,2011,192,120,72,115,75,40,6430,3535,2895,1913,1173,740
B0103,22,802009,Durg (M Corp.),Urban,Total,268806,136641,132165,91311,70388,20923,6042,3491,2551,2667,1784,883,171453,62762,108691,14507,6518,7989
B0103,22,802009,Durg (M Corp.),Urban,Illiterate,60147,23965,36182,12739,5498,7241,1296,372,924,453,173,280,46112,18095,28017,899,306,593
B0103,22,802009,Durg (M Corp.),Urban,Literate,208659,112676,95983,78572,64890,13682,4746,3119,1627,2214,1611,603,125341,44667,80674,13608,6212,7396
B0103,22,802009,Durg (M Corp.),Urban,Literate but below matric/secondary,108879,56817,52062,33901,27493,6408,3000,1887,1113,1334,964,370,71978,27437,44541,4750,2308,2442
B0103,22,802009,Durg (M Corp.),Urban,Matric/secondary but below graduate,55120,30590,24530,20340,18204,2136,1008,758,250,530,427,103,33772,11628,22144,4607,2254,2353
B0103,22,802009,Durg (M Corp.),Urban,Technical diploma or certificate not equal to degree,2200,1887,313,1483,1393,90,33,23,10,19,13,6,684,471,213,172,128,44
B0103,22,802009,Durg (M Corp.),Urban,Graduate and above other than technical degree,32504,17467,15037,17850,13984,3866,443,275,168,222,130,92,14211,3208,11003,2961,911,2050
B0103,22,802009,Durg (M Corp.),Urban,Technical degree or diploma equal to degree or post-graduate degree,5924,3942,1982,3324,2538,786,78,52,26,49,33,16,2522,1352,1170,830,486,344
B0103,22,802034,Raipur (M Corp.+OG),Urban,Total,1027264,527365,499899,347903,273840,74063,28565,16577,11988,12205,7797,4408,650796,236948,413848,41023,17742,23281
B0103,22,802034,Raipur (M Corp.+OG),Urban,Illiterate,257152,108405,148747,53652,26997,26655,6624,2516,4108,2795,1199,1596,196876,78892,117984,3849,969,2880
B0103,22,802034,Raipur (M Corp.+OG),Urban,Literate,770112,418960,351152,294251,246843,47408,21941,14061,7880,9410,6598,2812,453920,158056,295864,37174,16773,20401
B0103,22,802034,Raipur (M Corp.+OG),Urban,Literate but below matric/secondary,394801,206361,188440,117508,97024,20484,12038,7765,4273,5328,3795,1533,265255,101572,163683,13667,6290,7377
B0103,22,802034,Raipur (M Corp.+OG),Urban,Matric/secondary but below graduate,206497,115607,90890,81683,73209,8474,5591,3708,1883,2423,1761,662,119223,38690,80533,13290,6478,6812
B0103,22,802034,Raipur (M Corp.+OG),Urban,Technical diploma or certificate not equal to degree,4691,3799,892,3106,2874,232,124,100,24,55,41,14,1461,825,636,295,189,106
B0103,22,802034,Raipur (M Corp.+OG),Urban,Graduate and above other than technical degree,125562,70120,55442,71759,58218,13541,2773,1599,1174,1039,647,392,51030,10303,40727,7009,2297,4712
B0103,22,802034,Raipur (M Corp.+OG),Urban,Technical degree or diploma equal to degree or post-graduate degree,21632,14264,7368,12752,9799,2953,526,329,197,210,129,81,8354,4136,4218,2163,1194,969
B0103,22,802052,Dhamtari (M+OG),Urban,Total,101677,50807,50870,35318,25495,9823,4387,2194,2193,1969,1088,881,61972,23118,38854,4103,1917,2186
B0103,22,802052,Dhamtari (M+OG),Urban,Illiterate,24877,9479,15398,5691,2152,3539,1358,338,1020,543,150,393,17828,6989,10839,311,81,230
B0103,22,802052,Dhamtari (M+OG),Urban,Literate,76800,41328,35472,29627,23343,6284,3029,1856,1173,1426,938,488,44144,16129,28015,3792,1836,1956
B0103,22,802052,Dhamtari (M+OG),Urban,Literate but below matric/secondary,44510,23059,21451,14715,10964,3751,2180,1267,913,1029,640,389,27615,10828,16787,1465,718,747
B0103,22,802052,Dhamtari (M+OG),Urban,Matric/secondary but below graduate,19341,10565,8776,7288,6291,997,543,387,156,273,210,63,11510,3887,7623,1393,690,703
B0103,22,802052,Dhamtari (M+OG),Urban,Technical diploma or certificate not equal to degree,520,425,95,300,280,20,12,9,3,5,5,0,208,136,72,48,36,12
B0103,22,802052,Dhamtari (M+OG),Urban,Graduate and above other than technical degree,9141,5403,3738,5577,4514,1063,155,114,41,68,51,17,3409,775,2634,622,246,376
B0103,22,802052,Dhamtari (M+OG),Urban,Technical degree or diploma equal to degree or post-graduate degree,1164,776,388,708,535,173,11,10,1,5,4,1,445,231,214,157,92,65
B0103,22,802064,Jagdalpur (M Corp.),Urban,Total,125463,63989,61474,41427,32305,9122,3657,2276,1381,1618,1088,530,80379,29408,50971,7974,3172,4802
B0103,22,802064,Jagdalpur (M Corp.),Urban,Illiterate,30978,12558,18420,5961,3196,2765,1236,509,727,460,226,234,23781,8853,14928,596,109,487
B0103,22,802064,Jagdalpur (M Corp.),Urban,Literate,94485,51431,43054,35466,29109,6357,2421,1767,654,1158,862,296,56598,20555,36043,7378,3063,4315
B0103,22,802064,Jagdalpur (M Corp.),Urban,Literate but below matric/secondary,47098,24769,22329,12528,10702,1826,1560,1161,399,694,531,163,33010,12906,20104,2513,1043,1470
B0103,22,802064,Jagdalpur (M Corp.),Urban,Matric/secondary but below graduate,27716,15510,12206,11103,9505,1598,510,377,133,283,208,75,16103,5628,10475,3000,1317,1683
B0103,22,802064,Jagdalpur (M Corp.),Urban,Technical diploma or certificate not equal to degree,489,352,137,306,259,47,12,10,2,9,7,2,171,83,88,58,30,28
B0103,22,802064,Jagdalpur (M Corp.),Urban,Graduate and above other than technical degree,14345,8096,6249,9138,6800,2338,199,123,76,119,80,39,5008,1173,3835,1317,431,886
B0103,22,802064,Jagdalpur (M Corp.),Urban,Technical degree or diploma equal to degree or post-graduate degree,1878,1193,685,1131,830,301,25,18,7,15,11,4,722,345,377,261,141,120
B0103,23,802083,Morena (M),Urban,Total,200482,108390,92092,46121,41876,4245,8057,6739,1318,4206,3732,474,146304,59775,86529,9936,6144,3792
B0103,23,802083,Morena (M),Urban,Illiterate,63071,26285,36786,7229,5889,1340,2170,1552,618,1114,911,203,53672,18844,34828,1140,446,694
B0103,23,802083,Morena (M),Urban,Literate,137411,82105,55306,38892,35987,2905,5887,5187,700,3092,2821,271,92632,40931,51701,8796,5698,3098
B0103,23,802083,Morena (M),Urban,Literate but below matric/secondary,71187,38866,32321,12852,11919,933,2906,2553,353,1649,1526,123,55429,24394,31035,2180,1335,845
B0103,23,802083,Morena (M),Urban,Matric/secondary but below graduate,40685,26352,14333,13765,13026,739,1906,1712,194,978,887,91,25014,11614,13400,3794,2616,1178
B0103,23,802083,Morena (M),Urban,Technical diploma or certificate not equal to degree,403,356,47,216,212,4,12,12,0,6,6,0,175,132,43,49,42,7
B0103,23,802083,Morena (M),Urban,Graduate and above other than technical degree,18636,12364,6272,9532,8566,966,739,626,113,320,276,44,8365,3172,5193,2044,1185,859
B0103,23,802083,Morena (M),Urban,Technical degree or diploma equal to degree or post-graduate degree,2715,2140,575,1219,1092,127,97,88,9,40,33,7,1399,960,439,525,390,135
B0103,23,802090,Bhind (M),Urban,Total,197585,105352,92233,42075,38537,3538,6549,5579,970,3261,2940,321,148961,61236,87725,10909,7078,3831
B0103,23,802090,Bhind (M),Urban,Illiterate,54662,23249,31413,5326,4590,736,1594,1197,397,773,657,116,47742,17462,30280,1004,421,583
B0103,23,802090,Bhind (M),Urban,Literate,142923,82103,60820,36749,33947,2802,4955,4382,573,2488,2283,205,101219,43774,57445,9905,6657,3248
B0103,23,802090,Bhind (M),Urban,Literate but below matric/secondary,70980,36762,34218,11141,10499,642,2191,1950,241,1151,1069,82,57648,24313,33335,2418,1485,933
B0103,23,802090,Bhind (M),Urban,Matric/secondary but below graduate,45624,28448,17176,13891,13059,832,1789,1613,176,944,871,73,29944,13776,16168,4648,3321,1327
B0103,23,802090,Bhind (M),Urban,Technical diploma or certificate not equal to degree,361,307,54,166,160,6,7,7,0,4,4,0,188,140,48,58,51,7
B0103,23,802090,Bhind (M),Urban,Graduate and above other than technical degree,18148,11996,6152,8881,7862,1019,629,531,98,259,225,34,8638,3603,5035,2026,1272,754
B0103,23,802090,Bhind (M),Urban,Technical degree or diploma equal to degree or post-graduate degree,2322,1752,570,984,861,123,81,67,14,39,31,8,1257,824,433,408,301,107
B0103,23,802100,Gwalior (M Corp.),Urban,Total,1054420,561165,493255,292884,252205,40679,33688,24702,8986,15157,11874,3283,727848,284258,443590,53266,29296,23970
B0103,23,802100,Gwalior (M Corp.),Urban,Illiterate,265709,115440,150269,41314,29657,11657,8234,4904,3330,3663,2512,1151,216161,80879,135282,5347,2020,3327
B0103,23,802100,Gwalior (M Corp.),Urban,Literate,788711,445725,342986,251570,222548,29022,25454,19798,5656,11494,9362,2132,511687,203379,308308,47919,27276,20643
B0103,23,802100,Gwalior (M Corp.),Urban,Literate but below matric/secondary,366012,196145,169867,82587,74218,8369,12655,10022,2633,5918,5001,917,270770,111905,158865,12697,7098,5599
B0103,23,802100,Gwalior (M Corp.),Urban,Matric/secondary but below graduate,226793,134476,92317,74472,69049,5423,7028,5752,1276,3197,2693,504,145293,59675,85618,18100,11252,6848
B0103,23,802100,Gwalior (M Corp.),Urban,Technical diploma or certificate not equal to degree,4562,3821,741,2670,2518,152,116,95,21,40,30,10,1776,1208,568,415,309,106
B0103,23,802100,Gwalior (M Corp.),Urban,Graduate and above other than technical degree,142708,81357,61351,70660,59310,11350,3668,2498,1170,1472,974,498,68380,19549,48831,11747,5469,6278
B0103,23,802100,Gwalior (M Corp.),Urban,Technical degree or diploma equal to degree or post-graduate degree,26556,18682,7874,13181,10727,2454,726,527,199,303,220,83,12649,7428,5221,3645,2487,1158
B0103,23,802109,Datia (M),Urban,Total,100284,52772,47512,29239,24428,4811,3029,1721,1308,1371,822,549,68016,26623,41393,7283,3433,3850
B0103,23,802109,Datia (M),Urban,Illiterate,29465,12447,17018,5805,3766,2039,1170,428,742,519,236,283,22490,8253,14237,909,236,673
B0103,23,802109,Datia (M),Urban,Literate,70819,40325,30494,23434,20662,2772,1859,1293,566,852,586,266,45526,18370,27156,6374,3197,3177
B0103,23,802109,Datia (M),Urban,Literate but below matric/secondary,37363,20398,16965,9657,8597,1060,1140,762,378,494,332,162,26566,11039,15527,1847,848,999
B0103,23,802109,Datia (M),Urban,Matric/secondary but below graduate,18482,10793,7689,6085,5596,489,356,281,75,172,130,42,12041,4916,7125,2424,1316,1108
B0103,23,802109,Datia (M),Urban,Technical diploma or certificate not equal to degree,197,172,25,123,121,2,1,1,0,0,0,0,73,50,23,30,20,10
B0103,23,802109,Datia (M),Urban,Graduate and above other than technical degree,11234,6959,4275,6139,5183,956,215,158,57,109,70,39,4880,1618,3262,1509,699,810
B0103,23,802109,Datia (M),Urban,Technical degree or diploma equal to degree or post-graduate degree,1483,1001,482,642,504,138,38,24,14,20,15,5,803,473,330,391,250,141
B0103,23,802112,Shivpuri (M),Urban,Total,179977,95132,84845,48279,41179,7100,8344,5700,2644,4541,3356,1185,123354,48253,75101,11347,5520,5827
B0103,23,802112,Shivpuri (M),Urban,Illiterate,58075,25065,33010,10634,7473,3161,3080,1634,1446,1568,980,588,44361,15958,28403,1878,492,1386
B0103,23,802112,Shivpuri (M),Urban,Literate,121902,70067,51835,37645,33706,3939,5264,4066,1198,2973,2376,597,78993,32295,46698,9469,5028,4441
B0103,23,802112,Shivpuri (M),Urban,Literate but below matric/secondary,64044,35500,28544,14802,13658,1144,2880,2302,578,1621,1358,263,46362,19540,26822,2938,1448,1490
B0103,23,802112,Shivpuri (M),Urban,Matric/secondary but below graduate,31782,18810,12972,10144,9261,883,1217,966,251,724,581,143,20421,8583,11838,3641,2093,1548
B0103,23,802112,Shivpuri (M),Urban,Technical diploma or certificate not equal to degree,378,332,46,219,207,12,11,9,2,8,6,2,148,116,32,48,38,10
B0103,23,802112,Shivpuri (M),Urban,Graduate and above other than technical degree,19795,12047,7748,10166,8679,1487,723,502,221,375,256,119,8906,2866,6040,2154,1038,1116
B0103,23,802112,Shivpuri (M),Urban,Technical degree or diploma equal to degree or post-graduate degree,2525,1749,776,1153,948,205,86,64,22,55,40,15,1286,737,549,497,329,168
B0103,23,802139,Chhatarpur (M+OG),Urban,Total,142128,75070,67058,41069,34146,6923,3964,2510,1454,1708,1191,517,97095,38414,58681,10395,4740,5655
B0103,23,802139,Chhatarpur (M+OG),Urban,Illiterate,38762,17439,21323,6923,4635,2288,1211,543,668,460,244,216,30628,12261,18367,962,281,681
B0103,23,802139,Chhatarpur (M+OG),Urban,Literate,103366,57631,45735,34146,29511,4635,2753,1967,786,1248,947,301,66467,26153,40314,9433,4459,4974
B0103,23,802139,Chhatarpur (M+OG),Urban,Literate but below matric/secondary,51791,27642,24149,12845,11452,1393,1492,1087,405,659,517,142,37454,15103,22351,2825,1222,1603
B0103,23,802139,Chhatarpur (M+OG),Urban,Matric/secondary but below graduate,27476,15542,11934,8700,7746,954,698,502,196,317,248,69,18078,7294,10784,3475,1827,1648
B0103,23,802139,Chhatarpur (M+OG),Urban,Technical diploma or certificate not equal to degree,630,516,114,364,315,49,6,5,1,3,2,1,260,196,64,67,49,18
B0103,23,802139,Chhatarpur (M+OG),Urban,Graduate and above other than technical degree,17803,10472,7331,9643,7939,1704,374,247,127,196,128,68,7786,2286,5500,2249,886,1363
B0103,23,802139,Chhatarpur (M+OG),Urban,Technical degree or diploma equal to degree or post-graduate degree,3004,2012,992,1518,1157,361,57,39,18,25,16,9,1429,816,613,608,372,236
B0103,23,802159,Sagar (M Corp.+OG),Urban,Total,274556,143425,131131,93917,70485,23432,9099,5315,3784,4106,2859,1247,171540,67625,103915,20007,9170,10837
B0103,23,802159,Sagar (M Corp.+OG),Urban,Illiterate,58134,24892,33242,10887,4480,6407,1524,543,981,539,265,274,45723,19869,25854,1089,319,770
B0103,23,802159,Sagar (M Corp.+OG),Urban,Literate,216422,118533,97889,83030,66005,17025,7575,4772,2803,3567,2594,973,125817,47756,78061,18918,8851,10067
B0103,23,802159,Sagar (M Corp.+OG),Urban,Literate but below matric/secondary,114790,60649,54141,38367,28632,9735,4471,2757,1714,2025,1500,525,71952,29260,42692,6439,2979,3460
B0103,23,802159,Sagar (M Corp.+OG),Urban,Matric/secondary but below graduate,55952,31211,24741,20989,18084,2905,1837,1225,612,910,690,220,33126,11902,21224,6641,3265,3376
B0103,23,802159,Sagar (M Corp.+OG),Urban,Technical diploma or certificate not equal to degree,770,618,152,390,364,26,15,13,2,3,2,1,365,241,124,104,67,37
B0103,23,802159,Sagar (M Corp.+OG),Urban,Graduate and above other than technical degree,35166,20572,14594,18774,15604,3170,930,578,352,472,294,178,15462,4390,11072,4468,1850,2618
B0103,23,802159,Sagar (M Corp.+OG),Urban,Technical degree or diploma equal to degree or post-graduate degree,4551,2856,1695,2176,1636,540,106,65,41,61,37,24,2269,1155,1114,866,489,377
B0103,23,802167,Damoh (M+OG),Urban,Total,139561,72869,66692,42507,33383,9124,6502,3817,2685,3083,2186,897,90552,35669,54883,9087,4636,4451
B0103,23,802167,Damoh (M+OG),Urban,Illiterate,34202,14672,19530,6449,3339,3110,1619,582,1037,632,331,301,26134,10751,15383,773,234,539
B0103,23,802167,Damoh (M+OG),Urban,Literate,105359,58197,47162,36058,30044,6014,4883,3235,1648,2451,1855,596,64418,24918,39500,8314,4402,3912
B0103,23,802167,Damoh (M+OG),Urban,Literate but below matric/secondary,59517,31543,27974,16995,13854,3141,3225,2041,1184,1548,1157,391,39297,15648,23649,3142,1661,1481
B0103,23,802167,Damoh (M+OG),Urban,Matric/secondary but below graduate,27174,15729,11445,9661,8584,1077,1118,827,291,596,480,116,16395,6318,10077,2880,1622,1258
B0103,23,802167,Damoh (M+OG),Urban,Technical diploma or certificate not equal to degree,468,410,58,263,241,22,14,14,0,7,7,0,191,155,36,66,52,14
B0103,23,802167,Damoh (M+OG),Urban,Graduate and above other than technical degree,14625,8488,6137,7581,6218,1363,375,262,113,225,159,66,6669,2008,4661,1797,814,983
B0103,23,802167,Damoh (M+OG),Urban,Technical degree or diploma equal to degree or post-graduate degree,1919,1252,667,920,688,232,38,30,8,24,20,4,961,534,427,336,212,124
B0103,23,802170,Satna (M Corp.+OG),Urban,Total,282977,149415,133562,79805,66262,13543,12941,8037,4904,5966,4008,1958,190231,75116,115115,15293,7275,8018
B0103,23,802170,Satna (M Corp.+OG),Urban,Illiterate,71007,30587,40420,12341,7497,4844,4013,1639,2374,1863,859,1004,54653,21451,33202,1702,407,1295
B0103,23,802170,Satna (M Corp.+OG),Urban,Literate,211970,118828,93142,67464,58765,8699,8928,6398,2530,4103,3149,954,135578,53665,81913,13591,6868,6723
B0103,23,802170,Satna (M Corp.+OG),Urban,Literate but below matric/secondary,105804,55969,49835,23579,20468,3111,4792,3349,1443,2278,1743,535,77433,32152,45281,4103,1885,2218
B0103,23,802170,Satna (M Corp.+OG),Urban,Matric/secondary but below graduate,58869,34041,24828,19789,17998,1791,2322,1771,551,1026,832,194,36758,14272,22486,4896,2631,2265
B0103,23,802170,Satna (M Corp.+OG),Urban,Technical diploma or certificate not equal to degree,1242,1090,152,690,651,39,29,26,3,11,11,0,523,413,110,127,115,12
B0103,23,802170,Satna (M Corp.+OG),Urban,Graduate and above other than technical degree,32212,19517,12695,17290,14575,2715,1129,807,322,495,351,144,13793,4135,9658,2973,1388,1585
B0103,23,802170,Satna (M Corp.+OG),Urban,Technical degree or diploma equal to degree or post-graduate degree,5483,3879,1604,2819,2333,486,179,134,45,88,66,22,2485,1412,1073,908,581,327
B0103,23,802189,Rewa (M Corp.),Urban,Total,235654,124012,111642,63395,50947,12448,14415,8954,5461,7679,4925,2754,157844,64111,93733,19553,8812,10741
B0103,23,802189,Rewa (M Corp.),Urban,Illiterate,54150,22920,31230,8567,4754,3813,3935,1730,2205,2326,1122,1204,41648,16436,25212,1847,462,1385
B0103,23,802189,Rewa (M Corp.),Urban,Literate,181504,101092,80412,54828,46193,8635,10480,7224,3256,5353,3803,1550,116196,47675,68521,17706,8350,9356
B0103,23,802189,Rewa (M Corp.),Urban,Literate but below matric/secondary,80768,41847,38921,15271,12659,2612,5098,3510,1588,2701,1976,725,60399,25678,34721,4913,2010,2903
B0103,23,802189,Rewa (M Corp.),Urban,Matric/secondary but below graduate,53478,30132,23346,15882,14153,1729,3142,2206,936,1577,1103,474,34454,13773,20681,6937,3512,3425
B0103,23,802189,Rewa (M Corp.),Urban,Technical diploma or certificate not equal to degree,1392,1211,181,745,707,38,43,38,5,18,15,3,604,466,138,186,141,45
B0103,23,802189,Rewa (M Corp.),Urban,Graduate and above other than technical degree,34233,20541,13692,17695,14445,3250,1487,986,501,683,464,219,15051,5110,9941,4157,1812,2345
B0103,23,802189,Rewa (M Corp.),Urban,Technical degree or diploma equal to degree or post-graduate degree,6876,4865,2011,3441,2814,627,273,200,73,136,99,37,3162,1851,1311,1170,736,434
B0103,23,802200,Neemuch (M+OG),Urban,Total,128561,67890,60671,44155,36481,7674,2867,1419,1448,1530,811,719,81539,29990,51549,5714,2444,3270
B0103,23,802200,Neemuch (M+OG),Urban,Illiterate,32734,13874,18860,6698,3788,2910,1147,413,734,639,256,383,24889,9673,15216,544,152,392
B0103,23,802200,Neemuch (M+OG),Urban,Literate,95827,54016,41811,37457,32693,4764,1720,1006,714,891,555,336,56650,20317,36333,5170,2292,2878
B0103,23,802200,Neemuch (M+OG),Urban,Literate but below matric/secondary,50497,27198,23299,15403,13358,2045,1087,613,474,583,347,236,34007,13227,20780,1994,825,1169
B0103,23,802200,Neemuch (M+OG),Urban,Matric/secondary but below graduate,25708,15440,10268,11362,10390,972,354,238,116,175,129,46,13992,4812,9180,1743,857,886
B0103,23,802200,Neemuch (M+OG),Urban,Technical diploma or certificate not equal to degree,370,330,40,253,240,13,4,3,1,1,1,0,113,87,26,36,31,5
B0103,23,802200,Neemuch (M+OG),Urban,Graduate and above other than technical degree,14636,8543,6093,8249,6970,1279,166,88,78,77,40,37,6221,1485,4736,1006,393,613
B0103,23,802200,Neemuch (M+OG),Urban,Technical degree or diploma equal to degree or post-graduate degree,1792,1126,666,957,738,219,19,13,6,7,6,1,816,375,441,240,137,103
B0103,23,802211,Mandsaur (M),Urban,Total,141667,72488,69179,45530,37292,8238,4338,2318,2020,1718,1070,648,91799,32878,58921,5560,2545,3015
B0103,23,802211,Mandsaur (M),Urban,Illiterate,34189,14096,20093,6459,3694,2765,1017,292,725,330,121,209,26713,10110,16603,480,112,368
B0103,23,802211,Mandsaur (M),Urban,Literate,107478,58392,49086,39071,33598,5473,3321,2026,1295,1388,949,439,65086,22768,42318,5080,2433,2647
B0103,23,802211,Mandsaur (M),Urban,Literate but below matric/secondary,57631,30256,27375,16851,14626,2225,2071,1201,870,879,615,264,38709,14429,24280,1786,800,986
B0103,23,802211,Mandsaur (M),Urban,Matric/secondary but below graduate,26333,14630,11703,9724,8711,1013,630,426,204,260,183,77,15979,5493,10486,1789,927,862
B0103,23,802211,Mandsaur (M),Urban,Technical diploma or certificate not equal to degree,304,262,42,174,166,8,11,9,2,3,2,1,119,87,32,37,28,9
B0103,23,802211,Mandsaur (M),Urban,Graduate and above other than technical degree,16162,9518,6644,9222,7610,1612,356,238,118,150,88,62,6584,1670,4914,1018,429,589
B0103,23,802211,Mandsaur (M),Urban,Technical degree or diploma equal to degree or post-graduate degree,2063,1402,661,1082,851,231,65,43,22,27,15,12,916,508,408,276,175,101
B0103,23,802222,Ratlam (M Corp.),Urban,Total,264914,134915,129999,79568,65284,14284,9128,5965,3163,4870,3362,1508,176218,63666,112552,14031,6091,7940
B0103,23,802222,Ratlam (M Corp.),Urban,Illiterate,60813,25408,35405,9449,5519,3930,2283,1014,1269,1360,649,711,49081,18875,30206,1427,351,1076
B0103,23,802222,Ratlam (M Corp.),Urban,Literate,204101,109507,94594,70119,59765,10354,6845,4951,1894,3510,2713,797,127137,44791,82346,12604,5740,6864
B0103,23,802222,Ratlam (M Corp.),Urban,Literate but below matric/secondary,105254,54165,51089,28042,24150,3892,4205,3065,1140,2251,1759,492,73007,26950,46057,4640,1868,2772
B0103,23,802222,Ratlam (M Corp.),Urban,Matric/secondary but below graduate,57264,31795,25469,20533,18225,2308,1643,1260,383,823,662,161,35088,12310,22778,4730,2436,2294
B0103,23,802222,Ratlam (M Corp.),Urban,Technical diploma or certificate not equal to degree,1019,868,151,565,524,41,17,15,2,11,10,1,437,329,108,126,96,30
B0103,23,802222,Ratlam (M Corp.),Urban,Graduate and above other than technical degree,33060,18591,14469,17634,14339,3295,717,455,262,290,189,101,14709,3797,10912,2407,950,1457
B0103,23,802222,Ratlam (M Corp.),Urban,Technical degree or diploma equal to degree or post-graduate degree,3529,2270,1259,1911,1441,470,72,42,30,32,22,10,1546,787,759,466,285,181
B0103,23,802225,Nagda (M),Urban,Total,100039,51373,48666,27259,23050,4209,3918,2692,1226,1951,1467,484,68862,25631,43231,5042,2452,2590
B0103,23,802225,Nagda (M),Urban,Illiterate,28567,11300,17267,4840,2983,1857,1128,531,597,475,242,233,22599,7786,14813,680,162,518
B0103,23,802225,Nagda (M),Urban,Literate,71472,40073,31399,22419,20067,2352,2790,2161,629,1476,1225,251,46263,17845,28418,4362,2290,2072
B0103,23,802225,Nagda (M),Urban,Literate but below matric/secondary,39528,21131,18397,9613,8690,923,1695,1320,375,924,758,166,28220,11121,17099,1506,752,754
B0103,23,802225,Nagda (M),Urban,Matric/secondary but below graduate,19525,11680,7845,6723,6205,518,669,532,137,336,301,35,12133,4943,7190,1706,1000,706
B0103,23,802225,Nagda (M),Urban,Technical diploma or certificate not equal to degree,417,381,36,289,274,15,14,12,2,7,6,1,114,95,19,36,33,3
B0103,23,802225,Nagda (M),Urban,Graduate and above other than technical degree,8444,4740,3704,4221,3557,664,249,180,69,121,93,28,3974,1003,2971,802,332,470
B0103,23,802225,Nagda (M),Urban,Technical degree or diploma equal to degree or post-graduate degree,1400,967,433,739,610,129,33,23,10,18,12,6,628,334,294,202,122,80
B0103,23,802230,Ujjain (M Corp.),Urban,Total,515215,264871,250344,167634,132750,34884,17813,10635,7178,8997,5925,3072,329768,121486,208282,22963,10056,12907
B0103,23,802230,Ujjain (M Corp.),Urban,Illiterate,130022,54796,75226,25936,14792,11144,5162,2086,3076,2678,1257,1421,98924,37918,61006,2384,603,1781
B0103,23,802230,Ujjain (M Corp.),Urban,Literate,385193,210075,175118,141698,117958,23740,12651,8549,4102,6319,4668,1651,230844,83568,147276,20579,9453,11126
B0103,23,802230,Ujjain (M Corp.),Urban,Literate but below matric/secondary,200405,106860,93545,59876,50382,9494,7959,5352,2607,4074,3007,1067,132570,51126,81444,6949,3025,3924
B0103,23,802230,Ujjain (M Corp.),Urban,Matric/secondary but below graduate,97835,54024,43811,36128,31472,4656,2698,1936,762,1363,1062,301,59009,20616,38393,7157,3547,3610
B0103,23,802230,Ujjain (M Corp.),Urban,Technical diploma or certificate not equal to degree,2141,1820,321,1261,1181,80,35,29,6,18,15,3,845,610,235,199,139,60
B0103,23,802230,Ujjain (M Corp.),Urban,Graduate and above other than technical degree,63421,35589,27832,34548,27417,7131,1239,775,464,517,340,177,27634,7397,20237,4392,1720,2672
B0103,23,802230,Ujjain (M Corp.),Urban,Technical degree or diploma equal to degree or post-graduate degree,9322,6027,3295,4990,3760,1230,174,109,65,84,53,31,4158,2158,2000,1256,751,505
B0103,23,802248,Dewas (M Corp.),Urban,Total,289550,150081,139469,87471,73059,14412,8701,5087,3614,4810,3102,1708,193378,71935,121443,10986,5119,5867
B0103,23,802248,Dewas (M Corp.),Urban,Illiterate,74462,30238,44224,11377,7091,4286,2787,960,1827,1550,625,925,60298,22187,38111,1334,270,1064
B0103,23,802248,Dewas (M Corp.),Urban,Literate,215088,119843,95245,76094,65968,10126,5914,4127,1787,3260,2477,783,133080,49748,83332,9652,4849,4803
B0103,23,802248,Dewas (M Corp.),Urban,Literate but below matric/secondary,115148,59988,55160,29796,26241,3555,3660,2509,1151,2086,1590,496,81692,31238,50454,3548,1634,1914
B0103,23,802248,Dewas (M Corp.),Urban,Matric/secondary but below graduate,61947,37612,24335,25519,23117,2402,1495,1130,365,837,669,168,34933,13365,21568,3686,2106,1580
B0103,23,802248,Dewas (M Corp.),Urban,Technical diploma or certificate not equal to degree,1730,1536,194,1198,1137,61,21,19,2,12,11,1,511,380,131,91,68,23
B0103,23,802248,Dewas (M Corp.),Urban,Graduate and above other than technical degree,25714,14752,10962,14726,11604,3122,412,274,138,164,106,58,10576,2874,7702,1542,609,933
B0103,23,802248,Dewas (M Corp.),Urban,Technical degree or diploma equal to degree or post-graduate degree,4134,2829,1305,2285,1793,492,63,37,26,27,16,11,1786,999,787,477,297,180
B0103,23,802261,Pithampur (M),Urban,Total,126200,70250,55950,46139,39389,6750,3626,2215,1411,1066,653,413,76435,28646,47789,2609,956,1653
B0103,23,802261,Pithampur (M),Urban,Illiterate,41017,18032,22985,7572,4799,2773,1251,475,776,389,154,235,32194,12758,19436,580,107,473
B0103,23,802261,Pithampur (M),Urban,Literate,85183,52218,32965,38567,34590,3977,2375,1740,635,677,499,178,44241,15888,28353,2029,849,1180
B0103,23,802261,Pithampur (M),Urban,Literate but below matric/secondary,51638,28813,22825,17216,15174,2042,1395,950,445,381,259,122,33027,12689,20338,1166,464,702
B0103,23,802261,Pithampur (M),Urban,Matric/secondary but below graduate,25411,17818,7593,15916,14561,1355,686,565,121,210,170,40,8809,2692,6117,674,313,361
B0103,23,802261,Pithampur (M),Urban,Technical diploma or certificate not equal to degree,847,815,32,758,744,14,18,16,2,10,10,0,71,55,16,6,6,0
B0103,23,802261,Pithampur (M),Urban,Graduate and above other than technical degree,4770,3350,1420,3410,3031,379,135,110,25,43,38,5,1225,209,1016,105,40,65
B0103,23,802261,Pithampur (M),Urban,Technical degree or diploma equal to degree or post-graduate degree,380,307,73,281,250,31,9,9,0,1,1,0,90,48,42,15,12,3
B0103,23,802273,Indore (M Corp.+OG),Urban,Total,1994397,1035912,958485,677625,544167,133458,47646,26977,20669,18184,11212,6972,1269126,464768,804358,78299,33231,45068
B0103,23,802273,Indore (M Corp.+OG),Urban,Illiterate,490555,218675,271880,95503,59613,35890,11253,4949,6304,3968,1944,2024,383799,154113,229686,8811,2459,6352
B0103,23,802273,Indore (M Corp.+OG),Urban,Literate,1503842,817237,686605,582122,484554,97568,36393,22028,14365,14216,9268,4948,885327,310655,574672,69488,30772,38716
B0103,23,802273,Indore (M Corp.+OG),Urban,Literate but below matric/secondary,713504,377213,336291,217193,181748,35445,17818,11077,6741,6996,4772,2224,478493,184388,294105,23804,9929,13875
B0103,23,802273,Indore (M Corp.+OG),Urban,Matric/secondary but below graduate,412564,231535,181029,162922,142811,20111,10070,6354,3716,4250,2839,1411,239572,82370,157202,25923,12912,13011
B0103,23,802273,Indore (M Corp.+OG),Urban,Technical diploma or certificate not equal to degree,8078,6325,1753,5277,4547,730,148,110,38,55,40,15,2653,1668,985,426,247,179
B0103,23,802273,Indore (M Corp.+OG),Urban,Graduate and above other than technical degree,269367,145660,123707,147003,117311,29692,5273,2629,2644,1794,901,893,117091,25720,91371,13280,4735,8545
B0103,23,802273,Indore (M Corp.+OG),Urban,Technical degree or diploma equal to degree or post-graduate degree,44158,28610,15548,25897,19660,6237,959,570,389,371,229,142,17302,8380,8922,3561,2052,1509
B0103,23,802284,Khargone (M+OG),Urban,Total,116150,59752,56398,33958,28243,5715,3205,2257,948,1501,1150,351,78987,29252,49735,3958,1860,2098
B0103,23,802284,Khargone (M+OG),Urban,Illiterate,34492,14784,19708,6435,4159,2276,920,499,421,373,227,146,27137,10126,17011,492,137,355
B0103,23,802284,Khargone (M+OG),Urban,Literate,81658,44968,36690,27523,24084,3439,2285,1758,527,1128,923,205,51850,19126,32724,3466,1723,1743
B0103,23,802284,Khargone (M+OG),Urban,Literate but below matric/secondary,47672,25273,22399,12645,11295,1350,1633,1304,329,785,669,116,33394,12674,20720,1237,609,628
B0103,23,802284,Khargone (M+OG),Urban,Matric/secondary but below graduate,18847,10502,8345,6549,5888,661,385,277,108,209,163,46,11913,4337,7576,1219,629,590
B0103,23,802284,Khargone (M+OG),Urban,Technical diploma or certificate not equal to degree,459,388,71,310,298,12,4,4,0,3,3,0,145,86,59,40,25,15
B0103,23,802284,Khargone (M+OG),Urban,Graduate and above other than technical degree,10711,6385,4326,6282,5161,1121,157,95,62,73,44,29,4272,1129,3143,612,236,376
B0103,23,802284,Khargone (M+OG),Urban,Technical degree or diploma equal to degree or post-graduate degree,1873,1360,513,979,824,155,31,21,10,15,11,4,863,515,348,277,190,87
B0103,23,802310,Vidisha (M),Urban,Total,155951,81488,74463,45163,37598,7565,4623,2954,1669,2591,1764,827,106165,40936,65229,8518,3517,5001
B0103,23,802310,Vidisha (M),Urban,Illiterate,40221,17555,22666,6425,4248,2177,1226,588,638,744,392,352,32570,12719,19851,919,183,736
B0103,23,802310,Vidisha (M),Urban,Literate,115730,63933,51797,38738,33350,5388,3397,2366,1031,1847,1372,475,73595,28217,45378,7599,3334,4265
B0103,23,802310,Vidisha (M),Urban,Literate but below matric/secondary,63405,33747,29658,16081,14375,1706,2046,1478,568,1164,917,247,45278,17894,27384,2769,1060,1709
B0103,23,802310,Vidisha (M),Urban,Matric/secondary but below graduate,27702,15638,12064,9279,8240,1039,756,521,235,410,287,123,17667,6877,10790,2517,1253,1264
B0103,23,802310,Vidisha (M),Urban,Technical diploma or certificate not equal to degree,498,415,83,286,263,23,9,8,1,2,2,0,203,144,59,52,35,17
B0103,23,802310,Vidisha (M),Urban,Graduate and above other than technical degree,18209,10630,7579,10364,8353,2011,424,253,171,191,117,74,7421,2024,5397,1582,612,970
B0103,23,802310,Vidisha (M),Urban,Technical degree or diploma equal to degree or post-graduate degree,3814,2547,1267,1969,1521,448,70,49,21,35,21,14,1775,977,798,566,340,226
B0103,23,802312,Bhopal (M Corp.),Urban,Total,1798218,936168,862050,539208,434315,104893,91904,56181,35723,47500,30296,17204,1167106,445672,721434,129216,53115,76101
B0103,23,802312,Bhopal (M Corp.),Urban,Illiterate,477543,215961,261582,89139,60096,29043,24013,11922,12091,12413,6580,5833,364391,143943,220448,17285,4443,12842
B0103,23,802312,Bhopal (M Corp.),Urban,Literate,1320675,720207,600468,450069,374219,75850,67891,44259,23632,35087,23716,11371,802715,301729,500986,111931,48672,63259
B0103,23,802312,Bhopal (M Corp.),Urban,Literate but below matric/secondary,612355,325154,287201,153354,131777,21577,33297,22302,10995,17355,12242,5113,425704,171075,254629,37021,14908,22113
B0103,23,802312,Bhopal (M Corp.),Urban,Matric/secondary but below graduate,363119,203212,159907,125405,110680,14725,18106,11911,6195,9714,6612,3102,219608,80621,138987,41161,19712,21449
B0103,23,802312,Bhopal (M Corp.),Urban,Technical diploma or certificate not equal to degree,11807,9831,1976,6689,6050,639,481,377,104,246,190,56,4637,3404,1233,1031,736,295
B0103,23,802312,Bhopal (M Corp.),Urban,Graduate and above other than technical degree,229915,121796,108119,118701,90903,27798,9203,5268,3935,4307,2381,1926,102011,25625,76386,21468,7522,13946
B0103,23,802312,Bhopal (M Corp.),Urban,Technical degree or diploma equal to degree or post-graduate degree,52898,33622,19276,27389,20265,7124,2419,1511,908,1215,783,432,23090,11846,11244,7313,4310,3003
B0103,23,802314,Sehore (M+OG),Urban,Total,109118,56335,52783,29691,24802,4889,5630,3755,1875,3053,2146,907,73797,27778,46019,6861,2820,4041
B0103,23,802314,Sehore (M+OG),Urban,Illiterate,28188,12237,15951,4228,2872,1356,1706,808,898,909,460,449,22254,8557,13697,739,166,573
B0103,23,802314,Sehore (M+OG),Urban,Literate,80930,44098,36832,25463,21930,3533,3924,2947,977,2144,1686,458,51543,19221,32322,6122,2654,3468
B0103,23,802314,Sehore (M+OG),Urban,Literate but below matric/secondary,43403,23281,20122,10892,9754,1138,2383,1790,593,1323,1050,273,30128,11737,18391,2187,809,1378
B0103,23,802314,Sehore (M+OG),Urban,Matric/secondary but below graduate,21502,11624,9878,6540,5823,717,974,752,222,532,425,107,13988,5049,8939,2165,1037,1128
B0103,23,802314,Sehore (M+OG),Urban,Technical diploma or certificate not equal to degree,215,157,58,101,95,6,7,7,0,3,3,0,107,55,52,29,19,10
B0103,23,802314,Sehore (M+OG),Urban,Graduate and above other than technical degree,12035,6855,5180,6405,5054,1351,354,257,97,175,127,48,5276,1544,3732,1276,534,742
B0103,23,802314,Sehore (M+OG),Urban,Technical degree or diploma equal to degree or post-graduate degree,1852,1219,633,859,651,208,46,34,12,29,20,9,947,534,413,333,206,127
B0103,23,802335,Betul (M),Urban,Total,103330,52823,50507,29912,24257,5655,4107,2706,1401,2170,1486,684,69311,25860,43451,7931,3319,4612
B0103,23,802335,Betul (M),Urban,Illiterate,21062,9165,11897,3242,1960,1282,716,317,399,380,190,190,17104,6888,10216,418,92,326
B0103,23,802335,Betul (M),Urban,Literate,82268,43658,38610,26670,22297,4373,3391,2389,1002,1790,1296,494,52207,18972,33235,7513,3227,4286
B0103,23,802335,Betul (M),Urban,Literate but below matric/secondary,37520,19343,18177,8856,7589,1267,1764,1232,532,930,670,260,26900,10522,16378,1917,773,1144
B0103,23,802335,Betul (M),Urban,Matric/secondary but below graduate,22503,11851,10652,6736,5900,836,887,650,237,497,369,128,14880,5301,9579,2706,1262,1444
B0103,23,802335,Betul (M),Urban,Technical diploma or certificate not equal to degree,612,498,114,295,276,19,13,11,2,10,9,1,304,211,93,119,80,39
B0103,23,802335,Betul (M),Urban,Graduate and above other than technical degree,15095,8655,6440,8120,6467,1653,484,346,138,232,173,59,6491,1842,4649,1951,756,1195
B0103,23,802335,Betul (M),Urban,Technical degree or diploma equal to degree or post-graduate degree,2030,1263,767,996,766,230,34,18,16,17,4,13,1000,479,521,436,220,216
B0103,23,802346,Hoshangabad (M),Urban,Total,117988,61716,56272,33535,27791,5744,3872,2564,1308,2374,1681,693,80581,31361,49220,7400,3554,3846
B0103,23,802346,Hoshangabad (M),Urban,Illiterate,26880,11536,15344,3995,2500,1495,997,445,552,613,317,296,21888,8591,13297,486,131,355
B0103,23,802346,Hoshangabad (M),Urban,Literate,91108,50180,40928,29540,25291,4249,2875,2119,756,1761,1364,397,58693,22770,35923,6914,3423,3491
B0103,23,802346,Hoshangabad (M),Urban,Literate but below matric/secondary,43988,22938,21050,10429,9142,1287,1736,1288,448,1095,860,235,31823,12508,19315,1773,808,965
B0103,23,802346,Hoshangabad (M),Urban,Matric/secondary but below graduate,25574,14695,10879,8268,7449,819,627,488,139,379,310,69,16679,6758,9921,2437,1319,1118
B0103,23,802346,Hoshangabad (M),Urban,Technical diploma or certificate not equal to degree,535,468,67,323,299,24,10,9,1,6,6,0,202,160,42,54,42,12
B0103,23,802346,Hoshangabad (M),Urban,Graduate and above other than technical degree,16733,9627,7106,8647,6969,1678,363,248,115,201,139,62,7723,2410,5313,2096,939,1157
B0103,23,802346,Hoshangabad (M),Urban,Technical degree or diploma equal to degree or post-graduate degree,2247,1445,802,1155,853,302,48,30,18,27,19,8,1044,562,482,401,255,146
B0103,23,802351,Murwara (Katni) (M Corp.),Urban,Total,221883,115348,106535,65915,54302,11613,8762,5688,3074,4226,2958,1268,147206,55358,91848,11142,5695,5447
B0103,23,802351,Murwara (Katni) (M Corp.),Urban,Illiterate,53465,23050,30415,9375,5361,4014,2413,1014,1399,1222,579,643,41677,16675,25002,1110,340,770
B0103,23,802351,Murwara (Katni) (M Corp.),Urban,Literate,168418,92298,76120,56540,48941,7599,6349,4674,1675,3004,2379,625,105529,38683,66846,10032,5355,4677
B0103,23,802351,Murwara (Katni) (M Corp.),Urban,Literate but below matric/secondary,82459,43217,39242,19606,16762,2844,3604,2661,943,1791,1427,364,59249,23794,35455,3285,1727,1558
B0103,23,802351,Murwara (Katni) (M Corp.),Urban,Matric/secondary but below graduate,47911,27800,20111,18337,16662,1675,1508,1191,317,679,574,105,28066,9947,18119,3611,2100,1511
B0103,23,802351,Murwara (Katni) (M Corp.),Urban,Technical diploma or certificate not equal to degree,934,835,99,562,528,34,23,19,4,11,9,2,349,288,61,125,112,13
B0103,23,802351,Murwara (Katni) (M Corp.),Urban,Graduate and above other than technical degree,24109,13598,10511,12630,10632,1998,602,384,218,277,185,92,10877,2582,8295,1927,839,1088
B0103,23,802351,Murwara (Katni) (M Corp.),Urban,Technical degree or diploma equal to degree or post-graduate degree,2902,1858,1044,1422,1118,304,73,50,23,39,32,7,1407,690,717,465,291,174
B0103,23,802361,Jabalpur (M Corp.+OG),Urban,Total,1081677,559361,522316,335256,261332,73924,56792,36909,19883,28613,19937,8676,689629,261120,428509,72226,32420,39806
B0103,23,802361,Jabalpur (M Corp.+OG),Urban,Illiterate,237556,106454,131102,44183,26257,17926,11731,5684,6047,5697,3130,2567,181642,74513,107129,6527,2105,4422
B0103,23,802361,Jabalpur (M Corp.+OG),Urban,Literate,844121,452907,391214,291073,235075,55998,45061,31225,13836,22916,16807,6109,507987,186607,321380,65699,30315,35384
B0103,23,802361,Jabalpur (M Corp.+OG),Urban,Literate but below matric/secondary,395256,206747,188509,107914,85875,22039,24836,17234,7602,12823,9661,3162,262506,103638,158868,21838,9921,11917
B0103,23,802361,Jabalpur (M Corp.+OG),Urban,Matric/secondary but below graduate,236658,130582,106076,82158,70832,11326,11570,8400,3170,6003,4497,1506,142930,51350,91580,22944,11344,11600
B0103,23,802361,Jabalpur (M Corp.+OG),Urban,Technical diploma or certificate not equal to degree,5984,5013,971,3435,3185,250,194,156,38,77,60,17,2355,1672,683,540,366,174
B0103,23,802361,Jabalpur (M Corp.+OG),Urban,Graduate and above other than technical degree,143337,75851,67486,70322,54800,15522,4803,3040,1763,2205,1358,847,68212,18011,50201,13661,5206,8455
B0103,23,802361,Jabalpur (M Corp.+OG),Urban,Technical degree or diploma equal to degree or post-graduate degree,26374,16374,10000,12642,9265,3377,909,587,322,464,307,157,12823,6522,6301,3896,2284,1612
B0103,23,802386,Chhindwara (M+OG),Urban,Total,175052,89396,85656,54216,42650,11566,5147,3024,2123,2575,1593,982,115689,43722,71967,11253,5220,6033
B0103,23,802386,Chhindwara (M+OG),Urban,Illiterate,36247,15386,20861,6915,3767,3148,1189,416,773,609,231,378,28143,11203,16940,578,163,415
B0103,23,802386,Chhindwara (M+OG),Urban,Literate,138805,74010,64795,47301,38883,8418,3958,2608,1350,1966,1362,604,87546,32519,55027,10675,5057,5618
B0103,23,802386,Chhindwara (M+OG),Urban,Literate but below matric/secondary,67359,34910,32449,18455,15173,3282,2194,1387,807,1095,729,366,46710,18350,28360,2852,1278,1574
B0103,23,802386,Chhindwara (M+OG),Urban,Matric/secondary but below graduate,40218,21461,18757,12667,11017,1650,1074,778,296,511,397,114,26477,9666,16811,4111,2030,2081
B0103,23,802386,Chhindwara (M+OG),Urban,Technical diploma or certificate not equal to degree,749,577,172,391,351,40,9,8,1,5,5,0,349,218,131,116,69,47
B0103,23,802386,Chhindwara (M+OG),Urban,Graduate and above other than technical degree,25180,14094,11086,13373,10539,2834,525,341,184,274,177,97,11282,3214,8068,2853,1273,1580
B0103,23,802386,Chhindwara (M+OG),Urban,Technical degree or diploma equal to degree or post-graduate degree,3053,1964,1089,1504,1138,366,54,36,18,36,25,11,1495,790,705,593,357,236
B0103,23,802393,Seoni (M),Urban,Total,102343,52352,49991,30939,25037,5902,3251,2103,1148,1868,1278,590,68153,25212,42941,5743,2838,2905
B0103,23,802393,Seoni (M),Urban,Illiterate,19485,8116,11369,2930,1465,1465,647,229,418,368,137,231,15908,6422,9486,221,53,168
B0103,23,802393,Seoni (M),Urban,Literate,82858,44236,38622,28009,23572,4437,2604,1874,730,1500,1141,359,52245,18790,33455,5522,2785,2737
B0103,23,802393,Seoni (M),Urban,Literate but below matric/secondary,41683,21747,19936,11354,9673,1681,1586,1124,462,948,717,231,28743,10950,17793,1483,792,691
B0103,23,802393,Seoni (M),Urban,Matric/secondary but below graduate,22250,11505,10745,6908,6039,869,548,412,136,303,237,66,14794,5054,9740,1912,996,916
B0103,23,802393,Seoni (M),Urban,Technical diploma or certificate not equal to degree,637,531,106,328,310,18,11,9,2,5,5,0,298,212,86,88,60,28
B0103,23,802393,Seoni (M),Urban,Graduate and above other than technical degree,14545,8408,6137,7837,6344,1493,346,252,94,191,141,50,6362,1812,4550,1565,668,897
B0103,23,802393,Seoni (M),Urban,Technical degree or diploma equal to degree or post-graduate degree,1790,1166,624,824,637,187,28,18,10,15,8,7,938,511,427,350,218,132
B0103,23,802401,Guna (M),Urban,Total,180935,94464,86471,48668,41290,7378,7346,5265,2081,4008,3277,731,124921,47909,77012,9513,4596,4917
B0103,23,802401,Guna (M),Urban,Illiterate,55640,23321,32319,8783,6033,2750,2408,1396,1012,1339,980,359,44449,15892,28557,1852,388,1464
B0103,23,802401,Guna (M),Urban,Literate,125295,71143,54152,39885,35257,4628,4938,3869,1069,2669,2297,372,80472,32017,48455,7661,4208,3453
B0103,23,802401,Guna (M),Urban,Literate but below matric/secondary,69373,38017,31356,16591,15055,1536,3078,2433,645,1736,1540,196,49704,20529,29175,2818,1481,1337
B0103,23,802401,Guna (M),Urban,Matric/secondary but below graduate,29650,17395,12255,9805,8932,873,1061,871,190,576,508,68,18784,7592,11192,2550,1510,1040
B0103,23,802401,Guna (M),Urban,Technical diploma or certificate not equal to degree,426,379,47,262,254,8,9,7,2,4,3,1,155,118,37,44,35,9
B0103,23,802401,Guna (M),Urban,Graduate and above other than technical degree,19736,11767,7969,10577,8837,1740,475,329,146,209,133,76,8684,2601,6083,1701,852,849
B0103,23,802401,Guna (M),Urban,Technical degree or diploma equal to degree or post-graduate degree,2368,1649,719,1253,1006,247,53,35,18,24,15,9,1062,608,454,363,249,114
B0103,23,802426,Singrauli (M Corp.),Urban,Total,220257,116867,103390,56295,48913,7382,10408,6422,3986,4553,3199,1354,153554,61532,92022,9706,4892,4814
B0103,23,802426,Singrauli (M Corp.),Urban,Illiterate,77109,32189,44920,13183,9407,3776,4557,2035,2522,1871,1011,860,59369,20747,38622,1847,411,1436
B0103,23,802426,Singrauli (M Corp.),Urban,Literate,143148,84678,58470,43112,39506,3606,5851,4387,1464,2682,2188,494,94185,40785,53400,7859,4481,3378
B0103,23,802426,Singrauli (M Corp.),Urban,Literate but below matric/secondary,73303,40610,32693,14315,13179,1136,3164,2344,820,1472,1217,255,55824,25087,30737,2360,1210,1150
B0103,23,802426,Singrauli (M Corp.),Urban,Matric/secondary but below graduate,36565,22579,13986,12043,11374,669,1311,1046,265,594,493,101,23211,10159,13052,2780,1706,1074
B0103,23,802426,Singrauli (M Corp.),Urban,Technical diploma or certificate not equal to degree,2730,2494,236,1860,1756,104,58,49,9,29,25,4,812,689,123,218,190,28
B0103,23,802426,Singrauli (M Corp.),Urban,Graduate and above other than technical degree,14778,9110,5668,7747,6794,953,466,343,123,207,159,48,6565,1973,4592,1388,692,696
B0103,23,802426,Singrauli (M Corp.),Urban,Technical degree or diploma equal to degree or post-graduate degree,3269,2536,733,1919,1709,210,79,57,22,42,32,10,1271,770,501,434,309,125
B0103,23,802435,Khandwa (M Corp.),Urban,Total,200738,102901,97837,59011,49281,9730,6710,4336,2374,3841,2809,1032,135017,49284,85733,8880,3945,4935
B0103,23,802435,Khandwa (M Corp.),Urban,Illiterate,49193,21703,27490,7620,5079,2541,1703,746,957,913,463,450,39870,15878,23992,740,217,523
B0103,23,802435,Khandwa (M Corp.),Urban,Literate,151545,81198,70347,51391,44202,7189,5007,3590,1417,2928,2346,582,95147,33406,61741,8140,3728,4412
B0103,23,802435,Khandwa (M Corp.),Urban,Literate but below matric/secondary,84650,44424,40226,23022,20609,2413,3386,2493,893,2087,1704,383,58242,21322,36920,2856,1299,1557
B0103,23,802435,Khandwa (M Corp.),Urban,Matric/secondary but below graduate,37655,20113,17542,12736,11248,1488,950,684,266,511,427,84,23969,8181,15788,2752,1360,1392
B0103,23,802435,Khandwa (M Corp.),Urban,Technical diploma or certificate not equal to degree,1632,1399,233,865,808,57,38,36,2,23,22,1,729,555,174,177,139,38
B0103,23,802435,Khandwa (M Corp.),Urban,Graduate and above other than technical degree,20822,11522,9300,11649,9229,2420,429,247,182,197,118,79,8744,2046,6698,1608,537,1071
B0103,23,802435,Khandwa (M Corp.),Urban,Technical degree or diploma equal to degree or post-graduate degree,3609,2186,1423,1885,1287,598,75,49,26,40,26,14,1649,850,799,554,304,250
B0103,23,802439,Burhanpur (M Corp.),Urban,Total,210886,108187,102699,65060,55051,10009,4334,2406,1928,1863,1232,631,141492,50730,90762,6965,2924,4041
B0103,23,802439,Burhanpur (M Corp.),Urban,Illiterate,63830,28871,34959,12628,9061,3567,1525,674,851,577,291,286,49677,19136,30541,1138,342,796
B0103,23,802439,Burhanpur (M Corp.),Urban,Literate,147056,79316,67740,52432,45990,6442,2809,1732,1077,1286,941,345,91815,31594,60221,5827,2582,3245
B0103,23,802439,Burhanpur (M Corp.),Urban,Literate but below matric/secondary,95251,50465,44786,30036,26493,3543,2019,1243,776,920,673,247,63196,22729,40467,3014,1256,1758
B0103,23,802439,Burhanpur (M Corp.),Urban,Matric/secondary but below graduate,30995,16406,14589,11025,9940,1085,481,294,187,232,171,61,19489,6172,13317,1598,755,843
B0103,23,802439,Burhanpur (M Corp.),Urban,Technical diploma or certificate not equal to degree,558,452,106,309,294,15,8,5,3,5,3,2,241,153,88,47,30,17
B0103,23,802439,Burhanpur (M Corp.),Urban,Graduate and above other than technical degree,12730,7718,5012,7397,6237,1160,133,89,44,60,47,13,5200,1392,3808,683,304,379
B0103,23,802439,Burhanpur (M Corp.),Urban,Technical degree or diploma equal to degree or post-graduate degree,2473,1607,866,1444,1094,350,35,22,13,16,12,4,994,491,503,221,144,77
B0103,24,802445,Bhuj (M+OG),Urban,Total,148834,78813,70021,49411,42873,6538,6679,3818,2861,1505,913,592,92744,32122,60622,4012,1714,2298
B0103,24,802445,Bhuj (M+OG),Urban,Illiterate,35122,15556,19566,5287,4092,1195,1164,463,701,320,140,180,28671,11001,17670,416,151,265
B0103,24,802445,Bhuj (M+OG),Urban,Literate,113712,63257,50455,44124,38781,5343,5515,3355,2160,1185,773,412,64073,21121,42952,3596,1563,2033
B0103,24,802445,Bhuj (M+OG),Urban,Literate but below matric/secondary,52515,27423,25092,14774,13250,1524,2339,1241,1098,536,330,206,35402,12932,22470,1111,598,513
B0103,24,802445,Bhuj (M+OG),Urban,Matric/secondary but below graduate,33604,20485,13119,15382,14205,1177,1802,1253,549,375,265,110,16420,5027,11393,1273,580,693
B0103,24,802445,Bhuj (M+OG),Urban,Technical diploma or certificate not equal to degree,1964,1172,792,1119,751,368,72,49,23,21,17,4,773,372,401,95,53,42
B0103,24,802445,Bhuj (M+OG),Urban,Graduate and above other than technical degree,13659,7718,5941,7628,6281,1347,547,308,239,129,69,60,5484,1129,4355,695,181,514
B0103,24,802445,Bhuj (M+OG),Urban,Technical degree or diploma equal to degree or post-graduate degree,2798,1818,980,1798,1389,409,107,68,39,21,12,9,893,361,532,167,64,103
B0103,24,802447,Gandhidham (M),Urban,Total,247992,131484,116508,83376,72015,11361,6258,4057,2201,1250,921,329,158358,55412,102946,4686,2228,2458
B0103,24,802447,Gandhidham (M),Urban,Illiterate,71932,30908,41024,12793,9336,3457,1293,579,714,254,135,119,57846,20993,36853,800,233,567
B0103,24,802447,Gandhidham (M),Urban,Literate,176060,100576,75484,70583,62679,7904,4965,3478,1487,996,786,210,100512,34419,66093,3886,1995,1891
B0103,24,802447,Gandhidham (M),Urban,Literate but below matric/secondary,93868,51932,41936,29733,26565,3168,2438,1667,771,609,497,112,61697,23700,37997,1904,980,924
B0103,24,802447,Gandhidham (M),Urban,Matric/secondary but below graduate,44463,26743,17720,20426,18806,1620,1150,860,290,190,153,37,22887,7077,15810,1068,590,478
B0103,24,802447,Gandhidham (M),Urban,Technical diploma or certificate not equal to degree,3436,2847,589,2465,2219,246,110,95,15,18,15,3,861,533,328,98,59,39
B0103,24,802447,Gandhidham (M),Urban,Graduate and above other than technical degree,20653,11525,9128,11350,9544,1806,645,425,220,86,46,40,8658,1556,7102,501,210,291
B0103,24,802447,Gandhidham (M),Urban,Technical degree or diploma equal to degree or post-graduate degree,3778,2524,1254,2426,1950,476,152,107,45,18,14,4,1200,467,733,125,60,65
B0103,24,802450,Palanpur (M+OG),Urban,Total,141592,74088,67504,40634,36170,4464,2548,1666,882,995,744,251,98410,36252,62158,4247,2299,1948
B0103,24,802450,Palanpur (M+OG),Urban,Illiterate,35011,13846,21165,4163,3087,1076,506,187,319,186,94,92,30342,10572,19770,409,160,249
B0103,24,802450,Palanpur (M+OG),Urban,Literate,106581,60242,46339,36471,33083,3388,2042,1479,563,809,650,159,68068,25680,42388,3838,2139,1699
B0103,24,802450,Palanpur (M+OG),Urban,Literate but below matric/secondary,56469,29570,26899,13906,12992,914,1040,721,319,441,357,84,41523,15857,25666,1345,794,551
B0103,24,802450,Palanpur (M+OG),Urban,Matric/secondary but below graduate,30012,18143,11869,11464,10841,623,587,467,120,224,189,35,17961,6835,11126,1313,796,517
B0103,24,802450,Palanpur (M+OG),Urban,Technical diploma or certificate not equal to degree,2810,1699,1111,1779,1165,614,43,24,19,5,2,3,988,510,478,153,82,71
B0103,24,802450,Palanpur (M+OG),Urban,Graduate and above other than technical degree,11329,7039,4290,6290,5518,772,252,183,69,95,72,23,4787,1338,3449,693,273,420
B0103,24,802450,Palanpur (M+OG),Urban,Technical degree or diploma equal to degree or post-graduate degree,3798,2763,1035,2261,1896,365,50,35,15,20,11,9,1487,832,655,254,148,106
B0103,24,802451,Deesa (M),Urban,Total,111160,58657,52503,32192,29278,2914,3338,1718,1620,1283,767,516,75630,27661,47969,2629,1305,1324
B0103,24,802451,Deesa (M),Urban,Illiterate,34017,13829,20188,4934,3855,1079,1017,243,774,394,115,279,28066,9731,18335,423,111,312
B0103,24,802451,Deesa (M),Urban,Literate,77143,44828,32315,27258,25423,1835,2321,1475,846,889,652,237,47564,17930,29634,2206,1194,1012
B0103,24,802451,Deesa (M),Urban,Literate but below matric/secondary,48262,26744,21518,13720,13075,645,1503,913,590,602,448,154,33039,12756,20283,1081,569,512
B0103,24,802451,Deesa (M),Urban,Matric/secondary but below graduate,19522,12276,7246,8342,8007,335,512,365,147,187,140,47,10668,3904,6764,696,403,293
B0103,24,802451,Deesa (M),Urban,Technical diploma or certificate not equal to degree,1385,780,605,994,608,386,38,16,22,15,6,9,353,156,197,55,22,33
B0103,24,802451,Deesa (M),Urban,Graduate and above other than technical degree,4601,2976,1625,2520,2272,248,121,82,39,40,26,14,1960,622,1338,225,123,102
B0103,24,802451,Deesa (M),Urban,Technical degree or diploma equal to degree or post-graduate degree,1332,970,362,802,668,134,48,35,13,17,14,3,482,267,215,89,52,37
B0103,24,802456,Patan (M+OG),Urban,Total,133737,69898,63839,39760,34153,5607,5147,3553,1594,1808,1382,426,88830,32192,56638,3328,1547,1781
B0103,24,802456,Patan (M+OG),Urban,Illiterate,30176,12350,17826,4429,2909,1520,1134,516,618,490,279,211,24613,8925,15688,447,110,337
B0103,24,802456,Patan (M+OG),Urban,Literate,103561,57548,46013,35331,31244,4087,4013,3037,976,1318,1103,215,64217,23267,40950,2881,1437,1444
B0103,24,802456,Patan (M+OG),Urban,Literate but below matric/secondary,50528,26555,23973,12687,11438,1249,2144,1590,554,820,674,146,35697,13527,22170,865,405,460
B0103,24,802456,Patan (M+OG),Urban,Matric/secondary but below graduate,28650,16595,12055,10392,9734,658,1022,834,188,282,252,30,17236,6027,11209,949,516,433
B0103,24,802456,Patan (M+OG),Urban,Technical diploma or certificate not equal to degree,3657,2283,1374,2385,1600,785,99,58,41,35,25,10,1173,625,548,156,87,69
B0103,24,802456,Patan (M+OG),Urban,Graduate and above other than technical degree,9886,5894,3992,4978,4353,625,300,227,73,69,58,11,4608,1314,3294,511,201,310
B0103,24,802456,Patan (M+OG),Urban,Technical degree or diploma equal to degree or post-graduate degree,3544,2528,1016,1963,1599,364,101,79,22,25,20,5,1480,850,630,230,149,81
B0103,24,802464,Mahesana (M+OG),Urban,Total,190753,100558,90195,54754,48126,6628,7944,5004,2940,2170,1543,627,128055,47428,80627,6839,3219,3620
B0103,24,802464,Mahesana (M+OG),Urban,Illiterate,37346,16348,20998,4327,2985,1342,1348,539,809,443,220,223,31671,12824,18847,584,189,395
B0103,24,802464,Mahesana (M+OG),Urban,Literate,153407,84210,69197,50427,45141,5286,6596,4465,2131,1727,1323,404,96384,34604,61780,6255,3030,3225
B0103,24,802464,Mahesana (M+OG),Urban,Literate but below matric/secondary,62906,31652,31254,13260,11945,1315,2619,1662,957,837,640,197,47027,18045,28982,1879,820,1059
B0103,24,802464,Mahesana (M+OG),Urban,Matric/secondary but below graduate,45221,26140,19081,15959,15095,864,1835,1306,529,480,386,94,27427,9739,17688,2041,1097,944
B0103,24,802464,Mahesana (M+OG),Urban,Technical diploma or certificate not equal to degree,5979,4284,1695,3773,2995,778,295,223,72,57,47,10,1911,1066,845,261,170,91
B0103,24,802464,Mahesana (M+OG),Urban,Graduate and above other than technical degree,20432,11492,8940,9796,8504,1292,837,565,272,161,110,51,9799,2423,7376,1162,475,687
B0103,24,802464,Mahesana (M+OG),Urban,Technical degree or diploma equal to degree or post-graduate degree,6759,4795,1964,3537,2989,548,239,175,64,45,31,14,2983,1631,1352,471,294,177
B0103,24,802475,Kalol (M+OG),Urban,Total,134426,70995,63431,40173,35918,4255,4497,2628,1869,1188,815,373,89756,32449,57307,3459,1919,1540
B0103,24,802475,Kalol (M+OG),Urban,Illiterate,29705,13022,16683,3716,2721,995,799,314,485,161,88,73,25190,9987,15203,302,107,195
B0103,24,802475,Kalol (M+OG),Urban,Literate,104721,57973,46748,36457,33197,3260,3698,2314,1384,1027,727,300,64566,22462,42104,3157,1812,1345
B0103,24,802475,Kalol (M+OG),Urban,Literate but below matric/secondary,54832,28391,26441,14596,13309,1287,1954,1131,823,556,377,179,38282,13951,24331,1197,682,515
B0103,24,802475,Kalol (M+OG),Urban,Matric/secondary but below graduate,30007,17520,12487,11734,11100,634,1068,744,324,316,246,70,17205,5676,11529,1092,675,417
B0103,24,802475,Kalol (M+OG),Urban,Technical diploma or certificate not equal to degree,2598,1854,744,1722,1379,343,78,53,25,17,11,6,798,422,376,106,70,36
B0103,24,802475,Kalol (M+OG),Urban,Graduate and above other than technical degree,11608,6837,4771,5962,5298,664,354,222,132,90,62,28,5292,1317,3975,536,240,296
B0103,24,802475,Kalol (M+OG),Urban,Technical degree or diploma equal to degree or post-graduate degree,2600,1834,766,1399,1161,238,75,56,19,17,10,7,1126,617,509,163,110,53
B0103,24,802479,Gandhinagar (NA+OG),Urban,Total,292797,153443,139354,88551,73898,14653,13579,8603,4976,4389,2980,1409,190667,70942,119725,14227,5948,8279
B0103,24,802479,Gandhinagar (NA+OG),Urban,Illiterate,58539,24297,34242,6932,4418,2514,2545,1021,1524,962,406,556,49062,18858,30204,1437,246,1191
B0103,24,802479,Gandhinagar (NA+OG),Urban,Literate,234258,129146,105112,81619,69480,12139,11034,7582,3452,3427,2574,853,141605,52084,89521,12790,5702,7088
B0103,24,802479,Gandhinagar (NA+OG),Urban,Literate but below matric/secondary,96373,49228,47145,21985,19215,2770,4842,3330,1512,1643,1288,355,69546,26683,42863,3603,1437,2166
B0103,24,802479,Gandhinagar (NA+OG),Urban,Matric/secondary but below graduate,64061,37243,26818,22958,20917,2041,2663,1961,702,829,649,180,38440,14365,24075,4395,2278,2117
B0103,24,802479,Gandhinagar (NA+OG),Urban,Technical diploma or certificate not equal to degree,6503,4086,2417,3967,2897,1070,252,164,88,71,53,18,2284,1025,1259,346,204,142
B0103,24,802479,Gandhinagar (NA+OG),Urban,Graduate and above other than technical degree,39872,22575,17297,20203,16358,3845,1516,920,596,372,209,163,18153,5297,12856,2716,928,1788
B0103,24,802479,Gandhinagar (NA+OG),Urban,Technical degree or diploma equal to degree or post-graduate degree,12471,8554,3917,6873,5475,1398,559,367,192,143,92,51,5039,2712,2327,1047,596,451
B0103,24,802484,Ahmadabad (M Corp.+OG),Urban,Total,5633927,2968460,2665467,1823036,1578193,244843,147701,82620,65081,44456,28077,16379,3663190,1307647,2355543,154931,71021,83910
B0103,24,802484,Ahmadabad (M Corp.+OG),Urban,Illiterate,1216023,542499,673524,174169,127744,46425,25680,10186,15494,7817,3785,4032,1016174,404569,611605,16720,5096,11624
B0103,24,802484,Ahmadabad (M Corp.+OG),Urban,Literate,4417904,2425961,1991943,1648867,1450449,198418,122021,72434,49587,36639,24292,12347,2647016,903078,1743938,138211,65925,72286
B0103,24,802484,Ahmadabad (M Corp.+OG),Urban,Literate but below matric/secondary,2159478,1138474,1021004,627513,561598,65915,58666,34065,24601,19217,13001,6216,1473299,542811,930488,54487,25462,29025
B0103,24,802484,Ahmadabad (M Corp.+OG),Urban,Matric/secondary but below graduate,1268252,729228,539024,515324,475182,40142,33184,20896,12288,10104,7031,3073,719744,233150,486594,46637,24551,22086
B0103,24,802484,Ahmadabad (M Corp.+OG),Urban,Technical diploma or certificate not equal to degree,76798,51582,25216,46638,37121,9517,2004,1363,641,551,395,156,28156,13098,15058,3017,1783,1234
B0103,24,802484,Ahmadabad (M Corp.+OG),Urban,Graduate and above other than technical degree,638572,345126,293446,329229,270356,58873,16272,8724,7548,3920,2085,1835,293071,66046,227025,23240,8485,14755
B0103,24,802484,Ahmadabad (M Corp.+OG),Urban,Technical degree or diploma equal to degree or post-graduate degree,131286,90141,41145,78668,62681,15987,3692,2407,1285,909,595,314,48926,25053,23873,6316,3709,2607
B0103,24,802493,Surendranagar Dudhrej (M),Urban,Total,177851,92675,85176,55356,49049,6307,3452,1869,1583,1272,776,496,119043,41757,77286,5175,2196,2979
B0103,24,802493,Surendranagar Dudhrej (M),Urban,Illiterate,43427,17839,25588,6898,4954,1944,726,181,545,218,67,151,35803,12704,23099,718,159,559
B0103,24,802493,Surendranagar Dudhrej (M),Urban,Literate,134424,74836,59588,48458,44095,4363,2726,1688,1038,1054,709,345,83240,29053,54187,4457,2037,2420
B0103,24,802493,Surendranagar Dudhrej (M),Urban,Literate but below matric/secondary,77580,41678,35902,23614,21614,2000,1776,1052,724,723,485,238,52190,19012,33178,2199,864,1335
B0103,24,802493,Surendranagar Dudhrej (M),Urban,Matric/secondary but below graduate,34173,19812,14361,13109,12427,682,570,399,171,216,160,56,20494,6986,13508,1208,681,527
B0103,24,802493,Surendranagar Dudhrej (M),Urban,Technical diploma or certificate not equal to degree,2698,1678,1020,1597,1177,420,38,25,13,12,8,4,1063,476,587,149,75,74
B0103,24,802493,Surendranagar Dudhrej (M),Urban,Graduate and above other than technical degree,14682,8557,6125,7711,6870,841,216,138,78,59,29,30,6755,1549,5206,621,263,358
B0103,24,802493,Surendranagar Dudhrej (M),Urban,Technical degree or diploma equal to degree or post-graduate degree,2876,1983,893,1573,1284,289,43,26,17,21,12,9,1260,673,587,194,111,83
B0103,24,802499,Morvi (M+OG),Urban,Total,210451,109451,101000,63447,58025,5422,5108,3708,1400,620,464,156,141896,47718,94178,2345,1309,1036
B0103,24,802499,Morvi (M+OG),Urban,Illiterate,56759,24292,32467,8312,6533,1779,1060,562,498,120,95,25,47387,17197,30190,278,135,143
B0103,24,802499,Morvi (M+OG),Urban,Literate,153692,85159,68533,55135,51492,3643,4048,3146,902,500,369,131,94509,30521,63988,2067,1174,893
B0103,24,802499,Morvi (M+OG),Urban,Literate but below matric/secondary,83229,45106,38123,25325,23508,1817,2021,1515,506,298,234,64,55883,20083,35800,859,473,386
B0103,24,802499,Morvi (M+OG),Urban,Matric/secondary but below graduate,38787,23217,15570,16055,15520,535,978,820,158,82,58,24,21754,6877,14877,606,386,220
B0103,24,802499,Morvi (M+OG),Urban,Technical diploma or certificate not equal to degree,2478,1805,673,1485,1261,224,77,60,17,5,3,2,916,484,432,67,41,26
B0103,24,802499,Morvi (M+OG),Urban,Graduate and above other than technical degree,12655,6648,6007,5821,5332,489,326,246,80,31,14,17,6508,1070,5438,271,125,146
B0103,24,802499,Morvi (M+OG),Urban,Technical degree or diploma equal to degree or post-graduate degree,2540,1793,747,1414,1243,171,72,54,18,11,5,6,1054,496,558,94,53,41
B0103,24,802501,Rajkot (M Corp.+OG),Urban,Total,1323363,693473,629890,435218,385872,49346,27071,14876,12195,5640,3595,2045,861074,292725,568349,25370,10785,14585
B0103,24,802501,Rajkot (M Corp.+OG),Urban,Illiterate,288528,130939,157589,46583,35449,11134,4483,1725,2758,923,470,453,237462,93765,143697,2729,724,2005
B0103,24,802501,Rajkot (M Corp.+OG),Urban,Literate,1034835,562534,472301,388635,350423,38212,22588,13151,9437,4717,3125,1592,623612,198960,424652,22641,10061,12580
B0103,24,802501,Rajkot (M Corp.+OG),Urban,Literate but below matric/secondary,501350,271085,230265,155422,141499,13923,10833,6208,4625,2524,1752,772,335095,123378,211717,8381,3555,4826
B0103,24,802501,Rajkot (M Corp.+OG),Urban,Matric/secondary but below graduate,306836,173186,133650,127336,119174,8162,6453,3898,2555,1281,881,400,173047,50114,122933,7694,3924,3770
B0103,24,802501,Rajkot (M Corp.+OG),Urban,Technical diploma or certificate not equal to degree,12965,8127,4838,7529,5817,1712,265,173,92,54,39,15,5171,2137,3034,367,217,150
B0103,24,802501,Rajkot (M Corp.+OG),Urban,Graduate and above other than technical degree,124283,62536,61747,58652,49905,8747,2452,1288,1164,424,186,238,63179,11343,51836,3763,1232,2531
B0103,24,802501,Rajkot (M Corp.+OG),Urban,Technical degree or diploma equal to degree or post-graduate degree,23765,16410,7355,13644,11226,2418,567,353,214,111,62,49,9554,4831,4723,1086,645,441
B0103,24,802504,Gondal (M),Urban,Total,112197,58300,53897,34501,31319,3182,2738,1853,885,610,393,217,74958,25128,49830,2951,1344,1607
B0103,24,802504,Gondal (M),Urban,Illiterate,27803,12447,15356,5021,3970,1051,559,260,299,144,62,82,22223,8217,14006,395,119,276
B0103,24,802504,Gondal (M),Urban,Literate,84394,45853,38541,29480,27349,2131,2179,1593,586,466,331,135,52735,16911,35824,2556,1225,1331
B0103,24,802504,Gondal (M),Urban,Literate but below matric/secondary,42200,22436,19764,11786,10957,829,1107,787,320,286,200,86,29307,10692,18615,1057,461,596
B0103,24,802504,Gondal (M),Urban,Matric/secondary but below graduate,25254,14316,10938,9976,9552,424,655,514,141,103,78,25,14623,4250,10373,854,442,412
B0103,24,802504,Gondal (M),Urban,Technical diploma or certificate not equal to degree,998,547,451,558,359,199,23,12,11,0,0,0,417,176,241,39,27,12
B0103,24,802504,Gondal (M),Urban,Graduate and above other than technical degree,9293,5061,4232,4413,4014,399,200,144,56,36,28,8,4680,903,3777,398,176,222
B0103,24,802504,Gondal (M),Urban,Technical degree or diploma equal to degree or post-graduate degree,1264,942,322,719,610,109,23,17,6,4,3,1,522,315,207,100,74,26
B0103,24,802508,Jetpur Navagadh (M),Urban,Total,118302,62174,56128,38733,35933,2800,1986,997,989,447,328,119,77583,25244,52339,1581,735,846
B0103,24,802508,Jetpur Navagadh (M),Urban,Illiterate,31384,13856,17528,5630,4765,865,536,198,338,145,101,44,25218,8893,16325,208,76,132
B0103,24,802508,Jetpur Navagadh (M),Urban,Literate,86918,48318,38600,33103,31168,1935,1450,799,651,302,227,75,52365,16351,36014,1373,659,714
B0103,24,802508,Jetpur Navagadh (M),Urban,Literate but below matric/secondary,49809,27868,21941,17113,16266,847,888,467,421,186,142,44,31808,11135,20673,581,292,289
B0103,24,802508,Jetpur Navagadh (M),Urban,Matric/secondary but below graduate,23033,13081,9952,9702,9334,368,322,198,124,57,42,15,13009,3549,9460,390,215,175
B0103,24,802508,Jetpur Navagadh (M),Urban,Technical diploma or certificate not equal to degree,917,494,423,494,295,199,12,8,4,5,4,1,411,191,220,30,13,17
B0103,24,802508,Jetpur Navagadh (M),Urban,Graduate and above other than technical degree,7492,3750,3742,3350,3054,296,91,55,36,23,21,2,4051,641,3410,236,74,162
B0103,24,802508,Jetpur Navagadh (M),Urban,Technical degree or diploma equal to degree or post-graduate degree,1354,927,427,683,586,97,19,11,8,7,4,3,652,330,322,66,37,29
B0103,24,802516,Jamnagar (M Corp.+OG),Urban,Total,600943,313214,287729,185385,162065,23320,25117,15389,9728,6211,4163,2048,390441,135760,254681,14597,6762,7835
B0103,24,802516,Jamnagar (M Corp.+OG),Urban,Illiterate,159623,70236,89387,27902,21134,6768,5646,2806,2840,1749,1058,691,126075,46296,79779,1966,693,1273
B0103,24,802516,Jamnagar (M Corp.+OG),Urban,Literate,441320,242978,198342,157483,140931,16552,19471,12583,6888,4462,3105,1357,264366,89464,174902,12631,6069,6562
B0103,24,802516,Jamnagar (M Corp.+OG),Urban,Literate but below matric/secondary,237443,128367,109076,70254,63373,6881,10052,6309,3743,2603,1843,760,157137,58685,98452,4795,2465,2330
B0103,24,802516,Jamnagar (M Corp.+OG),Urban,Matric/secondary but below graduate,112032,64686,47346,44946,41780,3166,4835,3346,1489,1027,745,282,62251,19560,42691,4158,2192,1966
B0103,24,802516,Jamnagar (M Corp.+OG),Urban,Technical diploma or certificate not equal to degree,5344,3330,2014,3092,2310,782,202,139,63,46,36,10,2050,881,1169,203,111,92
B0103,24,802516,Jamnagar (M Corp.+OG),Urban,Graduate and above other than technical degree,43217,23401,19816,21284,18252,3032,1811,1086,725,309,161,148,20122,4063,16059,1958,636,1322
B0103,24,802516,Jamnagar (M Corp.+OG),Urban,Technical degree or diploma equal to degree or post-graduate degree,8832,6112,2720,5036,4116,920,421,283,138,88,48,40,3375,1713,1662,472,255,217
B0103,24,802522,Porbandar (M+OG),Urban,Total,152760,78604,74156,46170,40325,5845,5857,4035,1822,1402,1033,369,100733,34244,66489,4307,2343,1964
B0103,24,802522,Porbandar (M+OG),Urban,Illiterate,34797,14616,20181,5666,4024,1642,973,484,489,245,140,105,28158,10108,18050,417,134,283
B0103,24,802522,Porbandar (M+OG),Urban,Literate,117963,63988,53975,40504,36301,4203,4884,3551,1333,1157,893,264,72575,24136,48439,3890,2209,1681
B0103,24,802522,Porbandar (M+OG),Urban,Literate but below matric/secondary,69874,36991,32883,20975,18941,2034,2516,1854,662,678,535,143,46383,16196,30187,2044,1129,915
B0103,24,802522,Porbandar (M+OG),Urban,Matric/secondary but below graduate,24573,14266,10307,9467,8834,633,939,735,204,223,176,47,14167,4697,9470,907,560,347
B0103,24,802522,Porbandar (M+OG),Urban,Technical diploma or certificate not equal to degree,894,512,382,433,306,127,43,21,22,6,4,2,418,185,233,41,21,20
B0103,24,802522,Porbandar (M+OG),Urban,Graduate and above other than technical degree,8070,4527,3543,3904,3273,631,403,268,135,66,40,26,3763,986,2777,423,216,207
B0103,24,802522,Porbandar (M+OG),Urban,Technical degree or diploma equal to degree or post-graduate degree,1783,1144,639,919,710,209,79,42,37,15,8,7,785,392,393,120,80,40
B0103,24,802529,Junagadh (M Corp.),Urban,Total,319462,163413,156049,95697,84991,10706,7560,4237,3323,1829,1224,605,216205,74185,142020,7905,3792,4113
B0103,24,802529,Junagadh (M Corp.),Urban,Illiterate,63703,26592,37111,9599,7140,2459,1301,433,868,289,151,138,52803,19019,33784,654,247,407
B0103,24,802529,Junagadh (M Corp.),Urban,Literate,255759,136821,118938,86098,77851,8247,6259,3804,2455,1540,1073,467,163402,55166,108236,7251,3545,3706
B0103,24,802529,Junagadh (M Corp.),Urban,Literate but below matric/secondary,128913,67665,61248,35087,32233,2854,3120,1797,1323,744,543,201,90706,33635,57071,2681,1293,1388
B0103,24,802529,Junagadh (M Corp.),Urban,Matric/secondary but below graduate,74931,40752,34179,26980,25489,1491,1621,1058,563,424,298,126,46330,14205,32125,2283,1207,1076
B0103,24,802529,Junagadh (M Corp.),Urban,Technical diploma or certificate not equal to degree,4491,2532,1959,2443,1613,830,82,55,27,19,14,5,1966,864,1102,189,111,78
B0103,24,802529,Junagadh (M Corp.),Urban,Graduate and above other than technical degree,30105,16136,13969,14215,12256,1959,773,465,308,203,116,87,15117,3415,11702,1400,550,850
B0103,24,802529,Junagadh (M Corp.),Urban,Technical degree or diploma equal to degree or post-graduate degree,6805,4828,1977,3743,3069,674,164,110,54,50,31,19,2898,1649,1249,441,276,165
B0103,24,802535,Veraval (M+OG),Urban,Total,171121,87009,84112,50545,43925,6620,4365,2830,1535,806,585,221,116211,40254,75957,4869,2468,2401
B0103,24,802535,Veraval (M+OG),Urban,Illiterate,56460,22457,34003,11128,7996,3132,1469,615,854,192,105,87,43863,13846,30017,905,244,661
B0103,24,802535,Veraval (M+OG),Urban,Literate,114661,64552,50109,39417,35929,3488,2896,2215,681,614,480,134,72348,26408,45940,3964,2224,1740
B0103,24,802535,Veraval (M+OG),Urban,Literate but below matric/secondary,69123,37608,31515,19935,18282,1653,1632,1249,383,341,283,58,47556,18077,29479,1756,944,812
B0103,24,802535,Veraval (M+OG),Urban,Matric/secondary but below graduate,28390,17285,11105,11269,10706,563,745,610,135,159,132,27,16376,5969,10407,1301,800,501
B0103,24,802535,Veraval (M+OG),Urban,Technical diploma or certificate not equal to degree,1208,639,569,681,425,256,35,17,18,10,2,8,492,197,295,73,39,34
B0103,24,802535,Veraval (M+OG),Urban,Graduate and above other than technical degree,8352,5010,3342,4356,3845,511,226,155,71,63,39,24,3770,1010,2760,519,258,261
B0103,24,802535,Veraval (M+OG),Urban,Technical degree or diploma equal to degree or post-graduate degree,1737,1236,501,975,787,188,43,34,9,16,10,6,719,415,304,147,106,41
B0103,24,802542,Amreli (M+OG),Urban,Total,117967,59902,58065,35685,31091,4594,2423,1277,1146,726,454,272,79859,27534,52325,3424,1682,1742
B0103,24,802542,Amreli (M+OG),Urban,Illiterate,24490,10748,13742,3882,2901,981,514,169,345,185,80,105,20094,7678,12416,221,100,121
B0103,24,802542,Amreli (M+OG),Urban,Literate,93477,49154,44323,31803,28190,3613,1909,1108,801,541,374,167,59765,19856,39909,3203,1582,1621
B0103,24,802542,Amreli (M+OG),Urban,Literate but below matric/secondary,46945,24387,22558,13133,12085,1048,991,545,446,270,190,80,32821,11757,21064,864,467,397
B0103,24,802542,Amreli (M+OG),Urban,Matric/secondary but below graduate,29120,15163,13957,9847,9094,753,539,349,190,150,113,37,18734,5720,13014,1268,690,578
B0103,24,802542,Amreli (M+OG),Urban,Technical diploma or certificate not equal to degree,2112,1139,973,1187,700,487,47,25,22,17,9,8,878,414,464,132,63,69
B0103,24,802542,Amreli (M+OG),Urban,Graduate and above other than technical degree,9345,5273,4072,4975,4152,823,193,103,90,69,41,28,4177,1018,3159,645,218,427
B0103,24,802542,Amreli (M+OG),Urban,Technical degree or diploma equal to degree or post-graduate degree,1960,1306,654,1153,876,277,36,23,13,12,7,5,771,407,364,182,99,83
B0103,24,802548,Botad (M),Urban,Total,130327,67675,62652,44703,37305,7398,2743,1305,1438,732,237,495,82881,29065,53816,3392,871,2521
B0103,24,802548,Botad (M),Urban,Illiterate,37575,15674,21901,6709,4467,2242,762,185,577,255,36,219,30104,11022,19082,683,94,589
B0103,24,802548,Botad (M),Urban,Literate,92752,52001,40751,37994,32838,5156,1981,1120,861,477,201,276,52777,18043,34734,2709,777,1932
B0103,24,802548,Botad (M),Urban,Literate but below matric/secondary,63173,34207,28966,23964,20240,3724,1301,676,625,310,123,187,37908,13291,24617,1627,384,1243
B0103,24,802548,Botad (M),Urban,Matric/secondary but below graduate,16825,10405,6420,7401,6929,472,281,203,78,63,34,29,9143,3273,5870,602,222,380
B0103,24,802548,Botad (M),Urban,Technical diploma or certificate not equal to degree,947,647,300,611,447,164,15,9,6,3,1,2,321,191,130,45,30,15
B0103,24,802548,Botad (M),Urban,Graduate and above other than technical degree,3821,2469,1352,2214,1997,217,61,46,15,14,9,5,1546,426,1120,200,64,136
B0103,24,802548,Botad (M),Urban,Technical degree or diploma equal to degree or post-graduate degree,757,528,229,422,348,74,21,14,7,4,3,1,314,166,148,66,35,31
B0103,24,802551,Bhavnagar (M Corp.+OG),Urban,Total,605882,315429,290453,187942,164592,23350,15558,9531,6027,3933,2580,1353,402382,141306,261076,16043,6753,9290
B0103,24,802551,Bhavnagar (M Corp.+OG),Urban,Illiterate,148630,63523,85107,25108,18162,6946,3054,1259,1795,872,410,462,120468,44102,76366,2626,595,2031
B0103,24,802551,Bhavnagar (M Corp.+OG),Urban,Literate,457252,251906,205346,162834,146430,16404,12504,8272,4232,3061,2170,891,281914,97204,184710,13417,6158,7259
B0103,24,802551,Bhavnagar (M Corp.+OG),Urban,Literate but below matric/secondary,257204,137885,119319,77989,70927,7062,6750,4345,2405,1837,1308,529,172465,62613,109852,5935,2572,3363
B0103,24,802551,Bhavnagar (M Corp.+OG),Urban,Matric/secondary but below graduate,108298,63222,45076,41666,39092,2574,2868,1999,869,660,471,189,63764,22131,41633,3897,2090,1807
B0103,24,802551,Bhavnagar (M Corp.+OG),Urban,Technical diploma or certificate not equal to degree,7092,4473,2619,3818,2839,979,202,134,68,48,34,14,3072,1500,1572,316,194,122
B0103,24,802551,Bhavnagar (M Corp.+OG),Urban,Graduate and above other than technical degree,42436,23585,18851,21221,18038,3183,1113,718,395,196,116,80,20102,4829,15273,1694,598,1096
B0103,24,802551,Bhavnagar (M Corp.+OG),Urban,Technical degree or diploma equal to degree or post-graduate degree,9439,6730,2709,5503,4532,971,253,181,72,64,49,15,3683,2017,1666,521,304,217
B0103,24,802562,Anand (M+OG),Urban,Total,209410,108403,101007,61032,51710,9322,10993,6637,4356,1902,1217,685,137385,50056,87329,6290,2900,3390
B0103,24,802562,Anand (M+OG),Urban,Illiterate,41824,18301,23523,5455,3590,1865,1739,684,1055,372,174,198,34630,14027,20603,627,203,424
B0103,24,802562,Anand (M+OG),Urban,Literate,167586,90102,77484,55577,48120,7457,9254,5953,3301,1530,1043,487,102755,36029,66726,5663,2697,2966
B0103,24,802562,Anand (M+OG),Urban,Literate but below matric/secondary,73125,37746,35379,17633,15899,1734,3801,2356,1445,618,435,183,51691,19491,32200,1615,775,840
B0103,24,802562,Anand (M+OG),Urban,Matric/secondary but below graduate,45437,25346,20091,15367,14110,1257,2478,1650,828,419,297,122,27592,9586,18006,1857,970,887
B0103,24,802562,Anand (M+OG),Urban,Technical diploma or certificate not equal to degree,4228,2599,1629,2507,1734,773,212,137,75,40,28,12,1509,728,781,180,105,75
B0103,24,802562,Anand (M+OG),Urban,Graduate and above other than technical degree,22483,12207,10276,10604,8559,2045,1247,817,430,206,134,72,10632,2831,7801,1036,410,626
B0103,24,802562,Anand (M+OG),Urban,Technical degree or diploma equal to degree or post-graduate degree,7320,5124,2196,4049,3274,775,425,314,111,57,38,19,2846,1536,1310,381,207,174
B0103,24,802576,Nadiad (M+OG),Urban,Total,225071,115903,109168,66546,56365,10181,8928,5882,3046,2236,1448,788,149597,53656,95941,7451,3759,3692
B0103,24,802576,Nadiad (M+OG),Urban,Illiterate,49141,20988,28153,7744,5110,2634,1480,629,851,422,212,210,39917,15249,24668,915,281,634
B0103,24,802576,Nadiad (M+OG),Urban,Literate,175930,94915,81015,58802,51255,7547,7448,5253,2195,1814,1236,578,109680,38407,71273,6536,3478,3058
B0103,24,802576,Nadiad (M+OG),Urban,Literate but below matric/secondary,73909,38018,35891,17807,15863,1944,2669,1816,853,800,558,242,53433,20339,33094,2019,1078,941
B0103,24,802576,Nadiad (M+OG),Urban,Matric/secondary but below graduate,51702,29476,22226,18649,17184,1465,2194,1659,535,540,395,145,30859,10633,20226,2286,1316,970
B0103,24,802576,Nadiad (M+OG),Urban,Technical diploma or certificate not equal to degree,4354,2527,1827,2539,1685,854,239,135,104,52,32,20,1576,707,869,224,143,81
B0103,24,802576,Nadiad (M+OG),Urban,Graduate and above other than technical degree,22048,12523,9525,10666,9048,1618,1004,697,307,166,84,82,10378,2778,7600,1068,458,610
B0103,24,802576,Nadiad (M+OG),Urban,Technical degree or diploma equal to degree or post-graduate degree,5384,3701,1683,2814,2223,591,238,176,62,46,35,11,2332,1302,1030,319,204,115
B0103,24,802585,Godhra (M),Urban,Total,143644,74230,69414,38935,34684,4251,5001,3044,1957,2157,1512,645,99708,36502,63206,5185,3364,1821
B0103,24,802585,Godhra (M),Urban,Illiterate,33825,14458,19367,3552,2612,940,1291,529,762,564,280,284,28982,11317,17665,415,214,201
B0103,24,802585,Godhra (M),Urban,Literate,109819,59772,50047,35383,32072,3311,3710,2515,1195,1593,1232,361,70726,25185,45541,4770,3150,1620
B0103,24,802585,Godhra (M),Urban,Literate but below matric/secondary,64157,32995,31162,15966,15056,910,1986,1414,572,954,770,184,46205,16525,29680,2374,1680,694
B0103,24,802585,Godhra (M),Urban,Matric/secondary but below graduate,26641,15723,10918,9713,9059,654,904,602,302,350,278,72,16024,6062,9962,1310,886,424
B0103,24,802585,Godhra (M),Urban,Technical diploma or certificate not equal to degree,2515,1385,1130,1660,1005,655,91,46,45,33,18,15,764,334,430,156,88,68
B0103,24,802585,Godhra (M),Urban,Graduate and above other than technical degree,9544,5765,3779,5148,4460,688,372,224,148,122,72,50,4024,1081,2943,527,247,280
B0103,24,802585,Godhra (M),Urban,Technical degree or diploma equal to degree or post-graduate degree,2509,1806,703,1418,1193,225,107,61,46,36,22,14,984,552,432,228,134,94
B0103,24,802590,Dohad (M+OG),Urban,Total,118846,60515,58331,35083,29142,5941,4790,1809,2981,1442,771,671,78973,29564,49409,3075,1294,1781
B0103,24,802590,Dohad (M+OG),Urban,Illiterate,34295,14427,19868,5829,3578,2251,2151,419,1732,480,169,311,26315,10430,15885,386,103,283
B0103,24,802590,Dohad (M+OG),Urban,Literate,84551,46088,38463,29254,25564,3690,2639,1390,1249,962,602,360,52658,19134,33524,2689,1191,1498
B0103,24,802590,Dohad (M+OG),Urban,Literate but below matric/secondary,42597,22995,19602,11165,10123,1042,1465,828,637,527,366,161,29967,12044,17923,856,391,465
B0103,24,802590,Dohad (M+OG),Urban,Matric/secondary but below graduate,22726,12397,10329,8224,7477,747,629,288,341,230,129,101,13873,4632,9241,882,410,472
B0103,24,802590,Dohad (M+OG),Urban,Technical diploma or certificate not equal to degree,2590,1519,1071,1639,1064,575,57,27,30,28,11,17,894,428,466,157,78,79
B0103,24,802590,Dohad (M+OG),Urban,Graduate and above other than technical degree,8100,4428,3672,4193,3568,625,214,89,125,80,33,47,3693,771,2922,453,145,308
B0103,24,802590,Dohad (M+OG),Urban,Technical degree or diploma equal to degree or post-graduate degree,2391,1648,743,1384,1105,279,56,32,24,34,19,15,951,511,440,185,98,87
B0103,24,802596,Vadodara (M Corp.+OG),Urban,Total,1752371,912721,839650,552898,471340,81558,40584,25911,14673,12707,8989,3718,1158889,415470,743419,48264,22540,25724
B0103,24,802596,Vadodara (M Corp.+OG),Urban,Illiterate,325086,145192,179894,45709,31275,14434,6355,2935,3420,2119,1132,987,273022,110982,162040,4093,1310,2783
B0103,24,802596,Vadodara (M Corp.+OG),Urban,Literate,1427285,767529,659756,507189,440065,67124,34229,22976,11253,10588,7857,2731,885867,304488,581379,44171,21230,22941
B0103,24,802596,Vadodara (M Corp.+OG),Urban,Literate but below matric/secondary,622321,318020,304301,159049,141064,17985,16192,10828,5364,5793,4361,1432,447080,166128,280952,15978,7400,8578
B0103,24,802596,Vadodara (M Corp.+OG),Urban,Matric/secondary but below graduate,429503,237297,192206,159732,146047,13685,9403,6663,2740,2787,2165,622,260368,84587,175781,14931,7736,7195
B0103,24,802596,Vadodara (M Corp.+OG),Urban,Technical diploma or certificate not equal to degree,45459,34508,10951,28877,24495,4382,1000,756,244,257,212,45,15582,9257,6325,1630,1148,482
B0103,24,802596,Vadodara (M Corp.+OG),Urban,Graduate and above other than technical degree,219802,110623,109179,105093,83685,21408,4236,2435,1801,931,531,400,110473,24503,85970,7777,2796,4981
B0103,24,802596,Vadodara (M Corp.+OG),Urban,Technical degree or diploma equal to degree or post-graduate degree,60157,42613,17544,35961,29374,6587,1270,881,389,315,212,103,22926,12358,10568,2415,1457,958
B0103,24,802607,Bharuch (M),Urban,Total,169007,86810,82197,49683,42834,6849,5818,4362,1456,1325,999,326,113506,39614,73892,4701,2703,1998
B0103,24,802607,Bharuch (M),Urban,Illiterate,36435,16156,20279,6144,4126,2018,1176,714,462,312,218,94,29115,11316,17799,561,233,328
B0103,24,802607,Bharuch (M),Urban,Literate,132572,70654,61918,43539,38708,4831,4642,3648,994,1013,781,232,84391,28298,56093,4140,2470,1670
B0103,24,802607,Bharuch (M),Urban,Literate but below matric/secondary,66219,33753,32466,17042,15245,1797,2187,1717,470,472,375,97,46990,16791,30199,1641,1047,594
B0103,24,802607,Bharuch (M),Urban,Matric/secondary but below graduate,34947,19439,15508,12480,11546,934,1156,939,217,279,222,57,21311,6954,14357,1350,827,523
B0103,24,802607,Bharuch (M),Urban,Technical diploma or certificate not equal to degree,3204,2386,818,1915,1608,307,127,104,23,35,32,3,1162,674,488,142,101,41
B0103,24,802607,Bharuch (M),Urban,Graduate and above other than technical degree,11200,6176,5024,5483,4601,882,330,230,100,70,40,30,5387,1345,4042,469,170,299
B0103,24,802607,Bharuch (M),Urban,Technical degree or diploma equal to degree or post-graduate degree,2859,2034,825,1587,1333,254,93,71,22,22,16,6,1179,630,549,146,88,58
B0103,24,802614,Navsari (M+OG),Urban,Total,171109,88486,82623,62774,50274,12500,3217,1563,1654,680,405,275,105118,36649,68469,3864,1649,2215
B0103,24,802614,Navsari (M+OG),Urban,Illiterate,35471,15673,19798,7864,4464,3400,593,244,349,139,71,68,27014,10965,16049,363,125,238
B0103,24,802614,Navsari (M+OG),Urban,Literate,135638,72813,62825,54910,45810,9100,2624,1319,1305,541,334,207,78104,25684,52420,3501,1524,1977
B0103,24,802614,Navsari (M+OG),Urban,Literate but below matric/secondary,69340,37336,32004,25478,21146,4332,1385,698,687,306,204,102,42477,15492,26985,1340,595,745
B0103,24,802614,Navsari (M+OG),Urban,Matric/secondary but below graduate,41072,21972,19100,16732,14765,1967,752,371,381,135,79,56,23588,6836,16752,1220,573,647
B0103,24,802614,Navsari (M+OG),Urban,Technical diploma or certificate not equal to degree,2442,1635,807,1427,1090,337,38,24,14,10,5,5,977,521,456,108,59,49
B0103,24,802614,Navsari (M+OG),Urban,Graduate and above other than technical degree,14304,7063,7241,6976,5445,1531,249,116,133,52,27,25,7079,1502,5577,584,171,413
B0103,24,802614,Navsari (M+OG),Urban,Technical degree or diploma equal to degree or post-graduate degree,3121,2156,965,1831,1441,390,44,27,17,12,7,5,1246,688,558,134,75,59
B0103,24,802618,Valsad (M+OG),Urban,Total,139764,71400,68364,44827,36458,8369,5289,2925,2364,1055,689,366,89648,32017,57631,5311,2658,2653
B0103,24,802618,Valsad (M+OG),Urban,Illiterate,23010,10005,13005,3253,1941,1312,724,276,448,180,94,86,19033,7788,11245,449,213,236
B0103,24,802618,Valsad (M+OG),Urban,Literate,116754,61395,55359,41574,34517,7057,4565,2649,1916,875,595,280,70615,24229,46386,4862,2445,2417
B0103,24,802618,Valsad (M+OG),Urban,Literate but below matric/secondary,48161,24021,24140,12857,10497,2360,1828,976,852,312,200,112,33476,12548,20928,1282,621,661
B0103,24,802618,Valsad (M+OG),Urban,Matric/secondary but below graduate,40988,22487,18501,15221,13534,1687,1576,982,594,366,269,97,24191,7971,16220,2237,1243,994
B0103,24,802618,Valsad (M+OG),Urban,Technical diploma or certificate not equal to degree,2738,1785,953,1674,1273,401,93,60,33,23,16,7,971,452,519,149,96,53
B0103,24,802618,Valsad (M+OG),Urban,Graduate and above other than technical degree,15217,7851,7366,7671,6004,1667,513,275,238,82,47,35,7033,1572,5461,776,240,536
B0103,24,802618,Valsad (M+OG),Urban,Technical degree or diploma equal to degree or post-graduate degree,3763,2531,1232,2139,1640,499,122,81,41,24,16,8,1502,810,692,215,149,66
B0103,24,802622,Vapi (M),Urban,Total,163630,94105,69525,62379,55486,6893,4910,3107,1803,866,596,270,96341,35512,60829,2449,1025,1424
B0103,24,802622,Vapi (M),Urban,Illiterate,36904,17738,19166,5800,4379,1421,794,402,392,161,95,66,30310,12957,17353,297,77,220
B0103,24,802622,Vapi (M),Urban,Literate,126726,76367,50359,56579,51107,5472,4116,2705,1411,705,501,204,66031,22555,43476,2152,948,1204
B0103,24,802622,Vapi (M),Urban,Literate but below matric/secondary,60501,35031,25470,20702,18649,2053,1907,1240,667,373,278,95,37892,15142,22750,918,436,482
B0103,24,802622,Vapi (M),Urban,Matric/secondary but below graduate,37610,24280,13330,19737,18457,1280,1232,865,367,187,125,62,16641,4958,11683,716,330,386
B0103,24,802622,Vapi (M),Urban,Technical diploma or certificate not equal to degree,1678,1179,499,1094,944,150,39,28,11,6,6,0,545,207,338,47,24,23
B0103,24,802622,Vapi (M),Urban,Graduate and above other than technical degree,13066,7349,5717,7472,6419,1053,384,202,182,43,23,20,5210,728,4482,253,62,191
B0103,24,802622,Vapi (M),Urban,Technical degree or diploma equal to degree or post-graduate degree,3103,2200,903,2109,1761,348,90,56,34,12,10,2,904,383,521,63,28,35
B0103,24,802629,Surat (M Corp.+OG),Urban,Total,4501610,2565803,1935807,1747965,1582499,165466,65721,36203,29518,9526,6264,3262,2687924,947101,1740823,46566,21480,25086
B0103,24,802629,Surat (M Corp.+OG),Urban,Illiterate,1033051,505231,527820,182711,143702,39009,11557,5028,6529,1941,1071,870,838783,356501,482282,4991,1809,3182
B0103,24,802629,Surat (M Corp.+OG),Urban,Literate,3468559,2060572,1407987,1565254,1438797,126457,54164,31175,22989,7585,5193,2392,1849141,590600,1258541,41575,19671,21904
B0103,24,802629,Surat (M Corp.+OG),Urban,Literate but below matric/secondary,1899350,1110764,788586,748825,690369,58456,28049,15194,12855,3940,2708,1232,1122476,405201,717275,17955,8568,9387
B0103,24,802629,Surat (M Corp.+OG),Urban,Matric/secondary but below graduate,1018781,625387,393394,514029,484827,29202,15524,9265,6259,2233,1566,667,489228,131295,357933,14146,6990,7156
B0103,24,802629,Surat (M Corp.+OG),Urban,Technical diploma or certificate not equal to degree,38342,26382,11960,25152,19956,5196,576,373,203,165,127,38,12614,6053,6561,1072,675,397
B0103,24,802629,Surat (M Corp.+OG),Urban,Graduate and above other than technical degree,230650,126886,103764,126916,108150,18766,2826,1415,1411,458,236,222,100908,17321,83587,4773,1555,3218
B0103,24,802629,Surat (M Corp.+OG),Urban,Technical degree or diploma equal to degree or post-graduate degree,48145,33680,14465,31621,25311,6310,612,372,240,130,74,56,15912,7997,7915,1338,782,556
B0103,27,553514,Navi Mumbai Panvel Raigarh (CT),Urban,Total,195373,107342,88031,67522,58411,9111,7520,4664,2856,1947,1253,694,120331,44267,76064,5911,2764,3147
B0103,27,553514,Navi Mumbai Panvel Raigarh (CT),Urban,Illiterate,45236,21187,24049,5470,4211,1259,1224,664,560,297,167,130,38542,16312,22230,516,129,387
B0103,27,553514,Navi Mumbai Panvel Raigarh (CT),Urban,Literate,150137,86155,63982,62052,54200,7852,6296,4000,2296,1650,1086,564,81789,27955,53834,5395,2635,2760
B0103,27,553514,Navi Mumbai Panvel Raigarh (CT),Urban,Literate but below matric/secondary,64481,34286,30195,18694,16736,1958,2428,1610,818,558,429,129,43359,15940,27419,1432,671,761
B0103,27,553514,Navi Mumbai Panvel Raigarh (CT),Urban,Matric/secondary but below graduate,53381,32662,20719,24921,22622,2299,2324,1536,788,657,445,212,26136,8504,17632,2302,1222,1080
B0103,27,553514,Navi Mumbai Panvel Raigarh (CT),Urban,Technical diploma or certificate not equal to degree,2223,1687,536,1361,1169,192,95,66,29,32,24,8,767,452,315,138,98,40
B0103,27,553514,Navi Mumbai Panvel Raigarh (CT),Urban,Graduate and above other than technical degree,18134,10615,7519,10813,8610,2203,838,423,415,273,115,158,6483,1582,4901,985,388,597
B0103,27,553514,Navi Mumbai Panvel Raigarh (CT),Urban,Technical degree or diploma equal to degree or post-graduate degree,4497,2946,1551,3016,2311,705,207,125,82,62,30,32,1274,510,764,304,142,162
B0103,27,802642,Nandurbar (M Cl),Urban,Total,111037,57412,53625,31224,25718,5506,3999,2514,1485,1714,1073,641,75814,29180,46634,3530,1756,1774
B0103,27,802642,Nandurbar (M Cl),Urban,Illiterate,24806,11047,13759,3773,2288,1485,926,343,583,473,188,285,20107,8416,11691,370,87,283
B0103,27,802642,Nandurbar (M Cl),Urban,Literate,86231,46365,39866,27451,23430,4021,3073,2171,902,1241,885,356,55707,20764,34943,3160,1669,1491
B0103,27,802642,Nandurbar (M Cl),Urban,Literate but below matric/secondary,38648,19086,19562,8121,6669,1452,1210,810,400,532,372,160,29317,11607,17710,826,349,477
B0103,27,802642,Nandurbar (M Cl),Urban,Matric/secondary but below graduate,28441,16083,12358,9833,8888,945,1025,770,255,435,345,90,17583,6425,11158,1317,812,505
B0103,27,802642,Nandurbar (M Cl),Urban,Technical diploma or certificate not equal to degree,1284,1046,238,735,681,54,58,52,6,22,19,3,491,313,178,114,84,30
B0103,27,802642,Nandurbar (M Cl),Urban,Graduate and above other than technical degree,8428,5457,2971,4757,4106,651,284,219,65,88,58,30,3387,1132,2255,443,209,234
B0103,27,802642,Nandurbar (M Cl),Urban,Technical degree or diploma equal to degree or post-graduate degree,3023,1984,1039,1736,1308,428,96,71,25,34,22,12,1191,605,586,260,134,126
B0103,27,802646,Dhule (M Corp.),Urban,Total,375559,193446,182113,105372,89178,16194,8553,5455,3098,2371,1784,587,261634,98813,162821,9551,5337,4214
B0103,27,802646,Dhule (M Corp.),Urban,Illiterate,84990,38636,46354,12030,8442,3588,1394,724,670,394,241,153,71566,29470,42096,776,294,482
B0103,27,802646,Dhule (M Corp.),Urban,Literate,290569,154810,135759,93342,80736,12606,7159,4731,2428,1977,1543,434,190068,69343,120725,8775,5043,3732
B0103,27,802646,Dhule (M Corp.),Urban,Literate but below matric/secondary,144531,71828,72703,35070,30410,4660,3107,1960,1147,860,659,201,106354,39458,66896,2454,1327,1127
B0103,27,802646,Dhule (M Corp.),Urban,Matric/secondary but below graduate,89959,49404,40555,30873,27894,2979,2370,1643,727,696,564,132,56716,19867,36849,3220,2056,1164
B0103,27,802646,Dhule (M Corp.),Urban,Technical diploma or certificate not equal to degree,4642,3695,947,2289,2099,190,94,74,20,33,31,2,2259,1522,737,290,219,71
B0103,27,802646,Dhule (M Corp.),Urban,Graduate and above other than technical degree,27980,17029,10951,14971,12546,2425,691,446,245,204,152,52,12318,4037,8281,1634,830,804
B0103,27,802646,Dhule (M Corp.),Urban,Technical degree or diploma equal to degree or post-graduate degree,10184,6291,3893,5436,3853,1583,200,120,80,65,43,22,4548,2318,2230,866,468,398
B0103,27,802652,Bhusawal (MCl),Urban,Total,187421,96147,91274,47281,41091,6190,6834,5178,1656,2330,1866,464,133306,49878,83428,6995,4019,2976
B0103,27,802652,Bhusawal (MCl),Urban,Illiterate,39284,17656,21628,4674,3471,1203,1049,590,459,341,199,142,33561,13595,19966,504,228,276
B0103,27,802652,Bhusawal (MCl),Urban,Literate,148137,78491,69646,42607,37620,4987,5785,4588,1197,1989,1667,322,99745,36283,63462,6491,3791,2700
B0103,27,802652,Bhusawal (MCl),Urban,Literate but below matric/secondary,66148,32922,33226,14529,12897,1632,2421,1869,552,915,758,157,49198,18156,31042,1697,898,799
B0103,27,802652,Bhusawal (MCl),Urban,Matric/secondary but below graduate,48380,26299,22081,14055,12935,1120,1815,1501,314,625,543,82,32510,11863,20647,2452,1558,894
B0103,27,802652,Bhusawal (MCl),Urban,Technical diploma or certificate not equal to degree,3328,2909,419,1906,1801,105,146,136,10,39,37,2,1276,972,304,284,240,44
B0103,27,802652,Bhusawal (MCl),Urban,Graduate and above other than technical degree,15260,8456,6804,6514,5514,1000,599,479,120,195,161,34,8147,2463,5684,1199,606,593
B0103,27,802652,Bhusawal (MCl),Urban,Technical degree or diploma equal to degree or post-graduate degree,4555,2801,1754,2132,1547,585,151,93,58,39,29,10,2272,1161,1111,444,278,166
B0103,27,802653,Jalgaon (M Corp.),Urban,Total,460228,240590,219638,136836,115289,21547,11199,6742,4457,3678,2515,1163,312193,118559,193634,11926,5953,5973
B0103,27,802653,Jalgaon (M Corp.),Urban,Illiterate,104860,48500,56360,16011,10977,5034,2277,1016,1261,697,366,331,86572,36507,50065,1228,414,814
B0103,27,802653,Jalgaon (M Corp.),Urban,Literate,355368,192090,163278,120825,104312,16513,8922,5726,3196,2981,2149,832,225621,82052,143569,10698,5539,5159
B0103,27,802653,Jalgaon (M Corp.),Urban,Literate but below matric/secondary,164826,82606,82220,41107,35078,6029,4253,2584,1669,1373,964,409,119466,44944,74522,3180,1476,1704
B0103,27,802653,Jalgaon (M Corp.),Urban,Matric/secondary but below graduate,116907,64636,52271,41511,37607,3904,2876,1994,882,1014,792,222,72520,25035,47485,4210,2350,1860
B0103,27,802653,Jalgaon (M Corp.),Urban,Technical diploma or certificate not equal to degree,7606,6331,1275,4665,4339,326,152,123,29,57,48,9,2789,1869,920,331,248,83
B0103,27,802653,Jalgaon (M Corp.),Urban,Graduate and above other than technical degree,42313,24826,17487,22324,18675,3649,887,557,330,288,185,103,19102,5594,13508,1806,860,946
B0103,27,802653,Jalgaon (M Corp.),Urban,Technical degree or diploma equal to degree or post-graduate degree,13002,8328,4674,7104,5312,1792,264,154,110,103,58,45,5634,2862,2772,851,469,382
B0103,27,802676,Akola (M Corp.),Urban,Total,425817,217393,208424,132005,109044,22961,7278,4988,2290,3005,2255,750,286534,103361,183173,12325,6147,6178
B0103,27,802676,Akola (M Corp.),Urban,Illiterate,77924,35053,42871,10088,6137,3951,886,417,469,352,198,154,66950,28499,38451,599,211,388
B0103,27,802676,Akola (M Corp.),Urban,Literate,347893,182340,165553,121917,102907,19010,6392,4571,1821,2653,2057,596,219584,74862,144722,11726,5936,5790
B0103,27,802676,Akola (M Corp.),Urban,Literate but below matric/secondary,168572,84607,83965,46792,39550,7242,3198,2323,875,1499,1205,294,118582,42734,75848,3648,1838,1810
B0103,27,802676,Akola (M Corp.),Urban,Matric/secondary but below graduate,102814,55534,47280,36929,32950,3979,1727,1313,414,653,524,129,64158,21271,42887,4148,2299,1849
B0103,27,802676,Akola (M Corp.),Urban,Technical diploma or certificate not equal to degree,2978,2351,627,1767,1600,167,41,33,8,16,11,5,1170,718,452,162,103,59
B0103,27,802676,Akola (M Corp.),Urban,Graduate and above other than technical degree,37871,21426,16445,19815,16075,3740,609,379,230,204,127,77,17447,4972,12475,2142,906,1236
B0103,27,802676,Akola (M Corp.),Urban,Technical degree or diploma equal to degree or post-graduate degree,11844,7386,4458,6940,4988,1952,161,87,74,63,31,32,4743,2311,2432,984,513,471
B0103,27,802685,Achalpur (M Cl),Urban,Total,112311,58108,54203,32741,28257,4484,4960,3614,1346,2928,2357,571,74610,26237,48373,4578,2225,2353
B0103,27,802685,Achalpur (M Cl),Urban,Illiterate,20764,9432,11332,2661,1658,1003,616,309,307,296,185,111,17487,7465,10022,198,74,124
B0103,27,802685,Achalpur (M Cl),Urban,Literate,91547,48676,42871,30080,26599,3481,4344,3305,1039,2632,2172,460,57123,18772,38351,4380,2151,2229
B0103,27,802685,Achalpur (M Cl),Urban,Literate but below matric/secondary,53105,27596,25509,15659,13796,1863,2803,2117,686,1705,1392,313,34643,11683,22960,1552,753,799
B0103,27,802685,Achalpur (M Cl),Urban,Matric/secondary but below graduate,27697,14675,13022,9166,8405,761,1216,943,273,727,621,106,17315,5327,11988,1842,927,915
B0103,27,802685,Achalpur (M Cl),Urban,Technical diploma or certificate not equal to degree,637,499,138,308,289,19,17,13,4,14,11,3,312,197,115,89,60,29
B0103,27,802685,Achalpur (M Cl),Urban,Graduate and above other than technical degree,6704,3923,2781,3288,2842,446,199,156,43,120,97,23,3217,925,2292,580,262,318
B0103,27,802685,Achalpur (M Cl),Urban,Technical degree or diploma equal to degree or post-graduate degree,2159,1346,813,1198,889,309,39,24,15,21,14,7,922,433,489,251,128,123
B0103,27,802690,Amravati (M Corp.),Urban,Total,647057,329992,317065,189628,157967,31661,18908,12974,5934,8645,6451,2194,438521,159051,279470,25543,12542,13001
B0103,27,802690,Amravati (M Corp.),Urban,Illiterate,111463,51095,60368,13472,9043,4429,2480,1275,1205,1157,682,475,95511,40777,54734,1193,441,752
B0103,27,802690,Amravati (M Corp.),Urban,Literate,535594,278897,256697,176156,148924,27232,16428,11699,4729,7488,5769,1719,343010,118274,224736,24350,12101,12249
B0103,27,802690,Amravati (M Corp.),Urban,Literate but below matric/secondary,261102,131633,129469,70292,60306,9986,8514,6145,2369,4106,3257,849,182296,65182,117114,6926,3460,3466
B0103,27,802690,Amravati (M Corp.),Urban,Matric/secondary but below graduate,166363,86188,80175,54150,47804,6346,4909,3581,1328,2072,1627,445,107304,34803,72501,9231,4743,4488
B0103,27,802690,Amravati (M Corp.),Urban,Technical diploma or certificate not equal to degree,5820,4653,1167,2987,2695,292,157,121,36,62,53,9,2676,1837,839,464,342,122
B0103,27,802690,Amravati (M Corp.),Urban,Graduate and above other than technical degree,69037,37533,31504,32996,26617,6379,1748,1163,585,684,455,229,34293,9753,24540,4881,2072,2809
B0103,27,802690,Amravati (M Corp.),Urban,Technical degree or diploma equal to degree or post-graduate degree,22959,13923,9036,12263,8721,3542,515,308,207,215,121,94,10181,4894,5287,2260,1162,1098
B0103,27,802696,Wardha (M Cl),Urban,Total,106444,53697,52747,31804,25773,6031,3500,2242,1258,1972,1358,614,71140,25682,45458,4567,2127,2440
B0103,27,802696,Wardha (M Cl),Urban,Illiterate,16073,6849,9224,1542,759,783,486,196,290,272,129,143,14045,5894,8151,106,28,78
B0103,27,802696,Wardha (M Cl),Urban,Literate,90371,46848,43523,30262,25014,5248,3014,2046,968,1700,1229,471,57095,19788,37307,4461,2099,2362
B0103,27,802696,Wardha (M Cl),Urban,Literate but below matric/secondary,38356,19079,19277,9234,7585,1649,1544,1018,526,864,600,264,27578,10476,17102,975,536,439
B0103,27,802696,Wardha (M Cl),Urban,Matric/secondary but below graduate,30316,15558,14758,9837,8698,1139,961,699,262,552,442,110,19518,6161,13357,1736,861,875
B0103,27,802696,Wardha (M Cl),Urban,Technical diploma or certificate not equal to degree,1558,1199,359,843,752,91,26,22,4,21,19,2,689,425,264,180,103,77
B0103,27,802696,Wardha (M Cl),Urban,Graduate and above other than technical degree,14844,8015,6829,7500,5964,1536,368,233,135,197,123,74,6976,1818,5158,1094,379,715
B0103,27,802696,Wardha (M Cl),Urban,Technical degree or diploma equal to degree or post-graduate degree,4519,2630,1889,2564,1784,780,75,47,28,45,31,14,1880,799,1081,432,203,229
B0103,27,802699,Hinganghat (M Cl),Urban,Total,101805,52577,49228,28913,24669,4244,5171,3178,1993,2897,1974,923,67721,24730,42991,5335,2626,2709
B0103,27,802699,Hinganghat (M Cl),Urban,Illiterate,16217,6846,9371,1312,654,658,589,206,383,369,157,212,14316,5986,8330,109,35,74
B0103,27,802699,Hinganghat (M Cl),Urban,Literate,85588,45731,39857,27601,24015,3586,4582,2972,1610,2528,1817,711,53405,18744,34661,5226,2591,2635
B0103,27,802699,Hinganghat (M Cl),Urban,Literate but below matric/secondary,42006,21633,20373,10936,9241,1695,2578,1600,978,1464,999,465,28492,10792,17700,1370,680,690
B0103,27,802699,Hinganghat (M Cl),Urban,Matric/secondary but below graduate,30497,16310,14187,10275,9387,888,1515,1055,460,825,642,183,18707,5868,12839,2474,1283,1191
B0103,27,802699,Hinganghat (M Cl),Urban,Technical diploma or certificate not equal to degree,883,657,226,370,337,33,31,24,7,22,16,6,482,296,186,129,78,51
B0103,27,802699,Hinganghat (M Cl),Urban,Graduate and above other than technical degree,8633,4988,3645,4236,3686,550,310,209,101,159,119,40,4087,1093,2994,871,349,522
B0103,27,802699,Hinganghat (M Cl),Urban,Technical degree or diploma equal to degree or post-graduate degree,2623,1696,927,1455,1103,352,54,35,19,29,19,10,1114,558,556,331,181,150
B0103,27,802710,Nagpur (M Corp.),Urban,Total,2405665,1225405,1180260,779259,620325,158934,64512,39138,25374,25384,16814,8570,1561894,565942,995952,92516,41898,50618
B0103,27,802710,Nagpur (M Corp.),Urban,Illiterate,421542,189308,232234,57747,35567,22180,8112,3549,4563,2892,1410,1482,355683,150192,205491,4350,1491,2859
B0103,27,802710,Nagpur (M Corp.),Urban,Literate,1984123,1036097,948026,721512,584758,136754,56400,35589,20811,22492,15404,7088,1206211,415750,790461,88166,40407,47759
B0103,27,802710,Nagpur (M Corp.),Urban,Literate but below matric/secondary,896077,459781,436296,264320,215684,48636,27214,17301,9913,10983,7751,3232,604543,226796,377747,23997,11369,12628
B0103,27,802710,Nagpur (M Corp.),Urban,Matric/secondary but below graduate,642265,336813,305452,230879,199196,31683,17971,12005,5966,7274,5242,2032,393415,125612,267803,35050,16954,18096
B0103,27,802710,Nagpur (M Corp.),Urban,Technical diploma or certificate not equal to degree,26430,20453,5977,14666,12863,1803,653,512,141,318,251,67,11111,7078,4033,1972,1364,608
B0103,27,802710,Nagpur (M Corp.),Urban,Graduate and above other than technical degree,299166,153114,146052,149788,114210,35578,6927,3798,3129,2543,1376,1167,142451,35106,107345,18681,6431,12250
B0103,27,802710,Nagpur (M Corp.),Urban,Technical degree or diploma equal to degree or post-graduate degree,83116,48235,34881,47646,32217,15429,1985,1082,903,773,410,363,33485,14936,18549,7135,3743,3392
B0103,27,802716,Gondiya (M Cl),Urban,Total,132813,66500,66313,40684,31468,9216,5816,3670,2146,1921,1268,653,86313,31362,54951,5560,2624,2936
B0103,27,802716,Gondiya (M Cl),Urban,Illiterate,21140,8885,12255,2422,1073,1349,467,170,297,144,55,89,18251,7642,10609,184,66,118
B0103,27,802716,Gondiya (M Cl),Urban,Literate,111673,57615,54058,38262,30395,7867,5349,3500,1849,1777,1213,564,68062,23720,44342,5376,2558,2818
B0103,27,802716,Gondiya (M Cl),Urban,Literate but below matric/secondary,46518,22985,23533,12498,9369,3129,2059,1288,771,715,506,209,31961,12328,19633,1219,564,655
B0103,27,802716,Gondiya (M Cl),Urban,Matric/secondary but below graduate,36741,19780,16961,12705,10879,1826,1830,1266,564,640,444,196,22206,7635,14571,2252,1190,1062
B0103,27,802716,Gondiya (M Cl),Urban,Technical diploma or certificate not equal to degree,1167,927,240,639,571,68,44,38,6,21,18,3,484,318,166,105,83,22
B0103,27,802716,Gondiya (M Cl),Urban,Graduate and above other than technical degree,14585,7760,6825,6879,5579,1300,616,404,212,185,113,72,7090,1777,5313,1067,408,659
B0103,27,802716,Gondiya (M Cl),Urban,Technical degree or diploma equal to degree or post-graduate degree,3978,2415,1563,2209,1589,620,166,112,54,62,39,23,1603,714,889,365,179,186
B0103,27,802722,Chandrapur (M Cl),Urban,Total,320379,164085,156294,92286,75847,16439,13041,8829,4212,6435,4681,1754,215052,79409,135643,15221,7558,7663
B0103,27,802722,Chandrapur (M Cl),Urban,Illiterate,61916,26049,35867,8810,5323,3487,2216,978,1238,968,483,485,50890,19748,31142,890,274,616
B0103,27,802722,Chandrapur (M Cl),Urban,Literate,258463,138036,120427,83476,70524,12952,10825,7851,2974,5467,4198,1269,164162,59661,104501,14331,7284,7047
B0103,27,802722,Chandrapur (M Cl),Urban,Literate but below matric/secondary,123446,63457,59989,31944,26803,5141,5835,4173,1662,2888,2212,676,85667,32481,53186,3955,1826,2129
B0103,27,802722,Chandrapur (M Cl),Urban,Matric/secondary but below graduate,90333,48830,41503,29383,26119,3264,3639,2795,844,1866,1509,357,57311,19916,37395,6328,3549,2779
B0103,27,802722,Chandrapur (M Cl),Urban,Technical diploma or certificate not equal to degree,3462,2805,657,1742,1613,129,94,76,18,65,51,14,1626,1116,510,403,301,102
B0103,27,802722,Chandrapur (M Cl),Urban,Graduate and above other than technical degree,29466,16346,13120,14752,11875,2877,846,570,276,452,308,144,13868,3901,9967,2518,1052,1466
B0103,27,802722,Chandrapur (M Cl),Urban,Technical degree or diploma equal to degree or post-graduate degree,8220,4971,3249,4486,3244,1242,189,112,77,103,58,45,3545,1615,1930,979,486,493
B0103,27,802727,Yavatmal (MCl),Urban,Total,116551,58549,58002,36500,29487,7013,2737,1959,778,1602,1237,365,77314,27103,50211,3929,1889,2040
B0103,27,802727,Yavatmal (MCl),Urban,Illiterate,19825,8728,11097,2580,1476,1104,392,186,206,233,130,103,16853,7066,9787,224,70,154
B0103,27,802727,Yavatmal (MCl),Urban,Literate,96726,49821,46905,33920,28011,5909,2345,1773,572,1369,1107,262,60461,20037,40424,3705,1819,1886
B0103,27,802727,Yavatmal (MCl),Urban,Literate but below matric/secondary,45138,22579,22559,12694,10385,2309,1283,975,308,815,671,144,31161,11219,19942,1129,607,522
B0103,27,802727,Yavatmal (MCl),Urban,Matric/secondary but below graduate,27602,14250,13352,9722,8453,1269,504,396,108,250,212,38,17376,5401,11975,1244,615,629
B0103,27,802727,Yavatmal (MCl),Urban,Technical diploma or certificate not equal to degree,969,733,236,514,447,67,14,11,3,6,5,1,441,275,166,65,46,19
B0103,27,802727,Yavatmal (MCl),Urban,Graduate and above other than technical degree,10443,5607,4836,5176,4180,996,129,87,42,60,40,20,5138,1340,3798,661,262,399
B0103,27,802727,Yavatmal (MCl),Urban,Technical degree or diploma equal to degree or post-graduate degree,3068,1790,1278,1665,1168,497,35,20,15,17,7,10,1368,602,766,293,148,145
B0103,27,802737,Nanded Waghala (M Corp.),Urban,Total,550439,285433,265006,146348,123050,23298,21454,14537,6917,8758,6457,2301,382637,147846,234791,20364,10985,9379
B0103,27,802737,Nanded Waghala (M Corp.),Urban,Illiterate,138573,61106,77467,18843,13106,5737,4060,2013,2047,1591,897,694,115670,45987,69683,1784,640,1144
B0103,27,802737,Nanded Waghala (M Corp.),Urban,Literate,411866,224327,187539,127505,109944,17561,17394,12524,4870,7167,5560,1607,266967,101859,165108,18580,10345,8235
B0103,27,802737,Nanded Waghala (M Corp.),Urban,Literate but below matric/secondary,209676,106133,103543,47531,41336,6195,8668,6117,2551,3608,2813,795,153477,58680,94797,5498,2853,2645
B0103,27,802737,Nanded Waghala (M Corp.),Urban,Matric/secondary but below graduate,116019,63674,52345,36932,32995,3937,4932,3611,1321,2019,1608,411,74155,27068,47087,6788,3894,2894
B0103,27,802737,Nanded Waghala (M Corp.),Urban,Technical diploma or certificate not equal to degree,4530,3624,906,2323,2098,225,166,136,30,65,53,12,2041,1390,651,416,300,116
B0103,27,802737,Nanded Waghala (M Corp.),Urban,Graduate and above other than technical degree,41295,27534,13761,22894,19411,3483,1609,1222,387,649,496,153,16792,6901,9891,2999,1688,1311
B0103,27,802737,Nanded Waghala (M Corp.),Urban,Technical degree or diploma equal to degree or post-graduate degree,16441,10612,5829,8620,6293,2327,531,348,183,232,147,85,7290,3971,3319,1870,1107,763
B0103,27,802753,Parbhani (M Cl),Urban,Total,307170,156520,150650,81489,66732,14757,11220,6757,4463,4760,3146,1614,214461,83031,131430,11301,5857,5444
B0103,27,802753,Parbhani (M Cl),Urban,Illiterate,89981,38923,51058,14860,9808,5052,3134,1380,1754,1346,659,687,71987,27735,44252,1299,439,860
B0103,27,802753,Parbhani (M Cl),Urban,Literate,217189,117597,99592,66629,56924,9705,8086,5377,2709,3414,2487,927,142474,55296,87178,10002,5418,4584
B0103,27,802753,Parbhani (M Cl),Urban,Literate but below matric/secondary,118061,60045,58016,28384,24527,3857,4270,2850,1420,1888,1385,503,85407,32668,52739,3225,1564,1661
B0103,27,802753,Parbhani (M Cl),Urban,Matric/secondary but below graduate,56376,31245,25131,17337,15449,1888,1957,1316,641,822,604,218,37082,14480,22602,3566,2056,1510
B0103,27,802753,Parbhani (M Cl),Urban,Technical diploma or certificate not equal to degree,1831,1426,405,921,801,120,49,38,11,17,13,4,861,587,274,167,110,57
B0103,27,802753,Parbhani (M Cl),Urban,Graduate and above other than technical degree,20889,13765,7124,11507,9693,1814,797,533,264,306,217,89,8585,3539,5046,1559,898,661
B0103,27,802753,Parbhani (M Cl),Urban,Technical degree or diploma equal to degree or post-graduate degree,9146,5835,3311,4749,3450,1299,306,192,114,118,79,39,4091,2193,1898,1000,553,447
B0103,27,802760,Jalna (M Cl),Urban,Total,285577,147092,138485,83838,67396,16442,12611,7701,4910,4697,3188,1509,189128,71995,117133,8614,4292,4322
B0103,27,802760,Jalna (M Cl),Urban,Illiterate,83748,36689,47059,14991,9528,5463,3073,1421,1652,1173,602,571,65684,25740,39944,1153,371,782
B0103,27,802760,Jalna (M Cl),Urban,Literate,201829,110403,91426,68847,57868,10979,9538,6280,3258,3524,2586,938,123444,46255,77189,7461,3921,3540
B0103,27,802760,Jalna (M Cl),Urban,Literate but below matric/secondary,112618,58561,54057,30535,25612,4923,5102,3352,1750,1925,1432,493,76981,29597,47384,2826,1469,1357
B0103,27,802760,Jalna (M Cl),Urban,Matric/secondary but below graduate,53467,30179,23288,19571,17178,2393,2607,1735,872,976,731,245,31289,11266,20023,2780,1506,1274
B0103,27,802760,Jalna (M Cl),Urban,Technical diploma or certificate not equal to degree,1740,1267,473,1002,868,134,68,54,14,24,20,4,670,345,325,146,72,74
B0103,27,802760,Jalna (M Cl),Urban,Graduate and above other than technical degree,18784,12161,6623,10950,9149,1801,894,620,274,313,220,93,6940,2392,4548,1034,544,490
B0103,27,802760,Jalna (M Cl),Urban,Technical degree or diploma equal to degree or post-graduate degree,5175,3199,1976,3062,2123,939,204,132,72,83,54,29,1909,944,965,386,199,187
B0103,27,802765,Aurangabad (M Corp.),Urban,Total,1175116,609206,565910,342649,280321,62328,35173,20990,14183,13337,8951,4386,797294,307895,489399,34308,16815,17493
B0103,27,802765,Aurangabad (M Corp.),Urban,Illiterate,285892,125863,160029,39235,23914,15321,6911,2865,4046,2675,1264,1411,239746,99084,140662,2743,868,1875
B0103,27,802765,Aurangabad (M Corp.),Urban,Literate,889224,483343,405881,303414,256407,47007,28262,18125,10137,10662,7687,2975,557548,208811,348737,31565,15947,15618
B0103,27,802765,Aurangabad (M Corp.),Urban,Literate but below matric/secondary,413426,210424,203002,97508,83551,13957,12689,8138,4551,4912,3579,1333,303229,118735,184494,8846,4327,4519
B0103,27,802765,Aurangabad (M Corp.),Urban,Matric/secondary but below graduate,280663,154122,126541,97407,86874,10533,9114,6131,2983,3593,2723,870,174142,61117,113025,12675,6799,5876
B0103,27,802765,Aurangabad (M Corp.),Urban,Technical diploma or certificate not equal to degree,14645,11807,2838,9562,8655,907,366,270,96,117,80,37,4717,2882,1835,594,370,224
B0103,27,802765,Aurangabad (M Corp.),Urban,Graduate and above other than technical degree,119440,72052,47388,67498,54411,13087,3742,2237,1505,1280,839,441,48200,15404,32796,5985,2825,3160
B0103,27,802765,Aurangabad (M Corp.),Urban,Technical degree or diploma equal to degree or post-graduate degree,39868,24524,15344,23777,17026,6751,1113,639,474,403,227,176,14978,6859,8119,2824,1325,1499
B0103,27,802772,Malegaon (M Corp.+OG),Urban,Total,481228,244080,237148,136656,118401,18255,7302,4693,2609,1565,1195,370,337270,120986,216284,9514,5886,3628
B0103,27,802772,Malegaon (M Corp.+OG),Urban,Illiterate,128606,59989,68617,16475,12258,4217,1425,691,734,294,180,114,110706,47040,63666,677,327,350
B0103,27,802772,Malegaon (M Corp.+OG),Urban,Literate,352622,184091,168531,120181,106143,14038,5877,4002,1875,1271,1015,256,226564,73946,152618,8837,5559,3278
B0103,27,802772,Malegaon (M Corp.+OG),Urban,Literate but below matric/secondary,232009,120009,112000,70259,62824,7435,3300,2237,1063,673,549,124,158450,54948,103502,4102,2850,1252
B0103,27,802772,Malegaon (M Corp.+OG),Urban,Matric/secondary but below graduate,73375,38703,34672,27548,25121,2427,1417,977,440,325,261,64,44410,12605,31805,2661,1663,998
B0103,27,802772,Malegaon (M Corp.+OG),Urban,Technical diploma or certificate not equal to degree,2267,1800,467,1298,1215,83,53,43,10,25,20,5,916,542,374,157,105,52
B0103,27,802772,Malegaon (M Corp.+OG),Urban,Graduate and above other than technical degree,16152,9756,6396,8945,7529,1416,345,244,101,103,76,27,6862,1983,4879,840,418,422
B0103,27,802772,Malegaon (M Corp.+OG),Urban,Technical degree or diploma equal to degree or post-graduate degree,6678,3589,3089,3659,2413,1246,138,82,56,48,32,16,2881,1094,1787,544,247,297
B0103,27,802776,Nashik (M Corp.),Urban,Total,1486053,782517,703536,495978,402037,93941,38843,24114,14729,10992,7437,3555,951232,356366,594866,40233,18307,21926
B0103,27,802776,Nashik (M Corp.),Urban,Illiterate,307607,138974,168633,48830,28119,20711,7001,2977,4024,2103,1028,1075,251776,107878,143898,2336,704,1632
B0103,27,802776,Nashik (M Corp.),Urban,Literate,1178446,643543,534903,447148,373918,73230,31842,21137,10705,8889,6409,2480,699456,248488,450968,37897,17603,20294
B0103,27,802776,Nashik (M Corp.),Urban,Literate but below matric/secondary,493864,252568,241296,131372,107932,23440,12761,8174,4587,4256,3162,1094,349731,136462,213269,9168,4245,4923
B0103,27,802776,Nashik (M Corp.),Urban,Matric/secondary but below graduate,371618,209387,162231,147181,131383,15798,9307,6576,2731,2399,1845,554,215130,71428,143702,13611,6967,6644
B0103,27,802776,Nashik (M Corp.),Urban,Technical diploma or certificate not equal to degree,34003,27856,6147,21447,19739,1708,974,816,158,200,163,37,11582,7301,4281,1385,874,511
B0103,27,802776,Nashik (M Corp.),Urban,Graduate and above other than technical degree,159020,88389,70631,87472,68754,18718,4175,2549,1626,1047,624,423,67373,17086,50287,8603,3338,5265
B0103,27,802776,Nashik (M Corp.),Urban,Technical degree or diploma equal to degree or post-graduate degree,44994,28466,16528,27727,20436,7291,1101,676,425,229,106,123,16166,7354,8812,2974,1372,1602
B0103,27,802785,Vasai-Virar City (M Corp.),Urban,Total,1222390,648172,574218,445274,347553,97721,44744,24311,20433,10677,6386,4291,732372,276308,456064,32433,15195,17238
B0103,27,802785,Vasai-Virar City (M Corp.),Urban,Illiterate,269979,125358,144621,44524,29711,14813,8304,3725,4579,1694,856,838,217151,91922,125229,2942,1073,1869
B0103,27,802785,Vasai-Virar City (M Corp.),Urban,Literate,952411,522814,429597,400750,317842,82908,36440,20586,15854,8983,5530,3453,515221,184386,330835,29491,14122,15369
B0103,27,802785,Vasai-Virar City (M Corp.),Urban,Literate but below matric/secondary,431695,222354,209341,128458,103743,24715,16230,8906,7324,3790,2426,1364,287007,109705,177302,9538,4406,5132
B0103,27,802785,Vasai-Virar City (M Corp.),Urban,Matric/secondary but below graduate,347882,206353,141529,169348,142646,26702,13250,7918,5332,3390,2138,1252,165284,55789,109495,13441,6891,6550
B0103,27,802785,Vasai-Virar City (M Corp.),Urban,Technical diploma or certificate not equal to degree,9742,7268,2474,6162,5140,1022,299,218,81,78,58,20,3281,1910,1371,404,289,115
B0103,27,802785,Vasai-Virar City (M Corp.),Urban,Graduate and above other than technical degree,110888,60412,50476,69690,48582,21108,3971,2122,1849,1096,568,528,37227,9708,27519,4444,1777,2667
B0103,27,802785,Vasai-Virar City (M Corp.),Urban,Technical degree or diploma equal to degree or post-graduate degree,19066,9604,9462,13242,7332,5910,615,299,316,150,76,74,5209,1973,3236,692,335,357
B0103,27,802786,Mira Bhayandar (M corp.),Urban,Total,809378,429260,380118,281675,228624,53051,34688,19603,15085,6289,3799,2490,493015,181033,311982,19089,9208,9881
B0103,27,802786,Mira Bhayandar (M corp.),Urban,Illiterate,153085,72826,80259,21277,15810,5467,4516,2045,2471,974,498,476,127292,54971,72321,1464,524,940
B0103,27,802786,Mira Bhayandar (M corp.),Urban,Literate,656293,356434,299859,260398,212814,47584,30172,17558,12614,5315,3301,2014,365723,126062,239661,17625,8684,8941
B0103,27,802786,Mira Bhayandar (M corp.),Urban,Literate but below matric/secondary,248740,127087,121653,64179,53865,10314,9545,5298,4247,1866,1197,669,175016,67924,107092,5082,2570,2512
B0103,27,802786,Mira Bhayandar (M corp.),Urban,Matric/secondary but below graduate,235131,133202,101929,102025,87246,14779,10666,6531,4135,1915,1223,692,122440,39425,83015,7604,3954,3650
B0103,27,802786,Mira Bhayandar (M corp.),Urban,Technical diploma or certificate not equal to degree,5787,4307,1480,3456,2926,530,317,233,84,64,40,24,2014,1148,866,227,149,78
B0103,27,802786,Mira Bhayandar (M corp.),Urban,Graduate and above other than technical degree,104870,57426,47444,61235,45650,15585,5487,2982,2505,926,491,435,38148,8794,29354,3247,1323,1924
B0103,27,802786,Mira Bhayandar (M corp.),Urban,Technical degree or diploma equal to degree or post-graduate degree,13636,8553,5083,8825,6386,2439,795,498,297,134,73,61,4016,1669,2347,496,255,241
B0103,27,802787,Thane (M Corp.),Urban,Total,1841488,975399,866089,649128,515048,134080,50107,31138,18969,12261,8470,3791,1142253,429213,713040,48169,24770,23399
B0103,27,802787,Thane (M Corp.),Urban,Illiterate,382692,178057,204635,59067,40573,18494,7933,4072,3861,1836,1135,701,315692,133412,182280,3852,1606,2246
B0103,27,802787,Thane (M Corp.),Urban,Literate,1458796,797342,661454,590061,474475,115586,42174,27066,15108,10425,7335,3090,826561,295801,530760,44317,23164,21153
B0103,27,802787,Thane (M Corp.),Urban,Literate but below matric/secondary,620696,319014,301682,173190,145075,28115,15547,9799,5748,4211,3078,1133,431959,164140,267819,13811,7347,6464
B0103,27,802787,Thane (M Corp.),Urban,Matric/secondary but below graduate,462369,270036,192333,202507,175157,27350,13005,8889,4116,3541,2600,941,246857,85990,160867,17207,9693,7514
B0103,27,802787,Thane (M Corp.),Urban,Technical diploma or certificate not equal to degree,20548,15582,4966,12885,10816,2069,714,540,174,163,121,42,6949,4226,2723,772,510,262
B0103,27,802787,Thane (M Corp.),Urban,Graduate and above other than technical degree,192593,98889,93704,115364,78095,37269,5552,2939,2613,1208,653,555,71677,17855,53822,7626,3115,4511
B0103,27,802787,Thane (M Corp.),Urban,Technical degree or diploma equal to degree or post-graduate degree,48555,30325,18230,33918,23922,9996,1465,866,599,311,164,147,13172,5537,7635,1719,809,910
B0103,27,802788,Navi Mumbai (M Corp.),Urban,Total,1120547,610060,510487,419469,339789,79680,36016,21433,14583,9653,5996,3657,665062,248838,416224,29546,13763,15783
B0103,27,802788,Navi Mumbai (M Corp.),Urban,Illiterate,232430,108263,124167,38619,26107,12512,5384,2587,2797,1583,801,782,188427,79569,108858,2421,805,1616
B0103,27,802788,Navi Mumbai (M Corp.),Urban,Literate,888117,501797,386320,380850,313682,67168,30632,18846,11786,8070,5195,2875,476635,169269,307366,27125,12958,14167
B0103,27,802788,Navi Mumbai (M Corp.),Urban,Literate but below matric/secondary,351073,186603,164470,100649,86333,14316,10525,6487,4038,3033,2089,944,239899,93783,146116,6976,3377,3599
B0103,27,802788,Navi Mumbai (M Corp.),Urban,Matric/secondary but below graduate,287873,174167,113706,133364,118476,14888,9631,6335,3296,2690,1836,854,144878,49356,95522,10689,5689,5000
B0103,27,802788,Navi Mumbai (M Corp.),Urban,Technical diploma or certificate not equal to degree,16357,12352,4005,10219,8646,1573,601,448,153,153,113,40,5537,3258,2279,730,459,271
B0103,27,802788,Navi Mumbai (M Corp.),Urban,Graduate and above other than technical degree,145138,76487,68651,85556,61498,24058,5533,2885,2648,1294,635,659,54049,12104,41945,5801,2107,3694
B0103,27,802788,Navi Mumbai (M Corp.),Urban,Technical degree or diploma equal to degree or post-graduate degree,47486,30961,16525,33553,24924,8629,1871,1130,741,390,194,196,12062,4907,7155,1856,864,992
B0103,27,802789,Bhiwandi (M Corp.),Urban,Total,709665,415339,294326,269087,243067,26020,20741,15073,5668,2947,2220,727,419837,157199,262638,13486,7594,5892
B0103,27,802789,Bhiwandi (M Corp.),Urban,Illiterate,218594,113353,105241,57960,49702,8258,5307,3343,1964,679,463,216,155327,60308,95019,1896,827,1069
B0103,27,802789,Bhiwandi (M Corp.),Urban,Literate,491071,301986,189085,211127,193365,17762,15434,11730,3704,2268,1757,511,264510,96891,167619,11590,6767,4823
B0103,27,802789,Bhiwandi (M Corp.),Urban,Literate but below matric/secondary,296367,179323,117044,114555,105537,9018,8034,5865,2169,1121,865,256,173778,67921,105857,5561,3260,2301
B0103,27,802789,Bhiwandi (M Corp.),Urban,Matric/secondary but below graduate,120010,76205,43805,57748,53912,3836,3700,2903,797,654,506,148,58562,19390,39172,3920,2326,1594
B0103,27,802789,Bhiwandi (M Corp.),Urban,Technical diploma or certificate not equal to degree,1942,1561,381,1019,930,89,76,67,9,27,24,3,847,564,283,117,92,25
B0103,27,802789,Bhiwandi (M Corp.),Urban,Graduate and above other than technical degree,20295,11870,8425,10730,9132,1598,614,454,160,155,114,41,8951,2284,6667,821,448,373
B0103,27,802789,Bhiwandi (M Corp.),Urban,Technical degree or diploma equal to degree or post-graduate degree,4393,2534,1859,2701,1795,906,164,103,61,41,28,13,1528,636,892,195,110,85
B0103,27,802790,Kalyan Dombivali (M Corp.),Urban,Total,1247327,649626,597701,440991,345060,95931,28315,16850,11465,9201,6102,3099,778021,287716,490305,41383,20379,21004
B0103,27,802790,Kalyan Dombivali (M Corp.),Urban,Illiterate,218286,100409,117877,32347,21524,10823,4233,2216,2017,1318,787,531,181706,76669,105037,2533,1001,1532
B0103,27,802790,Kalyan Dombivali (M Corp.),Urban,Literate,1029041,549217,479824,408644,323536,85108,24082,14634,9448,7883,5315,2568,596315,211047,385268,38850,19378,19472
B0103,27,802790,Kalyan Dombivali (M Corp.),Urban,Literate but below matric/secondary,395163,194987,200176,100286,83498,16788,9170,5703,3467,2849,2088,761,285707,105786,179921,9615,4898,4717
B0103,27,802790,Kalyan Dombivali (M Corp.),Urban,Matric/secondary but below graduate,375917,210060,165857,152557,129627,22930,8612,5490,3122,2849,2022,827,214748,74943,139805,16231,8732,7499
B0103,27,802790,Kalyan Dombivali (M Corp.),Urban,Technical diploma or certificate not equal to degree,21736,17058,4678,14185,12308,1877,445,323,122,167,125,42,7106,4427,2679,1005,663,342
B0103,27,802790,Kalyan Dombivali (M Corp.),Urban,Graduate and above other than technical degree,177105,93714,83391,107447,74170,33277,4140,2107,2033,1467,741,726,65518,17437,48081,9082,3639,5443
B0103,27,802790,Kalyan Dombivali (M Corp.),Urban,Technical degree or diploma equal to degree or post-graduate degree,37946,22901,15045,25726,17522,8204,854,496,358,309,174,135,11366,4883,6483,2221,1080,1141
B0103,27,802791,Ulhasnagar (M Corp.),Urban,Total,506098,269048,237050,175394,146213,29181,18630,11885,6745,4506,3134,1372,312074,110950,201124,13808,6867,6941
B0103,27,802791,Ulhasnagar (M Corp.),Urban,Illiterate,108160,48494,59666,20909,14165,6744,3410,1699,1711,901,549,352,83841,32630,51211,1297,477,820
B0103,27,802791,Ulhasnagar (M Corp.),Urban,Literate,397938,220554,177384,154485,132048,22437,15220,10186,5034,3605,2585,1020,228233,78320,149913,12511,6390,6121
B0103,27,802791,Ulhasnagar (M Corp.),Urban,Literate but below matric/secondary,194642,106683,87959,61529,53112,8417,7225,4795,2430,1805,1362,443,125888,48776,77112,4373,2325,2048
B0103,27,802791,Ulhasnagar (M Corp.),Urban,Matric/secondary but below graduate,136199,77590,58609,58728,52412,6316,4861,3353,1508,1135,811,324,72610,21825,50785,4971,2659,2312
B0103,27,802791,Ulhasnagar (M Corp.),Urban,Technical diploma or certificate not equal to degree,3020,2325,695,1717,1528,189,95,77,18,28,24,4,1208,720,488,189,118,71
B0103,27,802791,Ulhasnagar (M Corp.),Urban,Graduate and above other than technical degree,37458,19797,17661,19812,15184,4628,1427,854,573,325,171,154,16219,3759,12460,1993,811,1182
B0103,27,802791,Ulhasnagar (M Corp.),Urban,Technical degree or diploma equal to degree or post-graduate degree,6103,3290,2813,3702,2344,1358,262,158,104,60,33,27,2139,788,1351,389,182,207
B0103,27,802792,Badlapur (MCl),Urban,Total,174226,90365,83861,55750,44176,11574,9505,6432,3073,2216,1531,685,108971,39757,69214,6409,2930,3479
B0103,27,802792,Badlapur (MCl),Urban,Illiterate,30746,13847,16899,3960,2488,1472,1256,673,583,299,178,121,25530,10686,14844,314,97,217
B0103,27,802792,Badlapur (MCl),Urban,Literate,143480,76518,66962,51790,41688,10102,8249,5759,2490,1917,1353,564,83441,29071,54370,6095,2833,3262
B0103,27,802792,Badlapur (MCl),Urban,Literate but below matric/secondary,55520,27386,28134,12783,10484,2299,2720,1889,831,677,517,160,40017,15013,25004,1425,664,761
B0103,27,802792,Badlapur (MCl),Urban,Matric/secondary but below graduate,51653,28859,22794,19751,16891,2860,2812,2087,725,634,465,169,29090,9881,19209,2576,1290,1286
B0103,27,802792,Badlapur (MCl),Urban,Technical diploma or certificate not equal to degree,3051,2397,654,1843,1617,226,190,167,23,39,36,3,1018,613,405,158,109,49
B0103,27,802792,Badlapur (MCl),Urban,Graduate and above other than technical degree,21058,11432,9626,11812,8576,3236,1452,890,562,329,174,155,7794,1966,5828,1335,484,851
B0103,27,802792,Badlapur (MCl),Urban,Technical degree or diploma equal to degree or post-graduate degree,4057,2446,1611,2494,1727,767,280,162,118,52,21,31,1283,557,726,266,131,135
B0103,27,802793,Ambarnath (MCl),Urban,Total,253475,132582,120893,85272,67996,17276,6135,4279,1856,1676,1271,405,162068,60307,101761,7644,3984,3660
B0103,27,802793,Ambarnath (MCl),Urban,Illiterate,57214,25456,31758,9888,6558,3330,1055,571,484,281,163,118,46271,18327,27944,639,255,384
B0103,27,802793,Ambarnath (MCl),Urban,Literate,196261,107126,89135,75384,61438,13946,5080,3708,1372,1395,1108,287,115797,41980,73817,7005,3729,3276
B0103,27,802793,Ambarnath (MCl),Urban,Literate but below matric/secondary,90920,47309,43611,25475,21463,4012,2241,1668,573,707,590,117,63204,24178,39026,2236,1238,998
B0103,27,802793,Ambarnath (MCl),Urban,Matric/secondary but below graduate,59642,34611,25031,24749,21389,3360,1458,1106,352,388,311,77,33435,12116,21319,2565,1467,1098
B0103,27,802793,Ambarnath (MCl),Urban,Technical diploma or certificate not equal to degree,2868,2360,508,1823,1636,187,73,62,11,17,15,2,972,662,310,149,105,44
B0103,27,802793,Ambarnath (MCl),Urban,Graduate and above other than technical degree,21907,11674,10233,12921,9072,3849,547,335,212,145,93,52,8439,2267,6172,1198,517,681
B0103,27,802793,Ambarnath (MCl),Urban,Technical degree or diploma equal to degree or post-graduate degree,4689,2770,1919,3152,2099,1053,103,66,37,22,13,9,1434,605,829,310,127,183
B0103,27,802794,Greater Mumbai (M Corp.),Urban,Total,12442373,6715931,5726442,4725256,3786989,938267,294161,178342,115819,85477,57389,28088,7422956,2750600,4672356,376595,188945,187650
B0103,27,802794,Greater Mumbai (M Corp.),Urban,Illiterate,2357866,1082222,1275644,427633,302317,125316,44539,22255,22284,10584,6265,4319,1885694,757650,1128044,25893,9738,16155
B0103,27,802794,Greater Mumbai (M Corp.),Urban,Literate,10084507,5633709,4450798,4297623,3484672,812951,249622,156087,93535,74893,51124,23769,5537262,1992950,3544312,350702,179207,171495
B0103,27,802794,Greater Mumbai (M Corp.),Urban,Literate but below matric/secondary,4556951,2455559,2101392,1493922,1266474,227448,112306,71458,40848,32434,23437,8997,2950723,1117627,1833096,115275,59288,55987
B0103,27,802794,Greater Mumbai (M Corp.),Urban,Matric/secondary but below graduate,3302854,1960697,1342157,1494026,1290874,203152,81051,53107,27944,26322,18290,8032,1727777,616716,1111061,144321,78688,65633
B0103,27,802794,Greater Mumbai (M Corp.),Urban,Technical diploma or certificate not equal to degree,111185,81566,29619,66821,54494,12327,2537,1770,767,799,566,233,41827,25302,16525,5094,3522,1572
B0103,27,802794,Greater Mumbai (M Corp.),Urban,Graduate and above other than technical degree,1517328,789923,727405,907802,624774,283028,34609,18155,16454,10216,5562,4654,574917,146994,427923,63087,26001,37086
B0103,27,802794,Greater Mumbai (M Corp.),Urban,Technical degree or diploma equal to degree or post-graduate degree,285043,175041,110002,191210,132978,58232,6497,3762,2735,1918,1113,805,87336,38301,49035,12579,6613,5966
B0103,27,802796,Panvel (M Cl),Urban,Total,180020,92484,87536,61532,47551,13981,6462,3884,2578,2047,1109,938,112026,41049,70977,5488,2594,2894
B0103,27,802796,Panvel (M Cl),Urban,Illiterate,28327,13034,15293,3313,1934,1379,682,324,358,258,116,142,24332,10776,13556,229,80,149
B0103,27,802796,Panvel (M Cl),Urban,Literate,151693,79450,72243,58219,45617,12602,5780,3560,2220,1789,993,796,87694,30273,57421,5259,2514,2745
B0103,27,802796,Panvel (M Cl),Urban,Literate but below matric/secondary,51092,25256,25836,11023,8929,2094,1673,985,688,690,378,312,38396,15342,23054,1043,574,469
B0103,27,802796,Panvel (M Cl),Urban,Matric/secondary but below graduate,48027,25560,22467,17353,14752,2601,1755,1164,591,569,335,234,28919,9644,19275,1892,964,928
B0103,27,802796,Panvel (M Cl),Urban,Technical diploma or certificate not equal to degree,4919,3874,1045,3224,2858,366,159,118,41,32,19,13,1536,898,638,217,144,73
B0103,27,802796,Panvel (M Cl),Urban,Graduate and above other than technical degree,29600,14627,14973,16445,11582,4863,1242,721,521,290,145,145,11913,2324,9589,1342,482,860
B0103,27,802796,Panvel (M Cl),Urban,Technical degree or diploma equal to degree or post-graduate degree,10013,6337,3676,6882,5039,1843,468,278,190,97,52,45,2663,1020,1643,538,258,280
B0103,27,802811,Pimpri Chinchwad (M Corp.),Urban,Total,1727692,942533,785159,629863,521922,107941,46969,31617,15352,12392,8968,3424,1050860,388994,661866,37140,17484,19656
B0103,27,802811,Pimpri Chinchwad (M Corp.),Urban,Illiterate,384034,180818,203216,60947,39428,21519,7454,3675,3779,2030,1149,881,315633,137715,177918,2249,812,1437
B0103,27,802811,Pimpri Chinchwad (M Corp.),Urban,Literate,1343658,761715,581943,568916,482494,86422,39515,27942,11573,10362,7819,2543,735227,251279,483948,34891,16672,18219
B0103,27,802811,Pimpri Chinchwad (M Corp.),Urban,Literate but below matric/secondary,512616,267604,245012,144646,123083,21563,12609,8707,3902,3705,2921,784,355361,135814,219547,7705,3741,3964
B0103,27,802811,Pimpri Chinchwad (M Corp.),Urban,Matric/secondary but below graduate,424142,252007,172135,189507,171417,18090,11694,8782,2912,3275,2634,641,222941,71808,151133,11854,6473,5381
B0103,27,802811,Pimpri Chinchwad (M Corp.),Urban,Technical diploma or certificate not equal to degree,44797,38757,6040,33802,31389,2413,1772,1560,212,531,479,52,9223,5808,3415,1104,706,398
B0103,27,802811,Pimpri Chinchwad (M Corp.),Urban,Graduate and above other than technical degree,170024,88581,81443,92514,69745,22769,5028,2981,2047,1271,736,535,72482,15855,56627,7717,2837,4880
B0103,27,802811,Pimpri Chinchwad (M Corp.),Urban,Technical degree or diploma equal to degree or post-graduate degree,79557,52992,26565,54586,41833,12753,2722,1809,913,572,329,243,22249,9350,12899,3921,1815,2106
B0103,27,802814,Pune (M Corp.),Urban,Total,3124458,1603675,1520783,1129388,840185,289203,73765,40669,33096,22987,14523,8464,1921305,722821,1198484,91739,42498,49241
B0103,27,802814,Pune (M Corp.),Urban,Illiterate,628134,286330,341804,114358,66961,47397,12128,5524,6604,3636,1950,1686,501648,213845,287803,6677,2446,4231
B0103,27,802814,Pune (M Corp.),Urban,Literate,2496324,1317345,1178979,1015030,773224,241806,61637,35145,26492,19351,12573,6778,1419657,508976,910681,85062,40052,45010
B0103,27,802814,Pune (M Corp.),Urban,Literate but below matric/secondary,954598,480910,473688,268987,209613,59374,23340,13772,9568,7620,5422,2198,662271,257525,404746,21672,10618,11054
B0103,27,802814,Pune (M Corp.),Urban,Matric/secondary but below graduate,747533,405199,342334,288507,241373,47134,18688,11438,7250,6055,4183,1872,440338,152388,287950,31050,16167,14883
B0103,27,802814,Pune (M Corp.),Urban,Technical diploma or certificate not equal to degree,52876,40297,12579,33968,28942,5026,1168,844,324,293,199,94,17740,10511,7229,1785,1074,711
B0103,27,802814,Pune (M Corp.),Urban,Graduate and above other than technical degree,466618,228936,237682,256369,173507,82862,10703,4944,5759,3163,1507,1656,199546,50485,149061,19497,6981,12516
B0103,27,802814,Pune (M Corp.),Urban,Technical degree or diploma equal to degree or post-graduate degree,189890,120086,69804,130710,93668,37042,4070,2250,1820,1230,649,581,55110,24168,30942,8006,3729,4277
B0103,27,802828,Ahmadnagar (M Corp.),Urban,Total,350859,178899,171960,113174,86926,26248,11096,6502,4594,3591,2368,1223,226589,85471,141118,11182,5175,6007
B0103,27,802828,Ahmadnagar (M Corp.),Urban,Illiterate,70347,31218,39129,10818,6043,4775,1729,738,991,608,296,312,57800,24437,33363,733,244,489
B0103,27,802828,Ahmadnagar (M Corp.),Urban,Literate,280512,147681,132831,102356,80883,21473,9367,5764,3603,2983,2072,911,168789,61034,107755,10449,4931,5518
B0103,27,802828,Ahmadnagar (M Corp.),Urban,Literate but below matric/secondary,117277,56853,60424,30095,22591,7504,3814,2208,1606,1251,878,373,83368,32054,51314,2292,1047,1245
B0103,27,802828,Ahmadnagar (M Corp.),Urban,Matric/secondary but below graduate,92994,50014,42980,34349,29083,5266,2997,1999,998,977,721,256,55648,18932,36716,4251,2154,2097
B0103,27,802828,Ahmadnagar (M Corp.),Urban,Technical diploma or certificate not equal to degree,6610,5140,1470,4109,3676,433,211,164,47,85,67,18,2290,1300,990,355,216,139
B0103,27,802828,Ahmadnagar (M Corp.),Urban,Graduate and above other than technical degree,39709,22866,16843,22069,17180,4889,1175,714,461,352,210,142,16465,4972,11493,2274,948,1326
B0103,27,802828,Ahmadnagar (M Corp.),Urban,Technical degree or diploma equal to degree or post-graduate degree,11952,6966,4986,6864,4665,2199,381,218,163,118,68,50,4707,2083,2624,948,435,513
B0103,27,802835,Bid (M Cl),Urban,Total,146709,75566,71143,41658,33155,8503,5728,3854,1874,2196,1591,605,99323,38557,60766,6627,3510,3117
B0103,27,802835,Bid (M Cl),Urban,Illiterate,33460,14703,18757,4183,2419,1764,844,351,493,329,164,165,28433,11933,16500,344,114,230
B0103,27,802835,Bid (M Cl),Urban,Literate,113249,60863,52386,37475,30736,6739,4884,3503,1381,1867,1427,440,70890,26624,44266,6283,3396,2887
B0103,27,802835,Bid (M Cl),Urban,Literate but below matric/secondary,52833,26773,26060,12765,10535,2230,1885,1318,567,745,584,161,38183,14920,23263,1479,792,687
B0103,27,802835,Bid (M Cl),Urban,Matric/secondary but below graduate,32555,17581,14974,10566,9106,1460,1448,1065,383,572,444,128,20541,7410,13131,2453,1326,1127
B0103,27,802835,Bid (M Cl),Urban,Technical diploma or certificate not equal to degree,1454,1101,353,768,678,90,73,62,11,25,22,3,613,361,252,158,106,52
B0103,27,802835,Bid (M Cl),Urban,Graduate and above other than technical degree,13555,8944,4611,7711,6426,1285,771,597,174,270,209,61,5073,1921,3152,1142,633,509
B0103,27,802835,Bid (M Cl),Urban,Technical degree or diploma equal to degree or post-graduate degree,5475,3308,2167,3029,2062,967,250,160,90,96,61,35,2196,1086,1110,694,388,306
B0103,27,802840,Latur (M Cl),Urban,Total,382940,197737,185203,104528,86330,18198,11516,7933,3583,2973,2164,809,266896,103474,163422,9181,4832,4349
B0103,27,802840,Latur (M Cl),Urban,Illiterate,100703,44530,56173,15674,10529,5145,2441,1294,1147,713,400,313,82588,32707,49881,948,335,613
B0103,27,802840,Latur (M Cl),Urban,Literate,282237,153207,129030,88854,75801,13053,9075,6639,2436,2260,1764,496,184308,70767,113541,8233,4497,3736
B0103,27,802840,Latur (M Cl),Urban,Literate but below matric/secondary,136707,69426,67281,30446,25931,4515,3860,2713,1147,1062,812,250,102401,40782,61619,2399,1217,1182
B0103,27,802840,Latur (M Cl),Urban,Matric/secondary but below graduate,82652,44679,37973,26751,23807,2944,2639,2027,612,665,556,109,53262,18845,34417,2905,1650,1255
B0103,27,802840,Latur (M Cl),Urban,Technical diploma or certificate not equal to degree,3982,2996,986,2112,1894,218,120,98,22,23,16,7,1750,1004,746,190,122,68
B0103,27,802840,Latur (M Cl),Urban,Graduate and above other than technical degree,29077,18952,10125,15995,13611,2384,1032,778,254,194,146,48,12050,4563,7487,1387,793,594
B0103,27,802840,Latur (M Cl),Urban,Technical degree or diploma equal to degree or post-graduate degree,13278,8717,4561,7334,5438,1896,434,295,139,92,60,32,5510,2984,2526,871,497,374
B0103,27,802844,Udgir (M Cl),Urban,Total,103550,54013,49537,26151,21972,4179,3732,2648,1084,1365,985,380,73667,29393,44274,3248,1781,1467
B0103,27,802844,Udgir (M Cl),Urban,Illiterate,27799,11948,15851,4337,2857,1480,687,340,347,292,152,140,22775,8751,14024,308,84,224
B0103,27,802844,Udgir (M Cl),Urban,Literate,75751,42065,33686,21814,19115,2699,3045,2308,737,1073,833,240,50892,20642,30250,2940,1697,1243
B0103,27,802844,Udgir (M Cl),Urban,Literate but below matric/secondary,39180,20498,18682,8440,7359,1081,1252,927,325,556,432,124,29488,12212,17276,887,447,440
B0103,27,802844,Udgir (M Cl),Urban,Matric/secondary but below graduate,21307,11757,9550,6630,6019,611,865,661,204,295,231,64,13812,5077,8735,980,580,400
B0103,27,802844,Udgir (M Cl),Urban,Technical diploma or certificate not equal to degree,706,577,129,324,299,25,38,29,9,7,6,1,344,249,95,70,59,11
B0103,27,802844,Udgir (M Cl),Urban,Graduate and above other than technical degree,6437,4516,1921,3243,2865,378,341,281,60,71,60,11,2853,1370,1483,473,315,158
B0103,27,802844,Udgir (M Cl),Urban,Technical degree or diploma equal to degree or post-graduate degree,3487,2384,1103,1703,1332,371,197,137,60,48,33,15,1587,915,672,361,205,156
B0103,27,802848,Osmanabad (M Cl),Urban,Total,111825,57824,54001,30914,24475,6439,3588,2517,1071,1618,1175,443,77323,30832,46491,5266,2627,2639
B0103,27,802848,Osmanabad (M Cl),Urban,Illiterate,24826,10866,13960,3411,1940,1471,574,273,301,277,142,135,20841,8653,12188,308,86,222
B0103,27,802848,Osmanabad (M Cl),Urban,Literate,86999,46958,40041,27503,22535,4968,3014,2244,770,1341,1033,308,56482,22179,34303,4958,2541,2417
B0103,27,802848,Osmanabad (M Cl),Urban,Literate but below matric/secondary,40832,20456,20376,9237,7472,1765,1220,884,336,553,426,127,30375,12100,18275,1088,497,591
B0103,27,802848,Osmanabad (M Cl),Urban,Matric/secondary but below graduate,25985,13983,12002,7898,6818,1080,926,732,194,440,354,86,17161,6433,10728,1941,1017,924
B0103,27,802848,Osmanabad (M Cl),Urban,Technical diploma or certificate not equal to degree,1421,1091,330,760,654,106,36,33,3,15,14,1,625,404,221,180,126,54
B0103,27,802848,Osmanabad (M Cl),Urban,Graduate and above other than technical degree,10073,6710,3363,5634,4672,962,445,348,97,174,146,28,3994,1690,2304,943,486,457
B0103,27,802848,Osmanabad (M Cl),Urban,Technical degree or diploma equal to degree or post-graduate degree,4230,2749,1481,2348,1749,599,141,87,54,60,30,30,1741,913,828,572,312,260
B0103,27,802855,Barshi (M Cl),Urban,Total,118722,60801,57921,35888,28576,7312,2997,1693,1304,1138,683,455,79837,30532,49305,3461,1742,1719
B0103,27,802855,Barshi (M Cl),Urban,Illiterate,28400,11740,16660,4840,2535,2305,724,239,485,255,98,157,22836,8966,13870,323,95,228
B0103,27,802855,Barshi (M Cl),Urban,Literate,90322,49061,41261,31048,26041,5007,2273,1454,819,883,585,298,57001,21566,35435,3138,1647,1491
B0103,27,802855,Barshi (M Cl),Urban,Literate but below matric/secondary,47502,23959,23543,13096,10713,2383,1203,720,483,476,309,167,33203,12526,20677,937,439,498
B0103,27,802855,Barshi (M Cl),Urban,Matric/secondary but below graduate,25979,14417,11562,8932,7983,949,636,448,188,233,164,69,16411,5986,10425,1063,601,462
B0103,27,802855,Barshi (M Cl),Urban,Technical diploma or certificate not equal to degree,1392,1099,293,708,636,72,26,21,5,14,12,2,658,442,216,113,82,31
B0103,27,802855,Barshi (M Cl),Urban,Graduate and above other than technical degree,9179,5912,3267,5251,4441,810,196,134,62,74,47,27,3732,1337,2395,582,299,283
B0103,27,802855,Barshi (M Cl),Urban,Technical degree or diploma equal to degree or post-graduate degree,4172,2652,1520,2311,1693,618,87,57,30,44,27,17,1774,902,872,384,189,195
B0103,27,802856,Solapur (M Corp.),Urban,Total,951558,481064,470494,328455,234600,93855,26480,15561,10919,7645,5324,2321,596623,230903,365720,30954,16073,14881
B0103,27,802856,Solapur (M Corp.),Urban,Illiterate,254231,101000,153231,64036,28564,35472,6387,2563,3824,1461,778,683,183808,69873,113935,2829,937,1892
B0103,27,802856,Solapur (M Corp.),Urban,Literate,697327,380064,317263,264419,206036,58383,20093,12998,7095,6184,4546,1638,412815,161030,251785,28125,15136,12989
B0103,27,802856,Solapur (M Corp.),Urban,Literate but below matric/secondary,376338,193067,183271,124221,91724,32497,10489,6624,3865,3061,2300,761,241628,94719,146909,8714,4293,4421
B0103,27,802856,Solapur (M Corp.),Urban,Matric/secondary but below graduate,202844,115945,86899,76450,65141,11309,5718,3922,1796,1910,1411,499,120676,46882,73794,11579,6819,4760
B0103,27,802856,Solapur (M Corp.),Urban,Technical diploma or certificate not equal to degree,9228,6959,2269,4932,4303,629,217,154,63,71,57,14,4079,2502,1577,791,545,246
B0103,27,802856,Solapur (M Corp.),Urban,Graduate and above other than technical degree,67658,41874,25784,38181,30857,7324,1959,1292,667,650,455,195,27518,9725,17793,4505,2254,2251
B0103,27,802856,Solapur (M Corp.),Urban,Technical degree or diploma equal to degree or post-graduate degree,20980,12285,8695,11814,8005,3809,555,314,241,233,131,102,8611,3966,4645,1872,895,977
B0103,27,802869,Satara (MCl),Urban,Total,120195,61129,59066,36746,28815,7931,3640,2117,1523,1567,1006,561,79809,30197,49612,4581,1946,2635
B0103,27,802869,Satara (MCl),Urban,Illiterate,19987,8693,11294,2612,1394,1218,684,293,391,341,158,183,16691,7006,9685,219,47,172
B0103,27,802869,Satara (MCl),Urban,Literate,100208,52436,47772,34134,27421,6713,2956,1824,1132,1226,848,378,63118,23191,39927,4362,1899,2463
B0103,27,802869,Satara (MCl),Urban,Literate but below matric/secondary,40774,20035,20739,8968,7205,1763,1361,843,518,588,423,165,30445,11987,18458,922,348,574
B0103,27,802869,Satara (MCl),Urban,Matric/secondary but below graduate,33016,17422,15594,10954,9449,1505,934,601,333,359,259,100,21128,7372,13756,1812,880,932
B0103,27,802869,Satara (MCl),Urban,Technical diploma or certificate not equal to degree,2296,1801,495,1254,1113,141,41,35,6,24,18,6,1001,653,348,157,103,54
B0103,27,802869,Satara (MCl),Urban,Graduate and above other than technical degree,17539,9292,8247,9398,7090,2308,413,208,205,171,101,70,7728,1994,5734,1067,369,698
B0103,27,802869,Satara (MCl),Urban,Technical degree or diploma equal to degree or post-graduate degree,4753,2977,1776,2911,2070,841,92,54,38,47,23,24,1750,853,897,346,175,171
B0103,27,802884,Ichalkaranji (MCl),Urban,Total,287353,149164,138189,99152,82809,16343,4071,2382,1689,526,363,163,184130,63973,120157,4482,2098,2384
B0103,27,802884,Ichalkaranji (MCl),Urban,Illiterate,69283,30165,39118,12592,8147,4445,816,308,508,83,42,41,55875,21710,34165,442,150,292
B0103,27,802884,Ichalkaranji (MCl),Urban,Literate,218070,118999,99071,86560,74662,11898,3255,2074,1181,443,321,122,128255,42263,85992,4040,1948,2092
B0103,27,802884,Ichalkaranji (MCl),Urban,Literate but below matric/secondary,113879,59145,54734,36846,31137,5709,1576,944,632,201,150,51,75457,27064,48393,1306,553,753
B0103,27,802884,Ichalkaranji (MCl),Urban,Matric/secondary but below graduate,67505,38626,28879,29769,26973,2796,1002,693,309,146,109,37,36734,10960,25774,1539,832,707
B0103,27,802884,Ichalkaranji (MCl),Urban,Technical diploma or certificate not equal to degree,2380,1805,575,1356,1189,167,33,28,5,10,10,0,991,588,403,124,86,38
B0103,27,802884,Ichalkaranji (MCl),Urban,Graduate and above other than technical degree,18639,11150,7489,10893,9323,1570,252,154,98,39,22,17,7494,1673,5821,641,275,366
B0103,27,802884,Ichalkaranji (MCl),Urban,Technical degree or diploma equal to degree or post-graduate degree,4005,2557,1448,2541,1826,715,72,44,28,18,9,9,1392,687,705,231,116,115
B0103,27,802887,Kolhapur (M Corp.),Urban,Total,549236,280366,268870,178211,142598,35613,13345,8058,5287,3065,2053,1012,357680,129710,227970,15739,7310,8429
B0103,27,802887,Kolhapur (M Corp.),Urban,Illiterate,98971,43605,55366,15827,9032,6795,1826,760,1066,406,197,209,81318,33813,47505,690,249,441
B0103,27,802887,Kolhapur (M Corp.),Urban,Literate,450265,236761,213504,162384,133566,28818,11519,7298,4221,2659,1856,803,276362,95897,180465,15049,7061,7988
B0103,27,802887,Kolhapur (M Corp.),Urban,Literate but below matric/secondary,171998,83558,88440,41844,33353,8491,4156,2461,1695,1058,740,318,125998,47744,78254,2680,1256,1424
B0103,27,802887,Kolhapur (M Corp.),Urban,Matric/secondary but below graduate,152144,81917,70227,55368,48667,6701,3819,2627,1192,858,662,196,92957,30623,62334,5593,2914,2679
B0103,27,802887,Kolhapur (M Corp.),Urban,Technical diploma or certificate not equal to degree,9702,7561,2141,5869,5192,677,226,171,55,45,34,11,3607,2198,1409,423,266,157
B0103,27,802887,Kolhapur (M Corp.),Urban,Graduate and above other than technical degree,74448,40991,33457,38985,30975,8010,1871,1140,731,407,242,165,33592,8876,24716,4449,1702,2747
B0103,27,802887,Kolhapur (M Corp.),Urban,Technical degree or diploma equal to degree or post-graduate degree,17995,11608,6387,11104,8155,2949,407,248,159,102,55,47,6484,3205,3279,1191,633,558
B0103,27,802895,Sangli-Miraj Kupwad (M Corp.),Urban,Total,502793,253640,249153,158958,124356,34602,14267,8218,6049,4463,2972,1491,329568,121066,208502,15651,7123,8528
B0103,27,802895,Sangli-Miraj Kupwad (M Corp.),Urban,Illiterate,117065,50788,66277,21339,12945,8394,3378,1538,1840,887,490,397,92348,36305,56043,1397,469,928
B0103,27,802895,Sangli-Miraj Kupwad (M Corp.),Urban,Literate,385728,202852,182876,137619,111411,26208,10889,6680,4209,3576,2482,1094,237220,84761,152459,14254,6654,7600
B0103,27,802895,Sangli-Miraj Kupwad (M Corp.),Urban,Literate but below matric/secondary,188977,94520,94457,53242,43035,10207,5770,3550,2220,1915,1369,546,129965,47935,82030,4312,1825,2487
B0103,27,802895,Sangli-Miraj Kupwad (M Corp.),Urban,Matric/secondary but below graduate,117942,63977,53965,42973,37012,5961,3075,2017,1058,969,703,266,71894,24948,46946,5473,2835,2638
B0103,27,802895,Sangli-Miraj Kupwad (M Corp.),Urban,Technical diploma or certificate not equal to degree,7514,5568,1946,4364,3665,699,159,101,58,62,35,27,2991,1802,1189,447,280,167
B0103,27,802895,Sangli-Miraj Kupwad (M Corp.),Urban,Graduate and above other than technical degree,47037,25697,21340,24916,19218,5698,1054,570,484,363,226,137,21067,5909,15158,2679,1061,1618
B0103,27,802895,Sangli-Miraj Kupwad (M Corp.),Urban,Technical degree or diploma equal to degree or post-graduate degree,13715,8415,5300,8275,5728,2547,288,176,112,111,64,47,5152,2511,2641,1043,525,518
B0103,28,802896,Adilabad (M),Urban,Total,117167,59448,57719,35049,27981,7068,6115,3341,2774,3096,1778,1318,76003,28126,47877,6518,2646,3872
B0103,28,802896,Adilabad (M),Urban,Illiterate,35140,14189,20951,7378,4359,3019,2256,843,1413,1152,456,696,25506,8987,16519,1013,171,842
B0103,28,802896,Adilabad (M),Urban,Literate,82027,45259,36768,27671,23622,4049,3859,2498,1361,1944,1322,622,50497,19139,31358,5505,2475,3030
B0103,28,802896,Adilabad (M),Urban,Literate but below matric/secondary,34505,17579,16926,7814,6480,1334,1522,902,620,773,479,294,25169,10197,14972,1261,463,798
B0103,28,802896,Adilabad (M),Urban,Matric/secondary but below graduate,27552,15662,11890,10775,9579,1196,1276,897,379,691,502,189,15501,5186,10315,2348,1059,1289
B0103,28,802896,Adilabad (M),Urban,Technical diploma or certificate not equal to degree,397,271,126,198,159,39,12,10,2,4,2,2,187,102,85,45,27,18
B0103,28,802896,Adilabad (M),Urban,Graduate and above other than technical degree,8386,5327,3059,4455,3763,692,310,209,101,153,110,43,3621,1355,2266,990,498,492
B0103,28,802896,Adilabad (M),Urban,Technical degree or diploma equal to degree or post-graduate degree,2179,1470,709,1115,872,243,80,60,20,40,31,9,984,538,446,345,198,147
B0103,28,802904,Nizamabad (M Corp.),Urban,Total,311152,154929,156223,94480,69375,25105,18672,10617,8055,6864,4554,2310,198000,74937,123063,16604,7472,9132
B0103,28,802904,Nizamabad (M Corp.),Urban,Illiterate,95846,39077,56769,22565,12129,10436,6385,2819,3566,2405,1349,1056,66896,24129,42767,2546,643,1903
B0103,28,802904,Nizamabad (M Corp.),Urban,Literate,215306,115852,99454,71915,57246,14669,12287,7798,4489,4459,3205,1254,131104,50808,80296,14058,6829,7229
B0103,28,802904,Nizamabad (M Corp.),Urban,Literate but below matric/secondary,94492,46920,47572,22405,16571,5834,5046,2994,2052,1762,1244,518,67041,27355,39686,3270,1304,1966
B0103,28,802904,Nizamabad (M Corp.),Urban,Matric/secondary but below graduate,70969,38181,32788,25244,20998,4246,3982,2625,1357,1471,1089,382,41743,14558,27185,5910,2801,3109
B0103,28,802904,Nizamabad (M Corp.),Urban,Technical diploma or certificate not equal to degree,2127,1663,464,1095,974,121,114,93,21,41,34,7,918,596,322,212,161,51
B0103,28,802904,Nizamabad (M Corp.),Urban,Graduate and above other than technical degree,26727,16932,9795,14262,11838,2424,1259,877,382,453,335,118,11206,4217,6989,2615,1373,1242
B0103,28,802904,Nizamabad (M Corp.),Urban,Technical degree or diploma equal to degree or post-graduate degree,7847,5130,2717,3693,2795,898,350,241,109,159,102,57,3804,2094,1710,1190,800,390
B0103,28,802907,Ramagundam (M+OG),Urban,Total,242979,123430,119549,65151,55517,9634,13748,7781,5967,7025,4406,2619,164080,60132,103948,17427,8887,8540
B0103,28,802907,Ramagundam (M+OG),Urban,Illiterate,76878,31142,45736,18002,13320,4682,5144,2015,3129,2090,919,1171,53732,15807,37925,2229,515,1714
B0103,28,802907,Ramagundam (M+OG),Urban,Literate,166101,92288,73813,47149,42197,4952,8604,5766,2838,4935,3487,1448,110348,44325,66023,15198,8372,6826
B0103,28,802907,Ramagundam (M+OG),Urban,Literate but below matric/secondary,66148,32802,33346,13603,12011,1592,3058,1824,1234,1593,1050,543,49487,18967,30520,2290,818,1472
B0103,28,802907,Ramagundam (M+OG),Urban,Matric/secondary but below graduate,61277,34229,27048,18291,17001,1290,3272,2330,942,1944,1421,523,39714,14898,24816,6092,3285,2807
B0103,28,802907,Ramagundam (M+OG),Urban,Technical diploma or certificate not equal to degree,5043,4544,499,3240,3090,150,293,268,25,179,168,11,1510,1186,324,575,492,83
B0103,28,802907,Ramagundam (M+OG),Urban,Graduate and above other than technical degree,19549,12011,7538,7311,6213,1098,969,679,290,685,478,207,11269,5119,6150,3607,2125,1482
B0103,28,802907,Ramagundam (M+OG),Urban,Technical degree or diploma equal to degree or post-graduate degree,7660,5255,2405,2491,1980,511,354,251,103,257,187,70,4815,3024,1791,2035,1392,643
B0103,28,802908,Jagtial (M+OG),Urban,Total,103930,51828,52102,40259,25820,14439,4425,1971,2454,1821,997,824,59246,24037,35209,4584,2088,2496
B0103,28,802908,Jagtial (M+OG),Urban,Illiterate,31776,12127,19649,11349,4555,6794,1562,426,1136,632,225,407,18865,7146,11719,399,91,308
B0103,28,802908,Jagtial (M+OG),Urban,Literate,72154,39701,32453,28910,21265,7645,2863,1545,1318,1189,772,417,40381,16891,23490,4185,1997,2188
B0103,28,802908,Jagtial (M+OG),Urban,Literate but below matric/secondary,31983,15717,16266,9728,5990,3738,1271,600,671,501,309,192,20984,9127,11857,767,319,448
B0103,28,802908,Jagtial (M+OG),Urban,Matric/secondary but below graduate,25986,14707,11279,11506,9035,2471,1050,592,458,460,306,154,13430,5080,8350,1859,843,1016
B0103,28,802908,Jagtial (M+OG),Urban,Technical diploma or certificate not equal to degree,657,551,106,388,355,33,24,23,1,15,15,0,245,173,72,67,43,24
B0103,28,802908,Jagtial (M+OG),Urban,Graduate and above other than technical degree,9012,5943,3069,5104,4271,833,269,181,88,126,86,40,3639,1491,2148,970,477,493
B0103,28,802908,Jagtial (M+OG),Urban,Technical degree or diploma equal to degree or post-graduate degree,2693,1843,850,1280,1021,259,66,46,20,38,26,12,1347,776,571,442,276,166
B0103,28,802911,Karimnagar (M Corp.+OG),Urban,Total,289821,146145,143676,89098,70444,18654,10017,5572,4445,4400,2880,1520,190706,70129,120577,14389,6570,7819
B0103,28,802911,Karimnagar (M Corp.+OG),Urban,Illiterate,69667,27717,41950,14654,7977,6677,2728,1119,1609,1141,549,592,52285,18621,33664,1120,255,865
B0103,28,802911,Karimnagar (M Corp.+OG),Urban,Literate,220154,118428,101726,74444,62467,11977,7289,4453,2836,3259,2331,928,138421,51508,86913,13269,6315,6954
B0103,28,802911,Karimnagar (M Corp.+OG),Urban,Literate but below matric/secondary,77278,36280,40998,14514,11361,3153,2279,1230,1049,914,618,296,60485,23689,36796,1994,750,1244
B0103,28,802911,Karimnagar (M Corp.+OG),Urban,Matric/secondary but below graduate,80900,43122,37778,27485,24350,3135,2811,1794,1017,1301,966,335,50604,16978,33626,5455,2481,2974
B0103,28,802911,Karimnagar (M Corp.+OG),Urban,Technical diploma or certificate not equal to degree,2470,2045,425,1606,1461,145,82,67,15,42,35,7,782,517,265,161,123,38
B0103,28,802911,Karimnagar (M Corp.+OG),Urban,Graduate and above other than technical degree,38892,24638,14254,21523,18071,3452,1204,796,408,586,419,167,16165,5771,10394,3435,1672,1763
B0103,28,802911,Karimnagar (M Corp.+OG),Urban,Technical degree or diploma equal to degree or post-graduate degree,13142,8554,4588,6449,4947,1502,393,260,133,204,145,59,6300,3347,2953,1927,1152,775
B0103,28,802918,GHMC (M Corp.+OG),Urban,Total,6993262,3576640,3416622,2068693,1615594,453099,506375,288638,217737,165524,98751,66773,4418194,1672408,2745786,390183,161722,228461
B0103,28,802918,GHMC (M Corp.+OG),Urban,Illiterate,1883969,839970,1043999,368412,239941,128471,115149,53725,61424,35963,18133,17830,1400408,546304,854104,56149,14971,41178
B0103,28,802918,GHMC (M Corp.+OG),Urban,Literate,5109293,2736670,2372623,1700281,1375653,324628,391226,234913,156313,129561,80618,48943,3017786,1126104,1891682,334034,146751,187283
B0103,28,802918,GHMC (M Corp.+OG),Urban,Literate but below matric/secondary,1717908,855324,862584,331576,265022,66554,111792,62984,48808,33508,20113,13395,1274540,527318,747222,69366,27429,41937
B0103,28,802918,GHMC (M Corp.+OG),Urban,Matric/secondary but below graduate,1608346,845625,762721,537651,457714,79937,121670,73864,47806,43527,27451,16076,949025,314047,634978,136157,59664,76493
B0103,28,802918,GHMC (M Corp.+OG),Urban,Technical diploma or certificate not equal to degree,64150,53521,10629,39089,35938,3151,4746,3914,832,1536,1274,262,20315,13669,6646,3624,2655,969
B0103,28,802918,GHMC (M Corp.+OG),Urban,Graduate and above other than technical degree,833427,474580,358847,421922,331617,90305,64285,38167,26118,20920,12407,8513,347220,104796,242424,55713,23191,32522
B0103,28,802918,GHMC (M Corp.+OG),Urban,Technical degree or diploma equal to degree or post-graduate degree,330722,210822,119900,179117,135638,43479,26603,16564,10039,10059,6289,3770,125002,58620,66382,30397,17478,12919
B0103,28,802919,Secunderabad (CB),Urban,Total,217910,113577,104333,72620,56788,15832,19933,10859,9074,8616,4739,3877,125357,45930,79427,13115,4924,8191
B0103,28,802919,Secunderabad (CB),Urban,Illiterate,51755,22629,29126,10030,6120,3910,4465,2037,2428,1950,935,1015,37260,14472,22788,2031,512,1519
B0103,28,802919,Secunderabad (CB),Urban,Literate,166155,90948,75207,62590,50668,11922,15468,8822,6646,6666,3804,2862,88097,31458,56639,11084,4412,6672
B0103,28,802919,Secunderabad (CB),Urban,Literate but below matric/secondary,46972,23434,23538,9138,7073,2065,4317,2423,1894,1657,940,717,33517,13938,19579,2170,814,1356
B0103,28,802919,Secunderabad (CB),Urban,Matric/secondary but below graduate,57673,33024,24649,24284,21303,2981,4949,2893,2056,2201,1260,941,28440,8828,19612,4546,1862,2684
B0103,28,802919,Secunderabad (CB),Urban,Technical diploma or certificate not equal to degree,1873,1511,362,1056,950,106,167,133,34,79,68,11,650,428,222,116,77,39
B0103,28,802919,Secunderabad (CB),Urban,Graduate and above other than technical degree,32502,17579,14923,16633,12663,3970,2876,1509,1367,1297,642,655,12993,3407,9586,2147,694,1453
B0103,28,802919,Secunderabad (CB),Urban,Technical degree or diploma equal to degree or post-graduate degree,9990,6257,3733,5437,4036,1401,950,558,392,401,238,163,3603,1663,1940,805,418,387
B0103,28,802922,Mahbubnagar (M+OG),Urban,Total,190400,96142,94258,58463,43614,14849,8418,4338,4080,3032,1658,1374,123519,48190,75329,12035,5436,6599
B0103,28,802922,Mahbubnagar (M+OG),Urban,Illiterate,49761,19997,29764,10967,5403,5564,2016,672,1344,684,227,457,36778,13922,22856,1124,266,858
B0103,28,802922,Mahbubnagar (M+OG),Urban,Literate,140639,76145,64494,47496,38211,9285,6402,3666,2736,2348,1431,917,86741,34268,52473,10911,5170,5741
B0103,28,802922,Mahbubnagar (M+OG),Urban,Literate but below matric/secondary,47929,23198,24731,8387,6362,2025,1886,931,955,473,271,202,37656,15905,21751,1505,621,884
B0103,28,802922,Mahbubnagar (M+OG),Urban,Matric/secondary but below graduate,51924,27881,24043,18015,15449,2566,2439,1456,983,891,569,322,31470,10976,20494,5096,2323,2773
B0103,28,802922,Mahbubnagar (M+OG),Urban,Technical diploma or certificate not equal to degree,2302,1759,543,1190,1054,136,108,85,23,48,39,9,1004,620,384,284,177,107
B0103,28,802922,Mahbubnagar (M+OG),Urban,Graduate and above other than technical degree,21743,13561,8182,11891,9478,2413,962,617,345,456,284,172,8890,3466,5424,2126,1032,1094
B0103,28,802922,Mahbubnagar (M+OG),Urban,Technical degree or diploma equal to degree or post-graduate degree,8543,5411,3132,4322,3154,1168,428,265,163,212,131,81,3793,1992,1801,1305,766,539
B0103,28,802927,Suryapet (M+OG),Urban,Total,106805,52773,54032,34775,25432,9343,4600,1959,2641,1855,771,1084,67430,25382,42048,6917,2111,4806
B0103,28,802927,Suryapet (M+OG),Urban,Illiterate,26788,10428,16360,6844,3324,3520,1245,306,939,503,120,383,18699,6798,11901,773,76,697
B0103,28,802927,Suryapet (M+OG),Urban,Literate,80017,42345,37672,27931,22108,5823,3355,1653,1702,1352,651,701,48731,18584,30147,6144,2035,4109
B0103,28,802927,Suryapet (M+OG),Urban,Literate but below matric/secondary,31709,15126,16583,7072,5089,1983,1332,574,758,435,194,241,23305,9463,13842,1338,286,1052
B0103,28,802927,Suryapet (M+OG),Urban,Matric/secondary but below graduate,28304,14740,13564,9690,8038,1652,1121,556,565,494,232,262,17493,6146,11347,2763,893,1870
B0103,28,802927,Suryapet (M+OG),Urban,Technical diploma or certificate not equal to degree,772,492,280,439,341,98,26,19,7,10,7,3,307,132,175,108,43,65
B0103,28,802927,Suryapet (M+OG),Urban,Graduate and above other than technical degree,10313,6961,3352,6596,5529,1067,353,214,139,154,95,59,3364,1218,2146,956,401,555
B0103,28,802927,Suryapet (M+OG),Urban,Technical degree or diploma equal to degree or post-graduate degree,3890,2524,1366,2109,1606,503,123,75,48,83,45,38,1658,843,815,547,307,240
B0103,28,802928,Nalgonda (M+OG),Urban,Total,154326,77320,77006,48853,36386,12467,6581,3184,3397,2361,1265,1096,98892,37750,61142,9094,3598,5496
B0103,28,802928,Nalgonda (M+OG),Urban,Illiterate,36915,14333,22582,8018,3658,4360,1948,515,1433,660,197,463,26949,10160,16789,551,97,454
B0103,28,802928,Nalgonda (M+OG),Urban,Literate,117411,62987,54424,40835,32728,8107,4633,2669,1964,1701,1068,633,71943,27590,44353,8543,3501,5042
B0103,28,802928,Nalgonda (M+OG),Urban,Literate but below matric/secondary,42254,19638,22616,8386,6046,2340,1666,823,843,570,321,249,32202,12769,19433,1134,327,807
B0103,28,802928,Nalgonda (M+OG),Urban,Matric/secondary but below graduate,38985,20743,18242,12909,11087,1822,1547,956,591,571,390,181,24529,8700,15829,3324,1302,2022
B0103,28,802928,Nalgonda (M+OG),Urban,Technical diploma or certificate not equal to degree,1474,1069,405,760,631,129,47,36,11,22,15,7,667,402,265,178,110,68
B0103,28,802928,Nalgonda (M+OG),Urban,Graduate and above other than technical degree,18966,12019,6947,10949,8892,2057,690,460,230,298,205,93,7327,2667,4660,1998,818,1180
B0103,28,802928,Nalgonda (M+OG),Urban,Technical degree or diploma equal to degree or post-graduate degree,7609,4897,2712,3876,2934,942,213,140,73,92,58,34,3520,1823,1697,1303,717,586
B0103,28,802929,Miryalaguda (M+OG),Urban,Total,104918,52565,52353,35316,27556,7760,4331,1402,2929,1302,532,770,65271,23607,41664,4466,1594,2872
B0103,28,802929,Miryalaguda (M+OG),Urban,Illiterate,28417,11027,17390,7089,3799,3290,1819,301,1518,484,101,383,19509,6927,12582,379,61,318
B0103,28,802929,Miryalaguda (M+OG),Urban,Literate,76501,41538,34963,28227,23757,4470,2512,1101,1411,818,431,387,45762,16680,29082,4087,1533,2554
B0103,28,802929,Miryalaguda (M+OG),Urban,Literate but below matric/secondary,33659,16573,17086,8850,7078,1772,1283,455,828,393,168,225,23526,9040,14486,782,163,619
B0103,28,802929,Miryalaguda (M+OG),Urban,Matric/secondary but below graduate,25645,14071,11574,9810,8789,1021,774,390,384,256,149,107,15061,4892,10169,1567,540,1027
B0103,28,802929,Miryalaguda (M+OG),Urban,Technical diploma or certificate not equal to degree,828,631,197,477,425,52,19,18,1,13,13,0,332,188,144,83,45,38
B0103,28,802929,Miryalaguda (M+OG),Urban,Graduate and above other than technical degree,9694,6323,3371,5839,4895,944,215,135,80,84,52,32,3640,1293,2347,914,407,507
B0103,28,802929,Miryalaguda (M+OG),Urban,Technical degree or diploma equal to degree or post-graduate degree,3683,2365,1318,1889,1459,430,62,39,23,36,26,10,1732,867,865,587,315,272
B0103,28,802930,Warangal (M Corp.+OG),Urban,Total,704570,353309,351261,221800,168828,52972,28026,13860,14166,11805,6356,5449,454744,170621,284123,39796,16741,23055
B0103,28,802930,Warangal (M Corp.+OG),Urban,Illiterate,180802,68044,112758,42272,21002,21270,9441,2751,6690,3554,1191,2363,129089,44291,84798,3774,650,3124
B0103,28,802930,Warangal (M Corp.+OG),Urban,Literate,523768,285265,238503,179528,147826,31702,18585,11109,7476,8251,5165,3086,325655,126330,199325,36022,16091,19931
B0103,28,802930,Warangal (M Corp.+OG),Urban,Literate but below matric/secondary,193091,93854,99237,42102,31905,10197,6802,3403,3399,2692,1479,1213,144187,58546,85641,5932,1902,4030
B0103,28,802930,Warangal (M Corp.+OG),Urban,Matric/secondary but below graduate,185151,101258,83893,64727,56678,8049,7012,4524,2488,3208,2113,1095,113412,40056,73356,13826,5758,8068
B0103,28,802930,Warangal (M Corp.+OG),Urban,Technical diploma or certificate not equal to degree,8526,6789,1737,4917,4450,467,303,254,49,176,147,29,3306,2085,1221,800,568,232
B0103,28,802930,Warangal (M Corp.+OG),Urban,Graduate and above other than technical degree,80374,50404,29970,43211,35840,7371,2147,1481,666,1091,716,375,35016,13083,21933,8469,4039,4430
B0103,28,802930,Warangal (M Corp.+OG),Urban,Technical degree or diploma equal to degree or post-graduate degree,29239,19103,10136,13613,10413,3200,781,513,268,481,317,164,14845,8177,6668,4948,3050,1898
B0103,28,802937,Khammam (M+OG),Urban,Total,196283,96898,99385,62474,47932,14542,8010,3936,4074,2981,1533,1448,125799,45030,80769,10204,3828,6376
B0103,28,802937,Khammam (M+OG),Urban,Illiterate,49451,19736,29715,11471,6252,5219,2416,746,1670,883,281,602,35564,12738,22826,1086,168,918
B0103,28,802937,Khammam (M+OG),Urban,Literate,146832,77162,69670,51003,41680,9323,5594,3190,2404,2098,1252,846,90235,32292,57943,9118,3660,5458
B0103,28,802937,Khammam (M+OG),Urban,Literate but below matric/secondary,61375,28774,32601,14647,11414,3233,2405,1235,1170,839,436,403,44323,16125,28198,1847,448,1399
B0103,28,802937,Khammam (M+OG),Urban,Matric/secondary but below graduate,49050,26074,22976,17287,15068,2219,1811,1077,734,672,438,234,29952,9929,20023,3273,1236,2037
B0103,28,802937,Khammam (M+OG),Urban,Technical diploma or certificate not equal to degree,1892,1399,493,1053,919,134,61,45,16,29,24,5,778,435,343,176,117,59
B0103,28,802937,Khammam (M+OG),Urban,Graduate and above other than technical degree,21219,13376,7843,12065,9819,2246,687,466,221,284,196,88,8467,3091,5376,2020,901,1119
B0103,28,802937,Khammam (M+OG),Urban,Technical degree or diploma equal to degree or post-graduate degree,8181,5029,3152,3846,2804,1042,286,163,123,165,97,68,4049,2062,1987,1526,858,668
B0103,28,802942,Srikakulam (M+OG),Urban,Total,137944,68457,69487,41584,33938,7646,4532,2687,1845,1831,1231,600,91828,31832,59996,8287,3586,4701
B0103,28,802942,Srikakulam (M+OG),Urban,Illiterate,31744,12289,19455,6008,3737,2271,1463,577,886,448,204,244,24273,7975,16298,599,120,479
B0103,28,802942,Srikakulam (M+OG),Urban,Literate,106200,56168,50032,35576,30201,5375,3069,2110,959,1383,1027,356,67555,23857,43698,7688,3466,4222
B0103,28,802942,Srikakulam (M+OG),Urban,Literate but below matric/secondary,43401,20163,23238,9446,7878,1568,1390,900,490,553,393,160,32565,11385,21180,1272,371,901
B0103,28,802942,Srikakulam (M+OG),Urban,Matric/secondary but below graduate,33714,17616,16098,10365,9218,1147,969,707,262,473,365,108,22380,7691,14689,2978,1327,1651
B0103,28,802942,Srikakulam (M+OG),Urban,Technical diploma or certificate not equal to degree,2122,1670,452,1159,1085,74,61,50,11,31,27,4,902,535,367,313,198,115
B0103,28,802942,Srikakulam (M+OG),Urban,Graduate and above other than technical degree,16578,10565,6013,9633,8007,1626,356,264,92,192,148,44,6589,2294,4295,1836,870,966
B0103,28,802942,Srikakulam (M+OG),Urban,Technical degree or diploma equal to degree or post-graduate degree,5167,3560,1607,2865,2261,604,78,50,28,46,29,17,2224,1249,975,954,569,385
B0103,28,802946,Vizianagaram (M+OG),Urban,Total,228720,112290,116430,73254,59137,14117,7331,4179,3152,3182,2019,1163,148135,48974,99161,14689,5238,9451
B0103,28,802946,Vizianagaram (M+OG),Urban,Illiterate,60647,24260,36387,14510,9165,5345,2268,979,1289,910,476,434,43869,14116,29753,2054,338,1716
B0103,28,802946,Vizianagaram (M+OG),Urban,Literate,168073,88030,80043,58744,49972,8772,5063,3200,1863,2272,1543,729,104266,34858,69408,12635,4900,7735
B0103,28,802946,Vizianagaram (M+OG),Urban,Literate but below matric/secondary,73837,34774,39063,19071,16037,3034,2302,1439,863,971,661,310,52464,17298,35166,3356,908,2448
B0103,28,802946,Vizianagaram (M+OG),Urban,Matric/secondary but below graduate,49740,26126,23614,16362,14611,1751,1430,923,507,682,471,211,31948,10592,21356,4485,1746,2739
B0103,28,802946,Vizianagaram (M+OG),Urban,Technical diploma or certificate not equal to degree,2817,2270,547,1553,1439,114,76,70,6,48,45,3,1188,761,427,326,241,85
B0103,28,802946,Vizianagaram (M+OG),Urban,Graduate and above other than technical degree,24358,15094,9264,13827,11528,2299,593,365,228,273,168,105,9938,3201,6737,2629,1113,1516
B0103,28,802946,Vizianagaram (M+OG),Urban,Technical degree or diploma equal to degree or post-graduate degree,6298,4079,2219,3358,2524,834,166,93,73,87,52,35,2774,1462,1312,1077,603,474
B0103,28,802947,GVMC,Urban,Total,1728128,873599,854529,521928,433109,88819,90293,56650,33643,34454,23182,11272,1115907,383840,732067,98502,41787,56715
B0103,28,802947,GVMC,Urban,Illiterate,448991,184921,264070,94737,64303,30434,23990,11999,11991,7898,4431,3467,330264,108619,221645,11812,2470,9342
B0103,28,802947,GVMC,Urban,Literate,1279137,688678,590459,427191,368806,58385,66303,44651,21652,26556,18751,7805,785643,275221,510422,86690,39317,47373
B0103,28,802947,GVMC,Urban,Literate but below matric/secondary,486949,232490,254459,101632,86000,15632,22409,14463,7946,8130,5730,2400,362908,132027,230881,18898,6543,12355
B0103,28,802947,GVMC,Urban,Matric/secondary but below graduate,415629,225606,190023,139770,126501,13269,21859,15437,6422,9564,6986,2578,254000,83668,170332,34841,15976,18865
B0103,28,802947,GVMC,Urban,Technical diploma or certificate not equal to degree,46158,40585,5573,27969,26740,1229,3320,3006,314,1582,1428,154,14869,10839,4030,4123,3396,727
B0103,28,802947,GVMC,Urban,Graduate and above other than technical degree,188006,107789,80217,96997,80112,16885,8829,5539,3290,3476,2153,1323,82180,22138,60042,15197,6321,8876
B0103,28,802947,GVMC,Urban,Technical degree or diploma equal to degree or post-graduate degree,62543,41035,21508,31722,25278,6444,3062,1963,1099,1446,928,518,27759,13794,13965,8454,4928,3526
B0103,28,802952,Rajahmundry (M Corp.+OG),Urban,Total,376333,185970,190363,120631,99670,20961,10973,6702,4271,4121,2722,1399,244729,79598,165131,17324,7125,10199
B0103,28,802952,Rajahmundry (M Corp.+OG),Urban,Illiterate,91925,39599,52326,22638,15424,7214,3106,1533,1573,998,544,454,66181,22642,43539,1853,354,1499
B0103,28,802952,Rajahmundry (M Corp.+OG),Urban,Literate,284408,146371,138037,97993,84246,13747,7867,5169,2698,3123,2178,945,178548,56956,121592,15471,6771,8700
B0103,28,802952,Rajahmundry (M Corp.+OG),Urban,Literate but below matric/secondary,128649,58969,69680,32880,27689,5191,3557,2199,1358,1349,925,424,92212,29081,63131,3997,1152,2845
B0103,28,802952,Rajahmundry (M Corp.+OG),Urban,Matric/secondary but below graduate,86969,44788,42181,29446,26577,2869,2433,1668,765,975,690,285,55090,16543,38547,5312,2281,3031
B0103,28,802952,Rajahmundry (M Corp.+OG),Urban,Technical diploma or certificate not equal to degree,6365,5397,968,3622,3411,211,215,191,24,107,102,5,2528,1795,733,659,550,109
B0103,28,802952,Rajahmundry (M Corp.+OG),Urban,Graduate and above other than technical degree,41297,24972,16325,22511,18999,3512,1010,699,311,414,279,135,17776,5274,12502,3206,1515,1691
B0103,28,802952,Rajahmundry (M Corp.+OG),Urban,Technical degree or diploma equal to degree or post-graduate degree,12307,7929,4378,6114,4702,1412,303,199,104,159,102,57,5890,3028,2862,1779,1079,700
B0103,28,802955,Kakinada (M Corp.+OG),Urban,Total,384182,188308,195874,114384,95529,18855,17458,11262,6196,5219,3637,1582,252340,81517,170823,20666,8564,12102
B0103,28,802955,Kakinada (M Corp.+OG),Urban,Illiterate,106839,46665,60174,27231,20122,7109,4959,2777,2182,1225,753,472,74649,23766,50883,2430,528,1902
B0103,28,802955,Kakinada (M Corp.+OG),Urban,Literate,277343,141643,135700,87153,75407,11746,12499,8485,4014,3994,2884,1110,177691,57751,119940,18236,8036,10200
B0103,28,802955,Kakinada (M Corp.+OG),Urban,Literate but below matric/secondary,123325,56710,66615,27457,24000,3457,4725,3230,1495,1415,1027,388,91143,29480,61663,4479,1450,3029
B0103,28,802955,Kakinada (M Corp.+OG),Urban,Matric/secondary but below graduate,79362,39943,39419,23604,21266,2338,3780,2567,1213,1241,933,308,51978,16110,35868,6845,3006,3839
B0103,28,802955,Kakinada (M Corp.+OG),Urban,Technical diploma or certificate not equal to degree,7238,5977,1261,4113,3827,286,388,338,50,154,138,16,2737,1812,925,716,553,163
B0103,28,802955,Kakinada (M Corp.+OG),Urban,Graduate and above other than technical degree,35628,21611,14017,18581,15689,2892,1644,1119,525,645,410,235,15403,4803,10600,3113,1370,1743
B0103,28,802955,Kakinada (M Corp.+OG),Urban,Technical degree or diploma equal to degree or post-graduate degree,12195,7828,4367,5790,4396,1394,576,389,187,290,194,96,5829,3043,2786,2100,1260,840
B0103,28,802961,Tadepalligudem (M+OG),Urban,Total,104032,51438,52594,33707,27631,6076,2943,1619,1324,822,454,368,67382,22188,45194,3979,1737,2242
B0103,28,802961,Tadepalligudem (M+OG),Urban,Illiterate,26045,11472,14573,7133,4771,2362,982,420,562,236,100,136,17930,6281,11649,362,71,291
B0103,28,802961,Tadepalligudem (M+OG),Urban,Literate,77987,39966,38021,26574,22860,3714,1961,1199,762,586,354,232,49452,15907,33545,3617,1666,1951
B0103,28,802961,Tadepalligudem (M+OG),Urban,Literate but below matric/secondary,39775,18057,21718,11055,9279,1776,1145,625,520,315,178,137,27575,8153,19422,968,262,706
B0103,28,802961,Tadepalligudem (M+OG),Urban,Matric/secondary but below graduate,23699,12650,11049,7927,7223,704,524,360,164,165,101,64,15248,5067,10181,1195,514,681
B0103,28,802961,Tadepalligudem (M+OG),Urban,Technical diploma or certificate not equal to degree,1798,1459,339,1010,950,60,49,46,3,19,19,0,739,463,276,118,106,12
B0103,28,802961,Tadepalligudem (M+OG),Urban,Graduate and above other than technical degree,8662,5452,3210,4818,4071,747,170,123,47,60,42,18,3674,1258,2416,757,425,332
B0103,28,802961,Tadepalligudem (M+OG),Urban,Technical degree or diploma equal to degree or post-graduate degree,2865,1806,1059,1334,987,347,39,27,12,20,11,9,1492,792,700,522,333,189
B0103,28,802962,Eluru (M Corp.+OG),Urban,Total,218020,107511,110509,67094,53208,13886,9307,5358,3949,2905,1765,1140,141619,48945,92674,8517,3327,5190
B0103,28,802962,Eluru (M Corp.+OG),Urban,Illiterate,52485,21974,30511,12775,8026,4749,3205,1400,1805,932,454,478,36505,12548,23957,784,108,676
B0103,28,802962,Eluru (M Corp.+OG),Urban,Literate,165535,85537,79998,54319,45182,9137,6102,3958,2144,1973,1311,662,105114,36397,68717,7733,3219,4514
B0103,28,802962,Eluru (M Corp.+OG),Urban,Literate but below matric/secondary,79740,37773,41967,20874,16834,4040,3375,2023,1352,1029,657,372,55491,18916,36575,1916,532,1384
B0103,28,802962,Eluru (M Corp.+OG),Urban,Matric/secondary but below graduate,50555,26561,23994,15736,13937,1799,1588,1157,431,515,373,142,33231,11467,21764,2811,1113,1698
B0103,28,802962,Eluru (M Corp.+OG),Urban,Technical diploma or certificate not equal to degree,3088,2552,536,1749,1615,134,102,96,6,43,40,3,1237,841,396,286,216,70
B0103,28,802962,Eluru (M Corp.+OG),Urban,Graduate and above other than technical degree,18021,10916,7105,9915,8155,1760,474,329,145,179,101,78,7632,2432,5200,1458,693,765
B0103,28,802962,Eluru (M Corp.+OG),Urban,Technical degree or diploma equal to degree or post-graduate degree,5502,3336,2166,2629,1847,782,124,80,44,72,46,26,2749,1409,1340,869,513,356
B0103,28,802964,Bhimavaram (M+OG),Urban,Total,146961,72441,74520,47058,38202,8856,5914,3586,2328,2071,1483,588,93989,30653,63336,5047,2218,2829
B0103,28,802964,Bhimavaram (M+OG),Urban,Illiterate,35605,15425,20180,9494,6154,3340,2262,1090,1172,752,468,284,23849,8181,15668,436,84,352
B0103,28,802964,Bhimavaram (M+OG),Urban,Literate,111356,57016,54340,37564,32048,5516,3652,2496,1156,1319,1015,304,70140,22472,47668,4611,2134,2477
B0103,28,802964,Bhimavaram (M+OG),Urban,Literate but below matric/secondary,51407,23554,27853,13365,11065,2300,2119,1337,782,729,540,189,35923,11152,24771,1070,290,780
B0103,28,802964,Bhimavaram (M+OG),Urban,Matric/secondary but below graduate,32557,16519,16038,10062,9058,1004,883,657,226,325,263,62,21612,6804,14808,1364,561,803
B0103,28,802964,Bhimavaram (M+OG),Urban,Technical diploma or certificate not equal to degree,2485,2089,396,1457,1353,104,84,82,2,46,46,0,944,654,290,201,159,42
B0103,28,802964,Bhimavaram (M+OG),Urban,Graduate and above other than technical degree,13209,8269,4940,7315,6270,1045,243,192,51,102,81,21,5651,1807,3844,934,507,427
B0103,28,802964,Bhimavaram (M+OG),Urban,Technical degree or diploma equal to degree or post-graduate degree,5089,3272,1817,2466,1899,567,60,47,13,32,24,8,2563,1326,1237,799,496,303
B0103,28,802969,Vijayawada (M Corp.+OG),Urban,Total,1143232,574794,568438,371089,293841,77248,52064,29488,22576,12679,7348,5331,720079,251465,468614,52225,20283,31942
B0103,28,802969,Vijayawada (M Corp.+OG),Urban,Illiterate,304603,135418,169185,79760,52909,26851,13827,6337,7490,2890,1398,1492,211016,76172,134844,6398,1420,4978
B0103,28,802969,Vijayawada (M Corp.+OG),Urban,Literate,838629,439376,399253,291329,240932,50397,38237,23151,15086,9789,5950,3839,509063,175293,333770,45827,18863,26964
B0103,28,802969,Vijayawada (M Corp.+OG),Urban,Literate but below matric/secondary,333313,160066,173247,89173,72107,17066,13637,7630,6007,3039,1770,1269,230503,80329,150174,10123,3040,7083
B0103,28,802969,Vijayawada (M Corp.+OG),Urban,Matric/secondary but below graduate,251379,132098,119281,82362,71036,11326,10583,6572,4011,2851,1719,1132,158434,54490,103944,17612,7207,10405
B0103,28,802969,Vijayawada (M Corp.+OG),Urban,Technical diploma or certificate not equal to degree,16096,13057,3039,9486,8692,794,843,708,135,302,258,44,5767,3657,2110,1171,862,309
B0103,28,802969,Vijayawada (M Corp.+OG),Urban,Graduate and above other than technical degree,103365,61183,42182,55125,45578,9547,5170,3253,1917,1402,847,555,43070,12352,30718,6854,2988,3866
B0103,28,802969,Vijayawada (M Corp.+OG),Urban,Technical degree or diploma equal to degree or post-graduate degree,32060,19963,12097,14801,11072,3729,1720,1051,669,715,429,286,15539,7840,7699,4396,2630,1766
B0103,28,802970,Gudivada (M),Urban,Total,118167,59062,59105,37233,29020,8213,5513,3396,2117,1482,970,512,75421,26646,48775,3893,1750,2143
B0103,28,802970,Gudivada (M),Urban,Illiterate,30280,13140,17140,8134,5141,2993,1812,883,929,482,249,233,20334,7116,13218,409,110,299
B0103,28,802970,Gudivada (M),Urban,Literate,87887,45922,41965,29099,23879,5220,3701,2513,1188,1000,721,279,55087,19530,35557,3484,1640,1844
B0103,28,802970,Gudivada (M),Urban,Literate but below matric/secondary,43889,21573,22316,11321,9165,2156,2005,1299,706,542,374,168,30563,11109,19454,832,304,528
B0103,28,802970,Gudivada (M),Urban,Matric/secondary but below graduate,23967,12513,11454,7679,6727,952,884,646,238,213,165,48,15404,5140,10264,1111,495,616
B0103,28,802970,Gudivada (M),Urban,Technical diploma or certificate not equal to degree,1617,1325,292,989,891,98,57,56,1,18,18,0,571,378,193,143,102,41
B0103,28,802970,Gudivada (M),Urban,Graduate and above other than technical degree,8950,5207,3743,4885,3855,1030,304,220,84,83,54,29,3761,1132,2629,644,305,339
B0103,28,802970,Gudivada (M),Urban,Technical degree or diploma equal to degree or post-graduate degree,3573,2204,1369,1780,1281,499,126,75,51,44,27,17,1667,848,819,525,315,210
B0103,28,802972,Machilipatnam (M),Urban,Total,169892,83594,86298,54179,40932,13247,10635,6095,4540,3802,2419,1383,105078,36567,68511,8873,3869,5004
B0103,28,802972,Machilipatnam (M),Urban,Illiterate,41975,18459,23516,11151,6942,4209,3231,1497,1734,1085,601,484,27593,10020,17573,848,251,597
B0103,28,802972,Machilipatnam (M),Urban,Literate,127917,65135,62782,43028,33990,9038,7404,4598,2806,2717,1818,899,77485,26547,50938,8025,3618,4407
B0103,28,802972,Machilipatnam (M),Urban,Literate but below matric/secondary,60852,28094,32758,16353,12400,3953,3503,1925,1578,1182,733,449,40996,13769,27227,1922,605,1317
B0103,28,802972,Machilipatnam (M),Urban,Matric/secondary but below graduate,35574,18516,17058,11680,9900,1780,1796,1246,550,723,522,201,22098,7370,14728,2912,1305,1607
B0103,28,802972,Machilipatnam (M),Urban,Technical diploma or certificate not equal to degree,2267,1848,419,1219,1091,128,145,128,17,76,70,6,903,629,274,262,211,51
B0103,28,802972,Machilipatnam (M),Urban,Graduate and above other than technical degree,14761,8901,5860,7853,6231,1622,684,488,196,259,186,73,6224,2182,4042,1424,697,727
B0103,28,802972,Machilipatnam (M),Urban,Technical degree or diploma equal to degree or post-graduate degree,5111,3056,2055,2365,1612,753,210,134,76,111,68,43,2536,1310,1226,937,564,373
B0103,28,802976,Mangalagiri (M+OG),Urban,Total,107197,53301,53896,42895,30868,12027,3582,1580,2002,539,274,265,60720,20853,39867,3136,1345,1791
B0103,28,802976,Mangalagiri (M+OG),Urban,Illiterate,36230,15009,21221,13283,7272,6011,1575,511,1064,197,63,134,21372,7226,14146,434,89,345
B0103,28,802976,Mangalagiri (M+OG),Urban,Literate,70967,38292,32675,29612,23596,6016,2007,1069,938,342,211,131,39348,13627,25721,2702,1256,1446
B0103,28,802976,Mangalagiri (M+OG),Urban,Literate but below matric/secondary,40334,20843,19491,15652,11948,3704,1236,592,644,186,113,73,23446,8303,15143,741,209,532
B0103,28,802976,Mangalagiri (M+OG),Urban,Matric/secondary but below graduate,19267,10345,8922,7720,6616,1104,464,278,186,77,46,31,11083,3451,7632,946,418,528
B0103,28,802976,Mangalagiri (M+OG),Urban,Technical diploma or certificate not equal to degree,1198,953,245,715,633,82,27,23,4,11,8,3,456,297,159,116,92,24
B0103,28,802976,Mangalagiri (M+OG),Urban,Graduate and above other than technical degree,5962,3767,2195,3467,2876,591,122,77,45,41,27,14,2373,814,1559,443,245,198
B0103,28,802976,Mangalagiri (M+OG),Urban,Technical degree or diploma equal to degree or post-graduate degree,2129,1344,785,1003,744,259,40,27,13,22,15,7,1086,573,513,387,257,130
B0103,28,802979,Narasaraopet (M+OG),Urban,Total,117489,59424,58065,37970,30515,7455,2348,990,1358,722,383,339,77171,27919,49252,4540,1878,2662
B0103,28,802979,Narasaraopet (M+OG),Urban,Illiterate,32984,13203,19781,8996,5567,3429,1067,303,764,308,117,191,22921,7333,15588,585,115,470
B0103,28,802979,Narasaraopet (M+OG),Urban,Literate,84505,46221,38284,28974,24948,4026,1281,687,594,414,266,148,54250,20586,33664,3955,1763,2192
B0103,28,802979,Narasaraopet (M+OG),Urban,Literate but below matric/secondary,39263,19212,20051,10337,8721,1616,763,348,415,236,138,98,28163,10143,18020,902,238,664
B0103,28,802979,Narasaraopet (M+OG),Urban,Matric/secondary but below graduate,28548,16249,12299,9409,8618,791,362,233,129,118,86,32,18777,7398,11379,1380,601,779
B0103,28,802979,Narasaraopet (M+OG),Urban,Technical diploma or certificate not equal to degree,1285,988,297,681,613,68,13,13,0,6,6,0,591,362,229,122,90,32
B0103,28,802979,Narasaraopet (M+OG),Urban,Graduate and above other than technical degree,9875,6483,3392,5974,5032,942,95,70,25,33,25,8,3806,1381,2425,738,349,389
B0103,28,802979,Narasaraopet (M+OG),Urban,Technical degree or diploma equal to degree or post-graduate degree,3997,2501,1496,1932,1422,510,28,13,15,12,6,6,2037,1066,971,736,446,290
B0103,28,802980,Chilakaluripet (M),Urban,Total,101398,50207,51191,38950,27320,11630,3914,1617,2297,1119,528,591,58534,21270,37264,2869,1403,1466
B0103,28,802980,Chilakaluripet (M),Urban,Illiterate,36187,14357,21830,13628,6817,6811,1987,573,1414,525,182,343,20572,6967,13605,380,88,292
B0103,28,802980,Chilakaluripet (M),Urban,Literate,65211,35850,29361,25322,20503,4819,1927,1044,883,594,346,248,37962,14303,23659,2489,1315,1174
B0103,28,802980,Chilakaluripet (M),Urban,Literate but below matric/secondary,33376,17085,16291,11055,8424,2631,1105,524,581,320,153,167,21216,8137,13079,491,163,328
B0103,28,802980,Chilakaluripet (M),Urban,Matric/secondary but below graduate,19155,10526,8629,7418,6492,926,484,287,197,146,94,52,11253,3747,7506,808,400,408
B0103,28,802980,Chilakaluripet (M),Urban,Technical diploma or certificate not equal to degree,997,786,211,517,450,67,31,28,3,15,13,2,449,308,141,81,59,22
B0103,28,802980,Chilakaluripet (M),Urban,Graduate and above other than technical degree,6563,4365,2198,4022,3391,631,132,96,36,54,42,12,2409,878,1531,480,285,195
B0103,28,802980,Chilakaluripet (M),Urban,Technical degree or diploma equal to degree or post-graduate degree,2963,1937,1026,1358,1021,337,58,42,16,30,23,7,1547,874,673,527,357,170
B0103,28,802981,Guntur (M Corp.+OG),Urban,Total,670073,331435,338638,230864,178005,52859,20947,10573,10374,5612,3163,2449,418262,142857,275405,23196,9129,14067
B0103,28,802981,Guntur (M Corp.+OG),Urban,Illiterate,186812,77417,109395,55636,33294,22342,7374,2730,4644,1823,760,1063,123802,41393,82409,2608,408,2200
B0103,28,802981,Guntur (M Corp.+OG),Urban,Literate,483261,254018,229243,175228,144711,30517,13573,7843,5730,3789,2403,1386,294460,101464,192996,20588,8721,11867
B0103,28,802981,Guntur (M Corp.+OG),Urban,Literate but below matric/secondary,208516,101291,107225,58143,46720,11423,6047,3156,2891,1441,859,582,144326,51415,92911,4027,1091,2936
B0103,28,802981,Guntur (M Corp.+OG),Urban,Matric/secondary but below graduate,153596,79128,74468,51979,45809,6170,3820,2366,1454,1044,677,367,97797,30953,66844,7481,2922,4559
B0103,28,802981,Guntur (M Corp.+OG),Urban,Technical diploma or certificate not equal to degree,7898,5706,2192,4084,3537,547,222,173,49,87,71,16,3592,1996,1596,583,394,189
B0103,28,802981,Guntur (M Corp.+OG),Urban,Graduate and above other than technical degree,68491,42316,26175,39937,32807,7130,1604,1028,576,504,331,173,26950,8481,18469,4147,1875,2272
B0103,28,802981,Guntur (M Corp.+OG),Urban,Technical degree or diploma equal to degree or post-graduate degree,25941,15878,10063,12552,9177,3375,719,432,287,321,196,125,12670,6269,6401,3656,2169,1487
B0103,28,802982,Tenali (M),Urban,Total,164937,81427,83510,53833,43101,10732,6923,4013,2910,2241,1388,853,104181,34313,69868,8452,3236,5216
B0103,28,802982,Tenali (M),Urban,Illiterate,40319,16960,23359,10246,6710,3536,2183,1028,1155,684,359,325,27890,9222,18668,910,170,740
B0103,28,802982,Tenali (M),Urban,Literate,124618,64467,60151,43587,36391,7196,4740,2985,1755,1557,1029,528,76291,25091,51200,7542,3066,4476
B0103,28,802982,Tenali (M),Urban,Literate but below matric/secondary,57188,26845,30343,15581,12753,2828,2450,1461,989,702,464,238,39157,12631,26526,1974,491,1483
B0103,28,802982,Tenali (M),Urban,Matric/secondary but below graduate,38269,19744,18525,13056,11590,1466,1323,893,430,430,287,143,23890,7261,16629,2587,986,1601
B0103,28,802982,Tenali (M),Urban,Technical diploma or certificate not equal to degree,2689,2097,592,1454,1282,172,114,92,22,62,47,15,1121,723,398,278,221,57
B0103,28,802982,Tenali (M),Urban,Graduate and above other than technical degree,16054,9833,6221,8917,7336,1581,448,306,142,181,123,58,6689,2191,4498,1330,611,719
B0103,28,802982,Tenali (M),Urban,Technical degree or diploma equal to degree or post-graduate degree,6379,3947,2432,2977,2140,837,193,118,75,115,73,42,3209,1689,1520,1065,641,424
B0103,28,802988,Ongole (M+OG),Urban,Total,208344,104646,103698,68233,54655,13578,4534,2512,2022,1879,1160,719,135577,47479,88098,8677,3411,5266
B0103,28,802988,Ongole (M+OG),Urban,Illiterate,52458,21256,31202,13191,7986,5205,1449,515,934,559,236,323,37818,12755,25063,997,156,841
B0103,28,802988,Ongole (M+OG),Urban,Literate,155886,83390,72496,55042,46669,8373,3085,1997,1088,1320,924,396,97759,34724,63035,7680,3255,4425
B0103,28,802988,Ongole (M+OG),Urban,Literate but below matric/secondary,64347,30480,33867,15832,12967,2865,1299,757,542,499,321,178,47216,16756,30460,1495,350,1145
B0103,28,802988,Ongole (M+OG),Urban,Matric/secondary but below graduate,51320,27649,23671,17323,15607,1716,917,656,261,405,300,105,33080,11386,21694,2475,985,1490
B0103,28,802988,Ongole (M+OG),Urban,Technical diploma or certificate not equal to degree,2838,2150,688,1653,1524,129,64,56,8,39,34,5,1121,570,551,200,134,66
B0103,28,802988,Ongole (M+OG),Urban,Graduate and above other than technical degree,22643,14330,8313,13376,11242,2134,421,298,123,190,140,50,8846,2790,6056,1598,698,900
B0103,28,802988,Ongole (M+OG),Urban,Technical degree or diploma equal to degree or post-graduate degree,9848,6280,3568,4789,3610,1179,174,117,57,99,66,33,4885,2553,2332,1715,1022,693
B0103,28,802991,Nellore (M Corp.+OG),Urban,Total,547621,278787,268834,161270,133596,27674,16694,10546,6148,6579,4623,1956,369657,134645,235012,37253,19392,17861
B0103,28,802991,Nellore (M Corp.+OG),Urban,Illiterate,134890,57637,77253,31536,21762,9774,5159,2688,2471,1716,1060,656,98195,33187,65008,2149,474,1675
B0103,28,802991,Nellore (M Corp.+OG),Urban,Literate,412731,221150,191581,129734,111834,17900,11535,7858,3677,4863,3563,1300,271462,101458,170004,35104,18918,16186
B0103,28,802991,Nellore (M Corp.+OG),Urban,Literate but below matric/secondary,176951,86372,90579,44664,38503,6161,5515,3642,1873,2159,1624,535,126772,44227,82545,6762,2935,3827
B0103,28,802991,Nellore (M Corp.+OG),Urban,Matric/secondary but below graduate,142551,77275,65276,39329,35681,3648,3562,2665,897,1624,1272,352,99660,38929,60731,17777,9965,7812
B0103,28,802991,Nellore (M Corp.+OG),Urban,Technical diploma or certificate not equal to degree,6393,4983,1410,3819,3350,469,200,170,30,91,74,17,2374,1463,911,549,362,187
B0103,28,802991,Nellore (M Corp.+OG),Urban,Graduate and above other than technical degree,46441,28446,17995,26130,21920,4210,977,685,292,387,269,118,19334,5841,13493,3296,1549,1747
B0103,28,802991,Nellore (M Corp.+OG),Urban,Technical degree or diploma equal to degree or post-graduate degree,21346,13931,7415,11102,8485,2617,434,270,164,229,140,89,9810,5176,4634,3296,2034,1262
B0103,28,802995,Proddatur (M+OG),Urban,Total,163970,81874,82096,53743,43515,10228,4826,2334,2492,1231,680,551,105401,36025,69376,7505,3353,4152
B0103,28,802995,Proddatur (M+OG),Urban,Illiterate,49651,18911,30740,11928,7316,4612,1836,560,1276,429,170,259,35887,11035,24852,966,166,800
B0103,28,802995,Proddatur (M+OG),Urban,Literate,114319,62963,51356,41815,36199,5616,2990,1774,1216,802,510,292,69514,24990,44524,6539,3187,3352
B0103,28,802995,Proddatur (M+OG),Urban,Literate but below matric/secondary,54083,27188,26895,15349,13057,2292,1448,758,690,326,179,147,37286,13373,23913,1393,473,920
B0103,28,802995,Proddatur (M+OG),Urban,Matric/secondary but below graduate,34457,19164,15293,12758,11511,1247,876,547,329,234,152,82,20823,7106,13717,2367,1107,1260
B0103,28,802995,Proddatur (M+OG),Urban,Technical diploma or certificate not equal to degree,1965,1669,296,1174,1105,69,63,57,6,29,25,4,728,507,221,176,139,37
B0103,28,802995,Proddatur (M+OG),Urban,Graduate and above other than technical degree,12174,7793,4381,7023,5958,1065,275,201,74,95,75,20,4876,1634,3242,1172,587,585
B0103,28,802995,Proddatur (M+OG),Urban,Technical degree or diploma equal to degree or post-graduate degree,5977,4051,1926,2846,2269,577,151,101,50,82,59,23,2980,1681,1299,1168,766,402
B0103,28,802998,Kadapa (M Corp.+OG),Urban,Total,344893,173314,171579,102260,82079,20181,17669,9984,7685,6724,4107,2617,224964,81251,143713,16885,7620,9265
B0103,28,802998,Kadapa (M Corp.+OG),Urban,Illiterate,104610,42598,62012,22860,14562,8298,5610,2317,3293,2093,961,1132,76140,25719,50421,2208,503,1705
B0103,28,802998,Kadapa (M Corp.+OG),Urban,Literate,240283,130716,109567,79400,67517,11883,12059,7667,4392,4631,3146,1485,148824,55532,93292,14677,7117,7560
B0103,28,802998,Kadapa (M Corp.+OG),Urban,Literate but below matric/secondary,105893,51847,54046,24031,20245,3786,5288,3171,2117,1916,1278,638,76574,28431,48143,2906,1064,1842
B0103,28,802998,Kadapa (M Corp.+OG),Urban,Matric/secondary but below graduate,73221,40025,33196,24623,21850,2773,3513,2306,1207,1366,954,412,45085,15869,29216,5446,2451,2995
B0103,28,802998,Kadapa (M Corp.+OG),Urban,Technical diploma or certificate not equal to degree,3952,3104,848,2231,1993,238,204,165,39,111,89,22,1517,946,571,415,295,120
B0103,28,802998,Kadapa (M Corp.+OG),Urban,Graduate and above other than technical degree,29127,18902,10225,16280,13606,2674,1325,917,408,585,419,166,11522,4379,7143,2698,1431,1267
B0103,28,802998,Kadapa (M Corp.+OG),Urban,Technical degree or diploma equal to degree or post-graduate degree,12870,8435,4435,6243,4739,1504,547,346,201,290,191,99,6080,3350,2730,2227,1403,824
B0103,28,803002,Kurnool (M Corp.+OG),Urban,Total,457633,228148,229485,149797,109984,39813,22612,10903,11709,7277,3774,3503,285224,107261,177963,19303,8446,10857
B0103,28,803002,Kurnool (M Corp.+OG),Urban,Illiterate,147693,62077,85616,44731,25129,19602,7677,2614,5063,2201,848,1353,95285,34334,60951,2477,561,1916
B0103,28,803002,Kurnool (M Corp.+OG),Urban,Literate,309940,166071,143869,105066,84855,20211,14935,8289,6646,5076,2926,2150,189939,72927,117012,16826,7885,8941
B0103,28,803002,Kurnool (M Corp.+OG),Urban,Literate but below matric/secondary,128825,62867,65958,29662,22813,6849,5497,2863,2634,1519,874,645,93666,37191,56475,3114,1093,2021
B0103,28,803002,Kurnool (M Corp.+OG),Urban,Matric/secondary but below graduate,99676,53765,45911,34302,29720,4582,4614,2605,2009,1695,937,758,60760,21440,39320,6484,2889,3595
B0103,28,803002,Kurnool (M Corp.+OG),Urban,Technical diploma or certificate not equal to degree,4298,3111,1187,2289,1944,345,208,142,66,85,58,27,1801,1025,776,406,266,140
B0103,28,803002,Kurnool (M Corp.+OG),Urban,Graduate and above other than technical degree,42498,26554,15944,23405,18962,4443,1945,1243,702,682,415,267,17148,6349,10799,3598,1864,1734
B0103,28,803002,Kurnool (M Corp.+OG),Urban,Technical degree or diploma equal to degree or post-graduate degree,18091,11064,7027,8844,6355,2489,836,469,367,367,202,165,8411,4240,4171,2523,1488,1035
B0103,28,803003,Adoni (M+OG),Urban,Total,184625,91736,92889,61003,44181,16822,15469,7866,7603,5278,2991,2287,108153,39689,68464,7798,3043,4755
B0103,28,803003,Adoni (M+OG),Urban,Illiterate,77495,31945,45550,24317,13943,10374,7532,2888,4644,2323,1011,1312,45646,15114,30532,1858,344,1514
B0103,28,803003,Adoni (M+OG),Urban,Literate,107130,59791,47339,36686,30238,6448,7937,4978,2959,2955,1980,975,62507,24575,37932,5940,2699,3241
B0103,28,803003,Adoni (M+OG),Urban,Literate but below matric/secondary,54110,28068,26042,13839,10956,2883,3873,2245,1628,1338,842,496,36398,14867,21531,1658,617,1041
B0103,28,803003,Adoni (M+OG),Urban,Matric/secondary but below graduate,30469,17487,12982,11646,10068,1578,2172,1428,744,783,524,259,16651,5991,10660,2334,1045,1289
B0103,28,803003,Adoni (M+OG),Urban,Technical diploma or certificate not equal to degree,1472,1220,252,687,625,62,89,77,12,35,30,5,696,518,178,189,154,35
B0103,28,803003,Adoni (M+OG),Urban,Graduate and above other than technical degree,8947,5919,3028,5024,4230,794,489,347,142,207,138,69,3434,1342,2092,813,430,383
B0103,28,803003,Adoni (M+OG),Urban,Technical degree or diploma equal to degree or post-graduate degree,2955,1952,1003,1505,1116,389,155,96,59,73,41,32,1295,740,555,425,261,164
B0103,28,803004,Nandyal (M+OG),Urban,Total,211424,105826,105598,70377,52807,17570,9521,4286,5235,3167,1563,1604,131526,48733,82793,7357,3607,3750
B0103,28,803004,Nandyal (M+OG),Urban,Illiterate,67813,27492,40321,19584,11205,8379,3243,965,2278,899,295,604,44986,15322,29664,857,216,641
B0103,28,803004,Nandyal (M+OG),Urban,Literate,143611,78334,65277,50793,41602,9191,6278,3321,2957,2268,1268,1000,86540,33411,53129,6500,3391,3109
B0103,28,803004,Nandyal (M+OG),Urban,Literate but below matric/secondary,66248,33058,33190,17175,13522,3653,2646,1243,1403,796,434,362,46427,18293,28134,1395,540,855
B0103,28,803004,Nandyal (M+OG),Urban,Matric/secondary but below graduate,44234,24195,20039,16128,13891,2237,1772,947,825,661,347,314,26334,9357,16977,2410,1210,1200
B0103,28,803004,Nandyal (M+OG),Urban,Technical diploma or certificate not equal to degree,2577,2061,516,1547,1395,152,149,103,46,70,50,20,881,563,318,171,115,56
B0103,28,803004,Nandyal (M+OG),Urban,Graduate and above other than technical degree,15412,9967,5445,8889,7361,1528,637,382,255,323,190,133,5886,2224,3662,1184,694,490
B0103,28,803004,Nandyal (M+OG),Urban,Technical degree or diploma equal to degree or post-graduate degree,6999,4573,2426,3609,2721,888,316,187,129,192,111,81,3074,1665,1409,969,625,344
B0103,28,803007,Guntakal (M),Urban,Total,126270,62851,63419,39603,31032,8571,5320,2812,2508,1751,930,821,81347,29007,52340,5693,2775,2918
B0103,28,803007,Guntakal (M),Urban,Illiterate,41524,16116,25408,10297,6026,4271,2247,817,1430,709,242,467,28980,9273,19707,725,159,566
B0103,28,803007,Guntakal (M),Urban,Literate,84746,46735,38011,29306,25006,4300,3073,1995,1078,1042,688,354,52367,19734,32633,4968,2616,2352
B0103,28,803007,Guntakal (M),Urban,Literate but below matric/secondary,37970,19239,18731,9686,8053,1633,1441,895,546,447,276,171,26843,10291,16552,1002,394,608
B0103,28,803007,Guntakal (M),Urban,Matric/secondary but below graduate,26608,14987,11621,9870,8838,1032,964,654,310,321,225,96,15774,5495,10279,1813,882,931
B0103,28,803007,Guntakal (M),Urban,Technical diploma or certificate not equal to degree,2102,1687,415,1155,1065,90,75,60,15,37,34,3,872,562,310,232,206,26
B0103,28,803007,Guntakal (M),Urban,Graduate and above other than technical degree,8857,5607,3250,4727,3968,759,234,162,72,105,68,37,3896,1477,2419,993,565,428
B0103,28,803007,Guntakal (M),Urban,Technical degree or diploma equal to degree or post-graduate degree,2769,1791,978,1262,942,320,80,51,29,40,26,14,1427,798,629,537,369,168
B0103,28,803008,Tadpatri (M),Urban,Total,108171,54015,54156,39400,29207,10193,3601,1369,2232,1315,494,821,65170,23439,41731,3746,1463,2283
B0103,28,803008,Tadpatri (M),Urban,Illiterate,39421,15258,24163,12750,6767,5983,1764,442,1322,679,175,504,24907,8049,16858,741,111,630
B0103,28,803008,Tadpatri (M),Urban,Literate,68750,38757,29993,26650,22440,4210,1837,927,910,636,319,317,40263,15390,24873,3005,1352,1653
B0103,28,803008,Tadpatri (M),Urban,Literate but below matric/secondary,34840,18164,16676,10928,8787,2141,924,404,520,328,154,174,22988,8973,14015,794,229,565
B0103,28,803008,Tadpatri (M),Urban,Matric/secondary but below graduate,19990,11563,8427,8130,7274,856,445,279,166,137,85,52,11415,4010,7405,1123,479,644
B0103,28,803008,Tadpatri (M),Urban,Technical diploma or certificate not equal to degree,956,826,130,581,556,25,18,17,1,11,10,1,357,253,104,80,62,18
B0103,28,803008,Tadpatri (M),Urban,Graduate and above other than technical degree,6088,4059,2029,3753,3228,525,100,56,44,44,23,21,2235,775,1460,442,242,200
B0103,28,803008,Tadpatri (M),Urban,Technical degree or diploma equal to degree or post-graduate degree,2530,1703,827,1309,1018,291,44,30,14,23,15,8,1177,655,522,421,269,152
B0103,28,803009,Anantapur (M Corp.+OG),Urban,Total,267161,133919,133242,87447,68290,19157,6905,3677,3228,1865,1043,822,172809,61952,110857,13203,5504,7699
B0103,28,803009,Anantapur (M Corp.+OG),Urban,Illiterate,71063,28354,42709,16778,10273,6505,1901,738,1163,396,175,221,52384,17343,35041,1259,198,1061
B0103,28,803009,Anantapur (M Corp.+OG),Urban,Literate,196098,105565,90533,70669,58017,12652,5004,2939,2065,1469,868,601,120425,44609,75816,11944,5306,6638
B0103,28,803009,Anantapur (M Corp.+OG),Urban,Literate but below matric/secondary,72349,35362,36987,17265,14065,3200,1740,899,841,444,249,195,53344,20398,32946,2020,613,1407
B0103,28,803009,Anantapur (M Corp.+OG),Urban,Matric/secondary but below graduate,65025,34414,30611,21953,19012,2941,1606,961,645,463,269,194,41466,14441,27025,4187,1809,2378
B0103,28,803009,Anantapur (M Corp.+OG),Urban,Technical diploma or certificate not equal to degree,2827,2221,606,1681,1480,201,90,74,16,35,28,7,1056,667,389,261,174,87
B0103,28,803009,Anantapur (M Corp.+OG),Urban,Graduate and above other than technical degree,31544,19829,11715,18529,15012,3517,755,483,272,252,155,97,12260,4334,7926,2632,1209,1423
B0103,28,803009,Anantapur (M Corp.+OG),Urban,Technical degree or diploma equal to degree or post-graduate degree,12156,7563,4593,6207,4418,1789,342,206,136,178,108,70,5607,2939,2668,2107,1227,880
B0103,28,803010,Dharmavaram (M),Urban,Total,121874,62250,59624,45685,33279,12406,6721,3276,3445,1989,1168,821,69468,25695,43773,3488,1387,2101
B0103,28,803010,Dharmavaram (M),Urban,Illiterate,44310,18195,26115,13895,7947,5948,2594,934,1660,742,363,379,27821,9314,18507,775,131,644
B0103,28,803010,Dharmavaram (M),Urban,Literate,77564,44055,33509,31790,25332,6458,4127,2342,1785,1247,805,442,41647,16381,25266,2713,1256,1457
B0103,28,803010,Dharmavaram (M),Urban,Literate but below matric/secondary,43301,23833,19468,15916,12322,3594,2205,1177,1028,651,409,242,25180,10334,14846,817,266,551
B0103,28,803010,Dharmavaram (M),Urban,Matric/secondary but below graduate,21912,12318,9594,9314,7651,1663,1263,728,535,389,251,138,11335,3939,7396,982,422,560
B0103,28,803010,Dharmavaram (M),Urban,Technical diploma or certificate not equal to degree,534,411,123,239,213,26,21,17,4,5,4,1,274,181,93,51,38,13
B0103,28,803010,Dharmavaram (M),Urban,Graduate and above other than technical degree,5706,3962,1744,3388,2923,465,282,211,71,97,73,24,2036,828,1208,445,269,176
B0103,28,803010,Dharmavaram (M),Urban,Technical degree or diploma equal to degree or post-graduate degree,1854,1274,580,835,637,198,72,54,18,37,27,10,947,583,364,318,214,104
B0103,28,803012,Hindupur (M),Urban,Total,151677,76370,75307,50125,40108,10017,7229,4262,2967,2046,1271,775,94323,32000,62323,5883,2027,3856
B0103,28,803012,Hindupur (M),Urban,Illiterate,50501,21675,28826,12901,8752,4149,2848,1418,1430,813,426,387,34752,11505,23247,1106,152,954
B0103,28,803012,Hindupur (M),Urban,Literate,101176,54695,46481,37224,31356,5868,4381,2844,1537,1233,845,388,59571,20495,39076,4777,1875,2902
B0103,28,803012,Hindupur (M),Urban,Literate but below matric/secondary,55012,28737,26275,16820,14192,2628,2527,1644,883,749,538,211,35665,12901,22764,1550,422,1128
B0103,28,803012,Hindupur (M),Urban,Matric/secondary but below graduate,28062,15144,12918,10681,9379,1302,1102,710,392,285,189,96,16279,5055,11224,1802,717,1085
B0103,28,803012,Hindupur (M),Urban,Technical diploma or certificate not equal to degree,1073,835,238,612,558,54,48,31,17,14,7,7,413,246,167,84,57,27
B0103,28,803012,Hindupur (M),Urban,Graduate and above other than technical degree,8328,5193,3135,4810,3907,903,280,188,92,75,45,30,3238,1098,2140,716,379,337
B0103,28,803012,Hindupur (M),Urban,Technical degree or diploma equal to degree or post-graduate degree,2722,1733,989,1549,1120,429,82,54,28,32,21,11,1091,559,532,364,215,149
B0103,28,803014,Tirupati (M Corp.+OG),Urban,Total,295323,150125,145198,92398,73372,19026,6002,3427,2575,1846,1161,685,196923,73326,123597,17038,8777,8261
B0103,28,803014,Tirupati (M Corp.+OG),Urban,Illiterate,62716,25516,37200,12385,7439,4946,1351,551,800,299,138,161,48980,17526,31454,927,216,711
B0103,28,803014,Tirupati (M Corp.+OG),Urban,Literate,232607,124609,107998,80013,65933,14080,4651,2876,1775,1547,1023,524,147943,55800,92143,16111,8561,7550
B0103,28,803014,Tirupati (M Corp.+OG),Urban,Literate but below matric/secondary,84188,40185,44003,20013,16106,3907,1588,906,682,426,272,154,62587,23173,39414,2013,628,1385
B0103,28,803014,Tirupati (M Corp.+OG),Urban,Matric/secondary but below graduate,79040,41615,37425,24186,21153,3033,1478,967,511,474,326,148,53376,19495,33881,5578,2820,2758
B0103,28,803014,Tirupati (M Corp.+OG),Urban,Technical diploma or certificate not equal to degree,5187,3859,1328,3197,2750,447,114,94,20,44,35,9,1876,1015,861,454,279,175
B0103,28,803014,Tirupati (M Corp.+OG),Urban,Graduate and above other than technical degree,39691,24549,15142,20807,17009,3798,784,510,274,323,218,105,18100,7030,11070,4794,2919,1875
B0103,28,803014,Tirupati (M Corp.+OG),Urban,Technical degree or diploma equal to degree or post-graduate degree,15763,10039,5724,8069,6021,2048,377,215,162,179,117,62,7317,3803,3514,2744,1705,1039
B0103,28,803015,Madanapalle (M+OG),Urban,Total,180180,90700,89480,62423,46913,15510,5587,2922,2665,1651,917,734,112170,40865,71305,5626,2290,3336
B0103,28,803015,Madanapalle (M+OG),Urban,Illiterate,53251,22022,31229,14544,8374,6170,1836,683,1153,532,177,355,36871,12965,23906,735,165,570
B0103,28,803015,Madanapalle (M+OG),Urban,Literate,126929,68678,58251,47879,38539,9340,3751,2239,1512,1119,740,379,75299,27900,47399,4891,2125,2766
B0103,28,803015,Madanapalle (M+OG),Urban,Literate but below matric/secondary,61326,31748,29578,19107,15417,3690,1884,1059,825,509,333,176,40335,15272,25063,1115,365,750
B0103,28,803015,Madanapalle (M+OG),Urban,Matric/secondary but below graduate,35183,19042,16141,12635,10694,1941,942,590,352,262,188,74,21606,7758,13848,1653,722,931
B0103,28,803015,Madanapalle (M+OG),Urban,Technical diploma or certificate not equal to degree,1503,965,538,816,614,202,38,27,11,13,9,4,649,324,325,125,73,52
B0103,28,803015,Madanapalle (M+OG),Urban,Graduate and above other than technical degree,11450,7077,4373,6554,5204,1350,300,212,88,132,88,44,4596,1661,2935,818,405,413
B0103,28,803015,Madanapalle (M+OG),Urban,Technical degree or diploma equal to degree or post-graduate degree,4935,2973,1962,2622,1825,797,112,66,46,51,27,24,2201,1082,1119,694,353,341
B0103,28,803019,Chittoor (M+OG),Urban,Total,160722,80060,80662,49470,39502,9968,6252,4109,2143,1549,1078,471,105000,36449,68551,7829,3287,4542
B0103,28,803019,Chittoor (M+OG),Urban,Illiterate,36471,14756,21715,6631,4066,2565,1370,623,747,261,136,125,28470,10067,18403,484,105,379
B0103,28,803019,Chittoor (M+OG),Urban,Literate,124251,65304,58947,42839,35436,7403,4882,3486,1396,1288,942,346,76530,26382,50148,7345,3182,4163
B0103,28,803019,Chittoor (M+OG),Urban,Literate but below matric/secondary,52750,25700,27050,13645,11318,2327,2284,1563,721,504,367,137,36821,12819,24002,1356,431,925
B0103,28,803019,Chittoor (M+OG),Urban,Matric/secondary but below graduate,41111,21835,19276,13618,11996,1622,1553,1174,379,425,317,108,25940,8665,17275,2658,1128,1530
B0103,28,803019,Chittoor (M+OG),Urban,Technical diploma or certificate not equal to degree,2133,1555,578,1223,1026,197,90,81,9,33,30,3,820,448,372,245,147,98
B0103,28,803019,Chittoor (M+OG),Urban,Graduate and above other than technical degree,15319,9264,6055,8501,6722,1779,402,289,113,149,102,47,6416,2253,4163,1601,724,877
B0103,28,803019,Chittoor (M+OG),Urban,Technical degree or diploma equal to degree or post-graduate degree,6026,3709,2317,3272,2340,932,151,100,51,75,49,26,2603,1269,1334,1087,602,485
B0103,29,803033,Belgaum (M Corp.+OG),Urban,Total,490045,246537,243508,155589,126954,28635,15698,9833,5865,3621,2421,1200,318758,109750,209008,14804,6572,8232
B0103,29,803033,Belgaum (M Corp.+OG),Urban,Illiterate,97168,40835,56333,13692,8270,5422,2732,1178,1554,654,326,328,80744,31387,49357,855,247,608
B0103,29,803033,Belgaum (M Corp.+OG),Urban,Literate,392877,205702,187175,141897,118684,23213,12966,8655,4311,2967,2095,872,238014,78363,159651,13949,6325,7624
B0103,29,803033,Belgaum (M Corp.+OG),Urban,Literate but below matric/secondary,155132,77079,78053,37244,31488,5756,4440,2901,1539,911,652,259,113448,42690,70758,2947,1270,1677
B0103,29,803033,Belgaum (M Corp.+OG),Urban,Matric/secondary but below graduate,146490,75202,71288,55709,48694,7015,5248,3666,1582,1243,941,302,85533,22842,62691,6408,2913,3495
B0103,29,803033,Belgaum (M Corp.+OG),Urban,Technical diploma or certificate not equal to degree,11001,7854,3147,6846,5459,1387,399,300,99,118,89,29,3756,2095,1661,622,439,183
B0103,29,803033,Belgaum (M Corp.+OG),Urban,Graduate and above other than technical degree,48221,27595,20626,26161,20810,5351,1553,945,608,378,220,158,20507,5840,14667,2187,857,1330
B0103,29,803033,Belgaum (M Corp.+OG),Urban,Technical degree or diploma equal to degree or post-graduate degree,15979,10087,5892,9348,6827,2521,530,331,199,163,95,68,6101,2929,3172,1229,619,610
B0103,29,803048,Bagalkot (CMC),Urban,Total,111933,56378,55555,33690,25818,7872,5731,3558,2173,2065,1372,693,72512,27002,45510,4424,1702,2722
B0103,29,803048,Bagalkot (CMC),Urban,Illiterate,27710,11040,16670,4970,2523,2447,1406,596,810,496,254,242,21334,7921,13413,571,114,457
B0103,29,803048,Bagalkot (CMC),Urban,Literate,84223,45338,38885,28720,23295,5425,4325,2962,1363,1569,1118,451,51178,19081,32097,3853,1588,2265
B0103,29,803048,Bagalkot (CMC),Urban,Literate but below matric/secondary,35078,17291,17787,7592,5956,1636,1702,1100,602,553,369,184,25784,10235,15549,753,241,512
B0103,29,803048,Bagalkot (CMC),Urban,Matric/secondary but below graduate,26379,13839,12540,9165,7746,1419,1316,938,378,472,356,116,15898,5155,10743,1526,596,930
B0103,29,803048,Bagalkot (CMC),Urban,Technical diploma or certificate not equal to degree,3205,2431,774,1849,1536,313,199,164,35,84,73,11,1157,731,426,247,177,70
B0103,29,803048,Bagalkot (CMC),Urban,Graduate and above other than technical degree,9624,6119,3505,5568,4578,990,475,345,130,179,125,54,3581,1196,2385,542,242,300
B0103,29,803048,Bagalkot (CMC),Urban,Technical degree or diploma equal to degree or post-graduate degree,4466,2919,1547,2337,1760,577,268,166,102,112,72,40,1861,993,868,415,211,204
B0103,29,803051,Bijapur (CMC),Urban,Total,327427,165177,162250,87888,70375,17513,19391,12350,7041,5228,3760,1468,220148,82452,137696,11634,5354,6280
B0103,29,803051,Bijapur (CMC),Urban,Illiterate,90084,37900,52184,15476,9807,5669,4396,2035,2361,1042,579,463,70212,26058,44154,1274,328,946
B0103,29,803051,Bijapur (CMC),Urban,Literate,237343,127277,110066,72412,60568,11844,14995,10315,4680,4186,3181,1005,149936,56394,93542,10360,5026,5334
B0103,29,803051,Bijapur (CMC),Urban,Literate but below matric/secondary,100182,49124,51058,18541,15494,3047,5415,3420,1995,1377,1046,331,76226,30210,46016,2255,884,1371
B0103,29,803051,Bijapur (CMC),Urban,Matric/secondary but below graduate,71759,38129,33630,22540,19641,2899,4815,3490,1325,1393,1095,298,44404,14998,29406,4203,2001,2202
B0103,29,803051,Bijapur (CMC),Urban,Technical diploma or certificate not equal to degree,5748,3956,1792,3123,2352,771,385,290,95,109,85,24,2240,1314,926,377,271,106
B0103,29,803051,Bijapur (CMC),Urban,Graduate and above other than technical degree,26112,17298,8814,14180,11931,2249,1810,1374,436,530,395,135,10122,3993,6129,1495,817,678
B0103,29,803051,Bijapur (CMC),Urban,Technical degree or diploma equal to degree or post-graduate degree,11153,7057,4096,5448,4087,1361,760,499,261,258,169,89,4945,2471,2474,1099,616,483
B0103,29,803060,Bidar (CMC+OG),Urban,Total,216020,111470,104550,55928,45588,10340,10487,7116,3371,4195,2680,1515,149605,58766,90839,10769,5098,5671
B0103,29,803060,Bidar (CMC+OG),Urban,Illiterate,53888,23048,30840,8196,5278,2918,2278,1132,1146,888,442,446,43414,16638,26776,933,245,688
B0103,29,803060,Bidar (CMC+OG),Urban,Literate,162132,88422,73710,47732,40310,7422,8209,5984,2225,3307,2238,1069,106191,42128,64063,9836,4853,4983
B0103,29,803060,Bidar (CMC+OG),Urban,Literate but below matric/secondary,67020,34107,32913,11132,9538,1594,2619,1828,791,1057,709,348,53269,22741,30528,2202,961,1241
B0103,29,803060,Bidar (CMC+OG),Urban,Matric/secondary but below graduate,56233,30034,26199,17625,15360,2265,3170,2358,812,1245,835,410,35438,12316,23122,4369,2088,2281
B0103,29,803060,Bidar (CMC+OG),Urban,Technical diploma or certificate not equal to degree,3878,2803,1075,2007,1500,507,249,198,51,114,92,22,1622,1105,517,407,323,84
B0103,29,803060,Bidar (CMC+OG),Urban,Graduate and above other than technical degree,17028,11396,5632,9467,8081,1386,1005,793,212,410,293,117,6556,2522,4034,1246,660,586
B0103,29,803060,Bidar (CMC+OG),Urban,Technical degree or diploma equal to degree or post-graduate degree,8882,5428,3454,4129,3060,1069,490,325,165,220,134,86,4263,2043,2220,1055,564,491
B0103,29,803067,Raichur (CMC),Urban,Total,234073,117657,116416,72316,55746,16570,11744,6863,4881,4508,2740,1768,150013,55048,94965,10745,4577,6168
B0103,29,803067,Raichur (CMC),Urban,Illiterate,75065,30355,44710,18596,10426,8170,3838,1476,2362,1564,662,902,52631,18453,34178,1529,317,1212
B0103,29,803067,Raichur (CMC),Urban,Literate,159008,87302,71706,53720,45320,8400,7906,5387,2519,2944,2078,866,97382,36595,60787,9216,4260,4956
B0103,29,803067,Raichur (CMC),Urban,Literate but below matric/secondary,69217,34818,34399,15034,12427,2607,2992,1902,1090,991,666,325,51191,20489,30702,2133,836,1297
B0103,29,803067,Raichur (CMC),Urban,Matric/secondary but below graduate,53769,30023,23746,19908,17574,2334,2813,1977,836,1157,821,336,31048,10472,20576,4256,1984,2272
B0103,29,803067,Raichur (CMC),Urban,Technical diploma or certificate not equal to degree,3504,2692,812,1945,1594,351,199,157,42,77,64,13,1360,941,419,306,232,74
B0103,29,803067,Raichur (CMC),Urban,Graduate and above other than technical degree,16216,10509,5707,9327,7862,1465,867,639,228,325,243,82,6022,2008,4014,1244,582,662
B0103,29,803067,Raichur (CMC),Urban,Technical degree or diploma equal to degree or post-graduate degree,6229,3916,2313,3218,2343,875,360,238,122,176,123,53,2651,1335,1316,787,423,364
B0103,29,803072,Gangawati (CMC+OG),Urban,Total,114642,57230,57412,35958,27990,7968,7146,4188,2958,2749,1601,1148,71538,25052,46486,3123,1261,1862
B0103,29,803072,Gangawati (CMC+OG),Urban,Illiterate,39720,15930,23790,9864,5584,4280,3099,1254,1845,1274,550,724,26757,9092,17665,536,76,460
B0103,29,803072,Gangawati (CMC+OG),Urban,Literate,74922,41300,33622,26094,22406,3688,4047,2934,1113,1475,1051,424,44781,15960,28821,2587,1185,1402
B0103,29,803072,Gangawati (CMC+OG),Urban,Literate but below matric/secondary,42175,22121,20054,11372,9649,1723,2250,1572,678,875,601,274,28553,10900,17653,816,293,523
B0103,29,803072,Gangawati (CMC+OG),Urban,Matric/secondary but below graduate,20072,11317,8755,7909,7113,796,997,778,219,342,261,81,11166,3426,7740,1122,531,591
B0103,29,803072,Gangawati (CMC+OG),Urban,Technical diploma or certificate not equal to degree,1225,996,229,695,576,119,64,56,8,31,27,4,466,364,102,113,93,20
B0103,29,803072,Gangawati (CMC+OG),Urban,Graduate and above other than technical degree,5323,3534,1789,3291,2850,441,237,186,51,89,68,21,1795,498,1297,272,137,135
B0103,29,803072,Gangawati (CMC+OG),Urban,Technical degree or diploma equal to degree or post-graduate degree,1604,1015,589,924,663,261,74,52,22,34,24,10,606,300,306,154,91,63
B0103,29,803078,Gadag-Betigeri (CMC),Urban,Total,172612,85920,86692,55544,42729,12815,7924,5057,2867,2110,1410,700,109144,38134,71010,6521,2604,3917
B0103,29,803078,Gadag-Betigeri (CMC),Urban,Illiterate,41916,16854,25062,8616,4413,4203,1882,779,1103,399,200,199,31418,11662,19756,434,92,342
B0103,29,803078,Gadag-Betigeri (CMC),Urban,Literate,130696,69066,61630,46928,38316,8612,6042,4278,1764,1711,1210,501,77726,26472,51254,6087,2512,3575
B0103,29,803078,Gadag-Betigeri (CMC),Urban,Literate but below matric/secondary,61062,30022,31040,16328,12827,3501,2461,1672,789,598,430,168,42273,15523,26750,1344,427,917
B0103,29,803078,Gadag-Betigeri (CMC),Urban,Matric/secondary but below graduate,42357,22635,19722,16308,14171,2137,2027,1532,495,602,447,155,24022,6932,17090,2708,1098,1610
B0103,29,803078,Gadag-Betigeri (CMC),Urban,Technical diploma or certificate not equal to degree,3746,2733,1013,2080,1633,447,223,173,50,89,68,21,1443,927,516,339,262,77
B0103,29,803078,Gadag-Betigeri (CMC),Urban,Graduate and above other than technical degree,11673,7399,4274,6779,5603,1176,539,402,137,178,118,60,4355,1394,2961,725,334,391
B0103,29,803078,Gadag-Betigeri (CMC),Urban,Technical degree or diploma equal to degree or post-graduate degree,4253,2542,1711,2221,1639,582,210,118,92,97,42,55,1822,785,1037,613,280,333
B0103,29,803083,Hubli-Dharwad (M Corp.),Urban,Total,943788,474518,469270,298264,239500,58764,35773,23034,12739,9943,6615,3328,609751,211984,397767,32586,14167,18419
B0103,29,803083,Hubli-Dharwad (M Corp.),Urban,Illiterate,216685,91605,125080,41911,25419,16492,7686,3537,4149,1753,894,859,167088,62649,104439,2060,555,1505
B0103,29,803083,Hubli-Dharwad (M Corp.),Urban,Literate,727103,382913,344190,256353,214081,42272,28087,19497,8590,8190,5721,2469,442663,149335,293328,30526,13612,16914
B0103,29,803083,Hubli-Dharwad (M Corp.),Urban,Literate but below matric/secondary,327242,162039,165203,82719,69201,13518,12391,8420,3971,3204,2209,995,232132,84418,147714,6961,2855,4106
B0103,29,803083,Hubli-Dharwad (M Corp.),Urban,Matric/secondary but below graduate,237821,123878,113943,87079,76691,10388,9482,6896,2586,2853,2125,728,141260,40291,100969,13513,6033,7480
B0103,29,803083,Hubli-Dharwad (M Corp.),Urban,Technical diploma or certificate not equal to degree,25129,18533,6596,15047,12403,2644,1079,874,205,379,314,65,9003,5256,3747,1730,1192,538
B0103,29,803083,Hubli-Dharwad (M Corp.),Urban,Graduate and above other than technical degree,86675,50630,36045,47200,37657,9543,2974,1969,1005,971,606,365,36501,11004,25497,4791,1840,2951
B0103,29,803083,Hubli-Dharwad (M Corp.),Urban,Technical degree or diploma equal to degree or post-graduate degree,27189,16848,10341,14877,10753,4124,943,579,364,408,245,163,11369,5516,5853,2667,1345,1322
B0103,29,803107,Ranibennur (CMC),Urban,Total,106406,54040,52366,35449,27684,7765,4256,2475,1781,818,561,257,66701,23881,42820,3640,1475,2165
B0103,29,803107,Ranibennur (CMC),Urban,Illiterate,25405,10954,14451,5901,3232,2669,943,315,628,122,55,67,18561,7407,11154,313,64,249
B0103,29,803107,Ranibennur (CMC),Urban,Literate,81001,43086,37915,29548,24452,5096,3313,2160,1153,696,506,190,48140,16474,31666,3327,1411,1916
B0103,29,803107,Ranibennur (CMC),Urban,Literate but below matric/secondary,41432,21093,20339,12182,9762,2420,1768,1092,676,322,239,83,27482,10239,17243,939,370,569
B0103,29,803107,Ranibennur (CMC),Urban,Matric/secondary but below graduate,25081,13089,11992,9329,8263,1066,1020,694,326,222,158,64,14732,4132,10600,1346,558,788
B0103,29,803107,Ranibennur (CMC),Urban,Technical diploma or certificate not equal to degree,1872,1355,517,1127,851,276,70,60,10,24,23,1,675,444,231,147,107,40
B0103,29,803107,Ranibennur (CMC),Urban,Graduate and above other than technical degree,7065,4445,2620,4097,3460,637,231,170,61,60,43,17,2737,815,1922,473,191,282
B0103,29,803107,Ranibennur (CMC),Urban,Technical degree or diploma equal to degree or post-graduate degree,2682,1677,1005,1454,1086,368,82,50,32,38,23,15,1146,541,605,318,134,184
B0103,29,803109,Hospet (CMC),Urban,Total,206167,102668,103499,64330,51707,12623,8278,5390,2888,1740,1275,465,133559,45571,87988,6512,2701,3811
B0103,29,803109,Hospet (CMC),Urban,Illiterate,64692,26551,38141,14252,8583,5669,2498,1117,1381,338,190,148,47942,16851,31091,633,130,503
B0103,29,803109,Hospet (CMC),Urban,Literate,141475,76117,65358,50078,43124,6954,5780,4273,1507,1402,1085,317,85617,28720,56897,5879,2571,3308
B0103,29,803109,Hospet (CMC),Urban,Literate but below matric/secondary,71641,36164,35477,18707,15839,2868,2931,2112,819,575,452,123,50003,18213,31790,1556,625,931
B0103,29,803109,Hospet (CMC),Urban,Matric/secondary but below graduate,41939,22469,19470,15935,14254,1681,1738,1372,366,478,392,86,24266,6843,17423,2470,1068,1402
B0103,29,803109,Hospet (CMC),Urban,Technical diploma or certificate not equal to degree,4748,4022,726,3035,2770,265,197,174,23,81,76,5,1516,1078,438,383,303,80
B0103,29,803109,Hospet (CMC),Urban,Graduate and above other than technical degree,13422,7932,5490,7551,6340,1211,460,323,137,159,105,54,5411,1269,4142,861,308,553
B0103,29,803109,Hospet (CMC),Urban,Technical degree or diploma equal to degree or post-graduate degree,4134,2635,1499,2440,1901,539,110,61,49,48,21,27,1584,673,911,403,180,223
B0103,29,803114,Bellary (M Corp.),Urban,Total,410445,206149,204296,136432,107233,29199,14233,8331,5902,3321,2161,1160,259780,90585,169195,14817,6253,8564
B0103,29,803114,Bellary (M Corp.),Urban,Illiterate,129835,53862,75973,32489,19686,12803,4346,1715,2631,744,359,385,93000,32461,60539,1679,335,1344
B0103,29,803114,Bellary (M Corp.),Urban,Literate,280610,152287,128323,103943,87547,16396,9887,6616,3271,2577,1802,775,166780,58124,108656,13138,5918,7220
B0103,29,803114,Bellary (M Corp.),Urban,Literate but below matric/secondary,135856,68909,66947,37985,31373,6612,4365,2728,1637,947,635,312,93506,34808,58698,3803,1525,2278
B0103,29,803114,Bellary (M Corp.),Urban,Matric/secondary but below graduate,82436,45580,36856,32482,28765,3717,3031,2143,888,902,654,248,46923,14672,32251,5231,2435,2796
B0103,29,803114,Bellary (M Corp.),Urban,Technical diploma or certificate not equal to degree,6440,5087,1353,3903,3327,576,275,236,39,105,89,16,2262,1524,738,586,408,178
B0103,29,803114,Bellary (M Corp.),Urban,Graduate and above other than technical degree,26742,16548,10194,15405,12950,2455,925,653,272,301,204,97,10412,2945,7467,1717,702,1015
B0103,29,803114,Bellary (M Corp.),Urban,Technical degree or diploma equal to degree or post-graduate degree,10113,6463,3650,5870,4421,1449,289,195,94,110,70,40,3954,1847,2107,1108,579,529
B0103,29,803120,Chitradurga (CMC+OG),Urban,Total,145853,73020,72833,46721,36757,9964,6973,4249,2724,1714,1095,619,92159,32014,60145,6694,2583,4111
B0103,29,803120,Chitradurga (CMC+OG),Urban,Illiterate,31101,13384,17717,5559,3540,2019,1105,489,616,180,85,95,24437,9355,15082,409,76,333
B0103,29,803120,Chitradurga (CMC+OG),Urban,Literate,114752,59636,55116,41162,33217,7945,5868,3760,2108,1534,1010,524,67722,22659,45063,6285,2507,3778
B0103,29,803120,Chitradurga (CMC+OG),Urban,Literate but below matric/secondary,51308,25601,25707,14029,11519,2510,2524,1621,903,502,333,169,34755,12461,22294,1374,410,964
B0103,29,803120,Chitradurga (CMC+OG),Urban,Matric/secondary but below graduate,39127,19754,19373,14275,11913,2362,2121,1375,746,578,377,201,22731,6466,16265,2713,1024,1689
B0103,29,803120,Chitradurga (CMC+OG),Urban,Technical diploma or certificate not equal to degree,3730,2281,1449,1792,1235,557,190,123,67,85,62,23,1748,923,825,421,288,133
B0103,29,803120,Chitradurga (CMC+OG),Urban,Graduate and above other than technical degree,11953,7281,4672,6895,5475,1420,572,373,199,206,137,69,4486,1433,3053,862,385,477
B0103,29,803120,Chitradurga (CMC+OG),Urban,Technical degree or diploma equal to degree or post-graduate degree,4904,2932,1972,2645,1905,740,223,122,101,114,69,45,2036,905,1131,681,325,356
B0103,29,803127,Davanagere (M Corp.),Urban,Total,434971,219776,215195,132061,103976,28085,28300,18817,9483,4524,3194,1330,274610,96983,177627,13584,5971,7613
B0103,29,803127,Davanagere (M Corp.),Urban,Illiterate,105968,45757,60211,22269,13832,8437,5684,2698,2986,667,379,288,78015,29227,48788,941,255,686
B0103,29,803127,Davanagere (M Corp.),Urban,Literate,329003,174019,154984,109792,90144,19648,22616,16119,6497,3857,2815,1042,196595,67756,128839,12643,5716,6927
B0103,29,803127,Davanagere (M Corp.),Urban,Literate but below matric/secondary,145841,74525,71316,37586,30830,6756,9268,6386,2882,1411,1085,326,98987,37309,61678,2486,978,1508
B0103,29,803127,Davanagere (M Corp.),Urban,Matric/secondary but below graduate,95431,49458,45973,30898,26726,4172,6424,4732,1692,1242,906,336,58109,18000,40109,5157,2361,2796
B0103,29,803127,Davanagere (M Corp.),Urban,Technical diploma or certificate not equal to degree,7417,5142,2275,4119,3077,1042,481,375,106,137,104,33,2817,1690,1127,553,377,176
B0103,29,803127,Davanagere (M Corp.),Urban,Graduate and above other than technical degree,28218,16874,11344,14696,12076,2620,1864,1359,505,391,256,135,11658,3439,8219,1810,760,1050
B0103,29,803127,Davanagere (M Corp.),Urban,Technical degree or diploma equal to degree or post-graduate degree,12522,8047,4475,6410,4792,1618,780,519,261,236,135,101,5332,2736,2596,1387,740,647
B0103,29,803137,Shimoga (CMC),Urban,Total,322650,162018,160632,110962,88830,22132,7346,4586,2760,1898,1226,672,204342,68602,135740,9739,3573,6166
B0103,29,803137,Shimoga (CMC),Urban,Illiterate,68119,30055,38064,15267,9567,5700,1553,661,892,315,143,172,51299,19827,31472,455,100,355
B0103,29,803137,Shimoga (CMC),Urban,Literate,254531,131963,122568,95695,79263,16432,5793,3925,1868,1583,1083,500,153043,48775,104268,9284,3473,5811
B0103,29,803137,Shimoga (CMC),Urban,Literate but below matric/secondary,113054,57258,55796,33789,28782,5007,2464,1644,820,691,492,199,76801,26832,49969,1992,692,1300
B0103,29,803137,Shimoga (CMC),Urban,Matric/secondary but below graduate,77685,38023,39662,27416,23261,4155,1600,1097,503,433,294,139,48669,13665,35004,3636,1288,2348
B0103,29,803137,Shimoga (CMC),Urban,Technical diploma or certificate not equal to degree,5997,4164,1833,3508,2765,743,163,124,39,61,46,15,2326,1275,1051,396,241,155
B0103,29,803137,Shimoga (CMC),Urban,Graduate and above other than technical degree,28455,16264,12191,16187,12815,3372,704,461,243,176,110,66,11564,2988,8576,1584,561,1023
B0103,29,803137,Shimoga (CMC),Urban,Technical degree or diploma equal to degree or post-graduate degree,9008,5571,3437,5188,3742,1446,210,138,72,79,43,36,3610,1691,1919,940,439,501
B0103,29,803138,Bhadravati (CMC),Urban,Total,151102,75009,76093,46269,37325,8944,8904,6148,2756,2046,1558,488,95929,31536,64393,5729,2388,3341
B0103,29,803138,Bhadravati (CMC),Urban,Illiterate,33397,13297,20100,6299,3585,2714,1769,783,986,243,139,104,25329,8929,16400,291,50,241
B0103,29,803138,Bhadravati (CMC),Urban,Literate,117705,61712,55993,39970,33740,6230,7135,5365,1770,1803,1419,384,70600,22607,47993,5438,2338,3100
B0103,29,803138,Bhadravati (CMC),Urban,Literate but below matric/secondary,54191,27197,26994,14748,12465,2283,3142,2291,851,621,508,113,36301,12441,23860,1067,405,662
B0103,29,803138,Bhadravati (CMC),Urban,Matric/secondary but below graduate,34666,17741,16925,11922,10448,1474,2074,1667,407,592,480,112,20670,5626,15044,2138,899,1239
B0103,29,803138,Bhadravati (CMC),Urban,Technical diploma or certificate not equal to degree,4929,3888,1041,2527,2161,366,310,264,46,119,99,20,2092,1463,629,495,337,158
B0103,29,803138,Bhadravati (CMC),Urban,Graduate and above other than technical degree,9229,5201,4028,4769,3838,931,505,364,141,185,129,56,3955,999,2956,767,305,462
B0103,29,803138,Bhadravati (CMC),Urban,Technical degree or diploma equal to degree or post-graduate degree,3177,1865,1312,1616,1171,445,150,85,65,69,37,32,1411,609,802,483,209,274
B0103,29,803141,Udupi (CMC+OG),Urban,Total,144960,71614,73346,55301,39989,15312,3980,2548,1432,731,502,229,85679,29077,56602,3639,1404,2235
B0103,29,803141,Udupi (CMC+OG),Urban,Illiterate,21024,9007,12017,3328,1618,1710,293,123,170,32,15,17,17403,7266,10137,74,20,54
B0103,29,803141,Udupi (CMC+OG),Urban,Literate,123936,62607,61329,51973,38371,13602,3687,2425,1262,699,487,212,68276,21811,46465,3565,1384,2181
B0103,29,803141,Udupi (CMC+OG),Urban,Literate but below matric/secondary,47837,23413,24424,16013,11785,4228,1461,942,519,237,176,61,30363,10686,19677,557,222,335
B0103,29,803141,Udupi (CMC+OG),Urban,Matric/secondary but below graduate,38484,19479,19005,15810,12418,3392,1063,749,314,227,162,65,21611,6312,15299,1392,565,827
B0103,29,803141,Udupi (CMC+OG),Urban,Technical diploma or certificate not equal to degree,3054,2034,1020,1858,1393,465,85,72,13,22,20,2,1111,569,542,177,102,75
B0103,29,803141,Udupi (CMC+OG),Urban,Graduate and above other than technical degree,17515,8918,8597,9429,6564,2865,476,287,189,105,65,40,7610,2067,5543,813,242,571
B0103,29,803141,Udupi (CMC+OG),Urban,Technical degree or diploma equal to degree or post-graduate degree,4929,2877,2052,3153,2074,1079,132,81,51,43,21,22,1644,722,922,299,123,176
B0103,29,803149,Chikmagalur (CMC),Urban,Total,118401,58702,59699,41280,31978,9302,4063,2328,1735,958,594,364,73058,24396,48662,4134,1674,2460
B0103,29,803149,Chikmagalur (CMC),Urban,Illiterate,22042,9581,12461,4602,2656,1946,597,218,379,85,35,50,16843,6707,10136,116,35,81
B0103,29,803149,Chikmagalur (CMC),Urban,Literate,96359,49121,47238,36678,29322,7356,3466,2110,1356,873,559,314,56215,17689,38526,4018,1639,2379
B0103,29,803149,Chikmagalur (CMC),Urban,Literate but below matric/secondary,43764,22070,21694,13694,11105,2589,1437,807,630,315,195,120,28633,10158,18475,740,277,463
B0103,29,803149,Chikmagalur (CMC),Urban,Matric/secondary but below graduate,31146,15450,15696,11571,9656,1915,1073,681,392,271,180,91,18502,5113,13389,1724,743,981
B0103,29,803149,Chikmagalur (CMC),Urban,Technical diploma or certificate not equal to degree,1993,1245,748,1167,806,361,104,76,28,29,23,6,722,363,359,154,97,57
B0103,29,803149,Chikmagalur (CMC),Urban,Graduate and above other than technical degree,10202,5730,4472,5929,4573,1356,452,282,170,141,81,60,3821,875,2946,699,228,471
B0103,29,803149,Chikmagalur (CMC),Urban,Technical degree or diploma equal to degree or post-graduate degree,3002,1711,1291,1559,1069,490,129,81,48,50,31,19,1314,561,753,425,206,219
B0103,29,803157,Tumkur (CMC),Urban,Total,302143,152925,149218,99641,76535,23106,15700,9881,5819,3250,2163,1087,186802,66509,120293,11018,4709,6309
B0103,29,803157,Tumkur (CMC),Urban,Illiterate,60873,26860,34013,11939,7234,4705,3050,1492,1558,369,226,143,45884,18134,27750,507,158,349
B0103,29,803157,Tumkur (CMC),Urban,Literate,241270,126065,115205,87702,69301,18401,12650,8389,4261,2881,1937,944,140918,48375,92543,10511,4551,5960
B0103,29,803157,Tumkur (CMC),Urban,Literate but below matric/secondary,96861,47740,49121,26347,20547,5800,5211,3344,1867,924,633,291,65303,23849,41454,1863,698,1165
B0103,29,803157,Tumkur (CMC),Urban,Matric/secondary but below graduate,83936,41778,42158,28936,23850,5086,4513,3148,1365,1068,749,319,50487,14780,35707,4648,1993,2655
B0103,29,803157,Tumkur (CMC),Urban,Technical diploma or certificate not equal to degree,8886,6383,2503,5168,3993,1175,464,366,98,144,115,29,3254,2024,1230,525,341,184
B0103,29,803157,Tumkur (CMC),Urban,Graduate and above other than technical degree,28526,16878,11648,16180,12824,3356,1174,734,440,373,209,164,11172,3320,7852,1660,631,1029
B0103,29,803157,Tumkur (CMC),Urban,Technical degree or diploma equal to degree or post-graduate degree,13637,8739,4898,7347,5308,2039,547,340,207,232,143,89,5743,3091,2652,1369,708,661
B0103,29,803162,BBMP (M. Corp.+OG),Urban,Total,8495492,4420006,4075486,3386364,2539050,847314,330424,188472,141952,82668,49302,33366,4778704,1692484,3086220,265395,101562,163833
B0103,29,803162,BBMP (M. Corp.+OG),Urban,Illiterate,1780289,802733,977556,377408,224901,152507,52705,23492,29213,10850,5147,5703,1350176,554340,795836,20964,5308,15656
B0103,29,803162,BBMP (M. Corp.+OG),Urban,Literate,6715203,3617273,3097930,3008956,2314149,694807,277719,164980,112739,71818,44155,27663,3428528,1138144,2290384,244431,96254,148177
B0103,29,803162,BBMP (M. Corp.+OG),Urban,Literate but below matric/secondary,2306967,1167605,1139362,693361,525938,167423,86806,50058,36748,19656,12020,7636,1526800,591609,935191,52289,18991,33298
B0103,29,803162,BBMP (M. Corp.+OG),Urban,Matric/secondary but below graduate,2357429,1263832,1093597,1083197,872946,210251,97305,59400,37905,26081,16324,9757,1176927,331486,845441,106652,42927,63725
B0103,29,803162,BBMP (M. Corp.+OG),Urban,Technical diploma or certificate not equal to degree,167343,126274,41069,115507,97590,17917,7020,5284,1736,2078,1578,500,44816,23400,21416,5642,3497,2145
B0103,29,803162,BBMP (M. Corp.+OG),Urban,Graduate and above other than technical degree,1057985,558959,499026,606536,438849,167687,43945,23939,20006,12084,6662,5422,407504,96171,311333,44305,14244,30061
B0103,29,803162,BBMP (M. Corp.+OG),Urban,Technical degree or diploma equal to degree or post-graduate degree,533178,349404,183774,371192,276277,94915,23826,14915,8911,7281,4567,2714,138160,58212,79948,25073,12588,12485
B0103,29,803168,Mandya (CMC),Urban,Total,137358,68662,68696,50715,38387,12328,4664,2557,2107,905,572,333,81979,27718,54261,4824,2030,2794
B0103,29,803168,Mandya (CMC),Urban,Illiterate,32042,13696,18346,8045,4778,3267,1138,432,706,123,57,66,22859,8486,14373,208,54,154
B0103,29,803168,Mandya (CMC),Urban,Literate,105316,54966,50350,42670,33609,9061,3526,2125,1401,782,515,267,59120,19232,39888,4616,1976,2640
B0103,29,803168,Mandya (CMC),Urban,Literate but below matric/secondary,46248,23092,23156,14534,11326,3208,1621,899,722,287,185,102,30093,10867,19226,762,290,472
B0103,29,803168,Mandya (CMC),Urban,Matric/secondary but below graduate,36557,18501,18056,14896,12297,2599,1204,780,424,293,203,90,20457,5424,15033,2124,882,1242
B0103,29,803168,Mandya (CMC),Urban,Technical diploma or certificate not equal to degree,2459,1691,768,1404,1014,390,82,64,18,38,29,9,973,613,360,264,184,80
B0103,29,803168,Mandya (CMC),Urban,Graduate and above other than technical degree,11797,7113,4684,7187,5636,1551,332,233,99,90,55,35,4278,1244,3034,862,339,523
B0103,29,803168,Mandya (CMC),Urban,Technical degree or diploma equal to degree or post-graduate degree,4406,2745,1661,2770,1939,831,120,69,51,52,29,23,1516,737,779,480,229,251
B0103,29,803174,Hassan (CMC+OG),Urban,Total,155006,77051,77955,51741,41073,10668,5350,3304,2046,1867,1212,655,97915,32674,65241,7422,2755,4667
B0103,29,803174,Hassan (CMC+OG),Urban,Illiterate,30272,13396,16876,5437,3572,1865,977,444,533,267,134,133,23858,9380,14478,315,63,252
B0103,29,803174,Hassan (CMC+OG),Urban,Literate,124734,63655,61079,46304,37501,8803,4373,2860,1513,1600,1078,522,74057,23294,50763,7107,2692,4415
B0103,29,803174,Hassan (CMC+OG),Urban,Literate but below matric/secondary,52705,26087,26618,14356,12303,2053,1578,1010,568,508,345,163,36771,12774,23997,1353,469,884
B0103,29,803174,Hassan (CMC+OG),Urban,Matric/secondary but below graduate,42783,20661,22122,15494,12783,2711,1668,1095,573,620,431,189,25621,6783,18838,3136,1149,1987
B0103,29,803174,Hassan (CMC+OG),Urban,Technical diploma or certificate not equal to degree,5057,3593,1464,3006,2356,650,211,181,30,105,89,16,1840,1056,784,517,338,179
B0103,29,803174,Hassan (CMC+OG),Urban,Graduate and above other than technical degree,15544,8529,7015,8953,6829,2124,544,348,196,222,124,98,6047,1352,4695,1177,342,835
B0103,29,803174,Hassan (CMC+OG),Urban,Technical degree or diploma equal to degree or post-graduate degree,5498,3255,2243,3133,2149,984,225,134,91,104,60,44,2140,972,1168,766,344,422
B0103,29,803181,Mangalore (M Corp.+OG),Urban,Total,499487,247903,251584,193772,135482,58290,14738,8461,6277,3092,2050,1042,290977,103960,187017,12515,4966,7549
B0103,29,803181,Mangalore (M Corp.+OG),Urban,Illiterate,73201,31749,41452,11879,5436,6443,1466,584,882,208,101,107,59856,25729,34127,277,101,176
B0103,29,803181,Mangalore (M Corp.+OG),Urban,Literate,426286,216154,210132,181893,130046,51847,13272,7877,5395,2884,1949,935,231121,78231,152890,12238,4865,7373
B0103,29,803181,Mangalore (M Corp.+OG),Urban,Literate but below matric/secondary,169551,83813,85738,60597,42144,18453,5587,3192,2395,975,746,229,103367,38477,64890,1829,832,997
B0103,29,803181,Mangalore (M Corp.+OG),Urban,Matric/secondary but below graduate,139238,70669,68569,55967,42747,13220,4081,2562,1519,1028,699,329,79190,25360,53830,4942,2029,2913
B0103,29,803181,Mangalore (M Corp.+OG),Urban,Technical diploma or certificate not equal to degree,12406,8712,3694,7823,6369,1454,342,274,68,126,99,27,4241,2069,2172,579,386,193
B0103,29,803181,Mangalore (M Corp.+OG),Urban,Graduate and above other than technical degree,59443,28056,31387,32274,21295,10979,1431,750,681,393,184,209,25738,6011,19727,2934,863,2071
B0103,29,803181,Mangalore (M Corp.+OG),Urban,Technical degree or diploma equal to degree or post-graduate degree,18654,10946,7708,11221,7461,3760,576,324,252,148,71,77,6857,3161,3696,1189,477,712
B0103,29,803194,Mysore (M Corp.+OG),Urban,Total,920550,461042,459508,306784,237262,69522,40929,25756,15173,9830,6460,3370,572837,198024,374813,39289,16626,22663
B0103,29,803194,Mysore (M Corp.+OG),Urban,Illiterate,189644,83474,106170,40662,26156,14506,8049,4051,3998,1748,1038,710,140933,53267,87666,2919,761,2158
B0103,29,803194,Mysore (M Corp.+OG),Urban,Literate,730906,377568,353338,266122,211106,55016,32880,21705,11175,8082,5422,2660,431904,144757,287147,36370,15865,20505
B0103,29,803194,Mysore (M Corp.+OG),Urban,Literate but below matric/secondary,273760,133727,140033,71420,57234,14186,11353,7186,4167,2649,1779,870,190987,69307,121680,8485,3281,5204
B0103,29,803194,Mysore (M Corp.+OG),Urban,Matric/secondary but below graduate,249025,125028,123997,87914,73562,14352,11236,7695,3541,2981,2052,929,149875,43771,106104,15791,6897,8894
B0103,29,803194,Mysore (M Corp.+OG),Urban,Technical diploma or certificate not equal to degree,20990,15015,5975,12966,10361,2605,1031,790,241,307,219,88,6993,3864,3129,1141,767,374
B0103,29,803194,Mysore (M Corp.+OG),Urban,Graduate and above other than technical degree,106171,58145,48026,55800,41943,13857,4535,2966,1569,1173,743,430,45836,13236,32600,6101,2664,3437
B0103,29,803194,Mysore (M Corp.+OG),Urban,Technical degree or diploma equal to degree or post-graduate degree,43135,26874,16261,22300,15989,6311,2217,1392,825,523,317,206,18618,9493,9125,3323,1612,1711
B0103,29,803207,Gulbarga (M Corp.+OG),Urban,Total,543147,276552,266595,147891,116766,31125,31211,19026,12185,11406,7163,4243,364045,140760,223285,29304,12862,16442
B0103,29,803207,Gulbarga (M Corp.+OG),Urban,Illiterate,153965,65414,88551,28746,18148,10598,7200,3234,3966,2452,1168,1284,118019,44032,73987,3719,890,2829
B0103,29,803207,Gulbarga (M Corp.+OG),Urban,Literate,389182,211138,178044,119145,98618,20527,24011,15792,8219,8954,5995,2959,246026,96728,149298,25585,11972,13613
B0103,29,803207,Gulbarga (M Corp.+OG),Urban,Literate but below matric/secondary,161471,81709,79762,31181,25798,5383,7843,4875,2968,2463,1624,839,122447,51036,71411,5567,2348,3219
B0103,29,803207,Gulbarga (M Corp.+OG),Urban,Matric/secondary but below graduate,133710,71725,61985,43386,37516,5870,8763,5941,2822,3505,2367,1138,81561,28268,53293,11743,5292,6451
B0103,29,803207,Gulbarga (M Corp.+OG),Urban,Technical diploma or certificate not equal to degree,10446,7700,2746,5460,4282,1178,784,615,169,345,279,66,4202,2803,1399,972,754,218
B0103,29,803207,Gulbarga (M Corp.+OG),Urban,Graduate and above other than technical degree,42974,27133,15841,22170,18148,4022,3194,2246,948,1278,861,417,17610,6739,10871,3633,1743,1890
B0103,29,803207,Gulbarga (M Corp.+OG),Urban,Technical degree or diploma equal to degree or post-graduate degree,22065,13198,8867,10197,7426,2771,1720,1104,616,804,515,289,10148,4668,5480,2616,1352,1264
B0103,29,803221,Kolar (CMC),Urban,Total,138462,69910,68552,45985,33969,12016,7792,4928,2864,2405,1587,818,84685,31013,53672,6128,2333,3795
B0103,29,803221,Kolar (CMC),Urban,Illiterate,35508,15887,19621,7548,4615,2933,1875,971,904,607,377,230,26085,10301,15784,476,99,377
B0103,29,803221,Kolar (CMC),Urban,Literate,102954,54023,48931,38437,29354,9083,5917,3957,1960,1798,1210,588,58600,20712,37888,5652,2234,3418
B0103,29,803221,Kolar (CMC),Urban,Literate but below matric/secondary,51420,26003,25417,15701,11909,3792,2930,1887,1043,889,589,300,32789,12207,20582,1704,580,1124
B0103,29,803221,Kolar (CMC),Urban,Matric/secondary but below graduate,30916,16272,14644,11670,9446,2224,1696,1225,471,561,403,158,17550,5601,11949,2461,989,1472
B0103,29,803221,Kolar (CMC),Urban,Technical diploma or certificate not equal to degree,2484,1388,1096,1444,892,552,108,66,42,31,20,11,932,430,502,198,109,89
B0103,29,803221,Kolar (CMC),Urban,Graduate and above other than technical degree,8445,5279,3166,4957,3835,1122,452,314,138,126,82,44,3036,1130,1906,597,279,318
B0103,29,803221,Kolar (CMC),Urban,Technical degree or diploma equal to degree or post-graduate degree,3063,1728,1335,1692,1072,620,160,87,73,45,17,28,1211,569,642,358,162,196
B0103,29,803224,Robertson Pet (CMC+OG),Urban,Total,162230,80375,81855,45715,37507,8208,5677,4001,1676,2060,1565,495,110838,38867,71971,9471,4385,5086
B0103,29,803224,Robertson Pet (CMC+OG),Urban,Illiterate,29057,11871,17186,3021,1972,1049,611,285,326,112,62,50,25425,9614,15811,357,109,248
B0103,29,803224,Robertson Pet (CMC+OG),Urban,Literate,133173,68504,64669,42694,35535,7159,5066,3716,1350,1948,1503,445,85413,29253,56160,9114,4276,4838
B0103,29,803224,Robertson Pet (CMC+OG),Urban,Literate but below matric/secondary,50932,24679,26253,10595,8989,1606,1749,1258,491,498,396,102,38588,14432,24156,1780,742,1038
B0103,29,803224,Robertson Pet (CMC+OG),Urban,Matric/secondary but below graduate,54166,27308,26858,18482,15865,2617,2157,1656,501,911,729,182,33527,9787,23740,4630,2113,2517
B0103,29,803224,Robertson Pet (CMC+OG),Urban,Technical diploma or certificate not equal to degree,8411,6458,1953,4630,4010,620,396,340,56,218,191,27,3385,2108,1277,957,715,242
B0103,29,803224,Robertson Pet (CMC+OG),Urban,Graduate and above other than technical degree,9451,4701,4750,4529,3285,1244,354,215,139,173,98,75,4568,1201,3367,902,287,615
B0103,29,803224,Robertson Pet (CMC+OG),Urban,Technical degree or diploma equal to degree or post-graduate degree,3949,2329,1620,2169,1548,621,161,86,75,74,33,41,1619,695,924,471,225,246
B0103,32,803256,Kanhangad (M+OG),Urban,Total,125564,58564,67000,35885,25737,10148,6525,3802,2723,3093,1917,1176,83154,29025,54129,15858,4667,11191
B0103,32,803256,Kanhangad (M+OG),Urban,Illiterate,22705,9386,13319,1756,755,1001,470,135,335,92,28,64,20479,8496,11983,221,59,162
B0103,32,803256,Kanhangad (M+OG),Urban,Literate,102859,49178,53681,34129,24982,9147,6055,3667,2388,3001,1889,1112,62675,20529,42146,15637,4608,11029
B0103,32,803256,Kanhangad (M+OG),Urban,Literate but below matric/secondary,54849,26317,28532,16381,11847,4534,3152,1888,1264,1213,812,401,35316,12582,22734,3808,1134,2674
B0103,32,803256,Kanhangad (M+OG),Urban,Matric/secondary but below graduate,34192,16382,17810,11575,9146,2429,2162,1392,770,1324,850,474,20455,5844,14611,8359,2476,5883
B0103,32,803256,Kanhangad (M+OG),Urban,Technical diploma or certificate not equal to degree,2110,1211,899,923,611,312,117,74,43,91,59,32,1070,526,544,591,278,313
B0103,32,803256,Kanhangad (M+OG),Urban,Graduate and above other than technical degree,6548,3004,3544,3020,2030,990,346,180,166,233,101,132,3182,794,2388,1946,415,1531
B0103,32,803256,Kanhangad (M+OG),Urban,Technical degree or diploma equal to degree or post-graduate degree,1785,841,944,968,515,453,86,34,52,65,22,43,731,292,439,509,191,318
B0103,32,803267,Kozhikode (M Corp.+OG),Urban,Total,550440,262939,287501,155624,127478,28146,18528,11552,6976,10122,6203,3919,376288,123909,252379,62071,15814,46257
B0103,32,803267,Kozhikode (M Corp.+OG),Urban,Illiterate,74960,34288,40672,2606,1914,692,654,332,322,224,120,104,71700,32042,39658,853,240,613
B0103,32,803267,Kozhikode (M Corp.+OG),Urban,Literate,475480,228651,246829,153018,125564,27454,17874,11220,6654,9898,6083,3815,304588,91867,212721,61218,15574,45644
B0103,32,803267,Kozhikode (M Corp.+OG),Urban,Literate but below matric/secondary,227065,111614,115451,56841,51479,5362,8258,5669,2589,3863,2641,1222,161966,54466,107500,15733,3611,12122
B0103,32,803267,Kozhikode (M Corp.+OG),Urban,Matric/secondary but below graduate,154762,73329,81433,51968,44674,7294,6043,3844,2199,3744,2405,1339,96751,24811,71940,28188,7589,20599
B0103,32,803267,Kozhikode (M Corp.+OG),Urban,Technical diploma or certificate not equal to degree,13463,7656,5807,6485,4503,1982,593,345,248,407,223,184,6385,2808,3577,2545,1033,1512
B0103,32,803267,Kozhikode (M Corp.+OG),Urban,Graduate and above other than technical degree,48865,21833,27032,23858,15734,8124,1704,679,1025,1166,449,717,23303,5420,17883,9960,1952,8008
B0103,32,803267,Kozhikode (M Corp.+OG),Urban,Technical degree or diploma equal to degree or post-graduate degree,12360,5868,6492,6982,3793,3189,454,190,264,316,124,192,4924,1885,3039,2492,901,1591
B0103,32,803269,Malappuram (M+OG),Urban,Total,101386,48957,52429,22442,19732,2710,3037,2209,828,1959,1444,515,75907,27016,48891,10834,3817,7017
B0103,32,803269,Malappuram (M+OG),Urban,Illiterate,17862,8480,9382,385,267,118,105,53,52,34,16,18,17372,8160,9212,142,61,81
B0103,32,803269,Malappuram (M+OG),Urban,Literate,83524,40477,43047,22057,19465,2592,2932,2156,776,1925,1428,497,58535,18856,39679,10692,3756,6936
B0103,32,803269,Malappuram (M+OG),Urban,Literate but below matric/secondary,48980,23096,25884,10252,9502,750,1609,1213,396,898,681,217,37119,12381,24738,3424,1022,2402
B0103,32,803269,Malappuram (M+OG),Urban,Matric/secondary but below graduate,25567,12591,12976,7613,7007,606,914,710,204,714,568,146,17040,4874,12166,5206,1913,3293
B0103,32,803269,Malappuram (M+OG),Urban,Technical diploma or certificate not equal to degree,1533,875,658,760,485,275,70,36,34,52,27,25,703,354,349,366,184,182
B0103,32,803269,Malappuram (M+OG),Urban,Graduate and above other than technical degree,4247,2359,1888,2133,1542,591,204,126,78,166,104,62,1910,691,1219,1089,406,683
B0103,32,803269,Malappuram (M+OG),Urban,Technical degree or diploma equal to degree or post-graduate degree,1330,685,645,699,408,291,58,24,34,45,20,25,573,253,320,355,159,196
B0103,32,803275,Palakkad (M),Urban,Total,130955,63833,67122,41011,32268,8743,4685,2720,1965,2544,1588,956,85259,28845,56414,11754,3810,7944
B0103,32,803275,Palakkad (M),Urban,Illiterate,19418,8214,11204,2045,993,1052,527,171,356,167,73,94,16846,7050,9796,246,64,182
B0103,32,803275,Palakkad (M),Urban,Literate,111537,55619,55918,38966,31275,7691,4158,2549,1609,2377,1515,862,68413,21795,46618,11508,3746,7762
B0103,32,803275,Palakkad (M),Urban,Literate but below matric/secondary,50133,25538,24595,14875,12840,2035,1979,1300,679,989,700,289,33279,11398,21881,2727,863,1864
B0103,32,803275,Palakkad (M),Urban,Matric/secondary but below graduate,36655,17432,19223,12047,10215,1832,1366,852,514,859,560,299,23242,6365,16877,5103,1730,3373
B0103,32,803275,Palakkad (M),Urban,Technical diploma or certificate not equal to degree,3095,2005,1090,1598,1202,396,107,63,44,81,46,35,1390,740,650,443,244,199
B0103,32,803275,Palakkad (M),Urban,Graduate and above other than technical degree,13497,6683,6814,6565,4433,2132,386,155,231,256,98,158,6546,2095,4451,2133,526,1607
B0103,32,803275,Palakkad (M),Urban,Technical degree or diploma equal to degree or post-graduate degree,3330,1753,1577,1894,1114,780,104,49,55,78,39,39,1332,590,742,636,273,363
B0103,32,803280,Thrissur (M Corp.),Urban,Total,315957,152296,163661,104484,77028,27456,8621,4486,4135,3478,1767,1711,202852,70782,132070,27772,8465,19307
B0103,32,803280,Thrissur (M Corp.),Urban,Illiterate,34896,16148,18748,2006,1080,926,362,139,223,64,32,32,32528,14929,17599,278,86,192
B0103,32,803280,Thrissur (M Corp.),Urban,Literate,281061,136148,144913,102478,75948,26530,8259,4347,3912,3414,1735,1679,170324,55853,114471,27494,8379,19115
B0103,32,803280,Thrissur (M Corp.),Urban,Literate but below matric/secondary,104346,52773,51573,28745,23035,5710,2947,1795,1152,883,546,337,72654,27943,44711,4206,1407,2799
B0103,32,803280,Thrissur (M Corp.),Urban,Matric/secondary but below graduate,94563,45002,49561,34260,27402,6858,2718,1377,1341,1295,652,643,57585,16223,41362,11891,3682,8209
B0103,32,803280,Thrissur (M Corp.),Urban,Technical diploma or certificate not equal to degree,10708,5985,4723,5332,3693,1639,319,186,133,168,100,68,5057,2106,2951,1410,640,770
B0103,32,803280,Thrissur (M Corp.),Urban,Graduate and above other than technical degree,42025,18842,23183,20595,13263,7332,1185,485,700,610,227,383,20245,5094,15151,6330,1387,4943
B0103,32,803280,Thrissur (M Corp.),Urban,Technical degree or diploma equal to degree or post-graduate degree,11510,5550,5960,6297,3414,2883,368,148,220,213,92,121,4845,1988,2857,2073,853,1220
B0103,32,803288,Kochi (M Corp.+OG),Urban,Total,633553,312358,321195,220083,167234,52849,20708,11173,9535,10230,5604,4626,392762,133951,258811,53681,15522,38159
B0103,32,803288,Kochi (M Corp.+OG),Urban,Illiterate,73400,34668,38732,3645,2165,1480,668,312,356,194,107,87,69087,32191,36896,615,202,413
B0103,32,803288,Kochi (M Corp.+OG),Urban,Literate,560153,277690,282463,216438,165069,51369,20040,10861,9179,10036,5497,4539,323675,101760,221915,53066,15320,37746
B0103,32,803288,Kochi (M Corp.+OG),Urban,Literate but below matric/secondary,222379,111769,110610,62679,52452,10227,7852,4740,3112,3254,2057,1197,151848,54577,97271,10266,2759,7507
B0103,32,803288,Kochi (M Corp.+OG),Urban,Matric/secondary but below graduate,181942,89754,92188,70370,57472,12898,6746,3682,3064,3661,2056,1605,104826,28600,76226,22717,7060,15657
B0103,32,803288,Kochi (M Corp.+OG),Urban,Technical diploma or certificate not equal to degree,19788,12339,7449,11424,8706,2718,712,422,290,411,241,170,7652,3211,4441,2115,919,1196
B0103,32,803288,Kochi (M Corp.+OG),Urban,Graduate and above other than technical degree,92658,42461,50197,49705,32131,17574,2771,1051,1720,1645,603,1042,40182,9279,30903,12430,2614,9816
B0103,32,803288,Kochi (M Corp.+OG),Urban,Technical degree or diploma equal to degree or post-graduate degree,23115,12077,11038,14170,8540,5630,810,336,474,526,216,310,8135,3201,4934,3565,1412,2153
B0103,32,803299,Alappuzha (M+OG),Urban,Total,240991,116439,124552,71038,55133,15905,14227,7150,7077,7453,3788,3665,155726,54156,101570,32330,8849,23481
B0103,32,803299,Alappuzha (M+OG),Urban,Illiterate,31790,14512,17278,1929,1240,689,659,231,428,182,63,119,29202,13041,16161,524,129,395
B0103,32,803299,Alappuzha (M+OG),Urban,Literate,209201,101927,107274,69109,53893,15216,13568,6919,6649,7271,3725,3546,126524,41115,85409,31806,8720,23086
B0103,32,803299,Alappuzha (M+OG),Urban,Literate but below matric/secondary,102543,50779,51764,28739,23455,5284,6687,3393,3294,2937,1498,1439,67117,23931,43186,7959,1898,6061
B0103,32,803299,Alappuzha (M+OG),Urban,Matric/secondary but below graduate,62973,30325,32648,20994,17255,3739,4076,2150,1926,2562,1368,1194,37903,10920,26983,14430,4205,10225
B0103,32,803299,Alappuzha (M+OG),Urban,Technical diploma or certificate not equal to degree,8158,4887,3271,3852,2930,922,607,387,220,467,297,170,3699,1570,2129,1872,813,1059
B0103,32,803299,Alappuzha (M+OG),Urban,Graduate and above other than technical degree,18346,8192,10154,8559,5492,3067,933,367,566,673,243,430,8854,2333,6521,4508,1009,3499
B0103,32,803299,Alappuzha (M+OG),Urban,Technical degree or diploma equal to degree or post-graduate degree,3917,1708,2209,2003,973,1030,192,91,101,134,65,69,1722,644,1078,999,354,645
B0103,32,803306,Kollam (M Corp.+OG),Urban,Total,367107,177072,190035,108764,82167,26597,17746,10814,6932,8731,5197,3534,240597,84091,156506,48398,14069,34329
B0103,32,803306,Kollam (M Corp.+OG),Urban,Illiterate,54258,24628,29630,5537,3456,2081,975,425,550,239,121,118,47746,20747,26999,1065,313,752
B0103,32,803306,Kollam (M Corp.+OG),Urban,Literate,312849,152444,160405,103227,78711,24516,16771,10389,6382,8492,5076,3416,192851,63344,129507,47333,13756,33577
B0103,32,803306,Kollam (M Corp.+OG),Urban,Literate but below matric/secondary,145161,73006,72155,42046,33663,8383,7280,4632,2648,2933,1871,1062,95835,34711,61124,10698,2779,7919
B0103,32,803306,Kollam (M Corp.+OG),Urban,Matric/secondary but below graduate,94178,45471,48707,29728,24458,5270,5654,3694,1960,3274,2036,1238,58796,17319,41477,20530,6288,14242
B0103,32,803306,Kollam (M Corp.+OG),Urban,Technical diploma or certificate not equal to degree,10551,6285,4266,4635,3361,1274,628,399,229,432,268,164,5288,2525,2763,2671,1246,1425
B0103,32,803306,Kollam (M Corp.+OG),Urban,Graduate and above other than technical degree,31039,13701,17338,13941,8851,5090,1385,646,739,906,387,519,15713,4204,11509,7770,1765,6005
B0103,32,803306,Kollam (M Corp.+OG),Urban,Technical degree or diploma equal to degree or post-graduate degree,8482,4007,4475,4451,2351,2100,332,156,176,212,95,117,3699,1500,2199,2181,851,1330
B0103,32,803312,Thiruvananthapuram (M Corp.+OG),Urban,Total,788271,384004,404267,244811,179987,64824,40424,24600,15824,22140,12884,9256,503036,179417,323619,102488,31717,70771
B0103,32,803312,Thiruvananthapuram (M Corp.+OG),Urban,Illiterate,107057,48675,58382,10582,7073,3509,2741,1341,1400,871,396,475,93734,40261,53473,2641,670,1971
B0103,32,803312,Thiruvananthapuram (M Corp.+OG),Urban,Literate,681214,335329,345885,234229,172914,61315,37683,23259,14424,21269,12488,8781,409302,139156,270146,99847,31047,68800
B0103,32,803312,Thiruvananthapuram (M Corp.+OG),Urban,Literate but below matric/secondary,244182,120851,123331,58434,48532,9902,12833,8531,4302,5926,3885,2041,172915,63788,109127,19703,5679,14024
B0103,32,803312,Thiruvananthapuram (M Corp.+OG),Urban,Matric/secondary but below graduate,217601,106708,110893,68582,56293,12289,13765,8951,4814,8484,5306,3178,135254,41464,93790,44258,14809,29449
B0103,32,803312,Thiruvananthapuram (M Corp.+OG),Urban,Technical diploma or certificate not equal to degree,24255,14470,9785,11634,8377,3257,1439,872,567,987,569,418,11182,5221,5961,4251,1745,2506
B0103,32,803312,Thiruvananthapuram (M Corp.+OG),Urban,Graduate and above other than technical degree,113663,53643,60020,56485,35140,21345,5272,2471,2801,3352,1403,1949,51906,16032,35874,18980,4587,14393
B0103,32,803312,Thiruvananthapuram (M Corp.+OG),Urban,Technical degree or diploma equal to degree or post-graduate degree,37594,19116,18478,22101,12378,9723,1642,793,849,1122,512,610,13851,5945,7906,6832,2622,4210
B0103,33,636738,Neyveli (TS) (CT),Urban,Total,105731,53409,52322,32389,27143,5246,1965,1347,618,731,549,182,71377,24919,46458,5992,2723,3269
B0103,33,636738,Neyveli (TS) (CT),Urban,Illiterate,16499,6083,10416,2184,1385,799,405,178,227,94,55,39,13910,4520,9390,211,44,167
B0103,33,636738,Neyveli (TS) (CT),Urban,Literate,89232,47326,41906,30205,25758,4447,1560,1169,391,637,494,143,57467,20399,37068,5781,2679,3102
B0103,33,636738,Neyveli (TS) (CT),Urban,Literate but below matric/secondary,31400,14960,16440,5394,4853,541,650,503,147,218,191,27,25356,9604,15752,668,265,403
B0103,33,636738,Neyveli (TS) (CT),Urban,Matric/secondary but below graduate,29045,14910,14135,8596,7957,639,407,310,97,157,121,36,20042,6643,13399,1541,712,829
B0103,33,636738,Neyveli (TS) (CT),Urban,Technical diploma or certificate not equal to degree,7739,6531,1208,5451,5106,345,178,158,20,104,90,14,2110,1267,843,761,536,225
B0103,33,636738,Neyveli (TS) (CT),Urban,Graduate and above other than technical degree,10368,4396,5972,5215,3455,1760,117,60,57,60,27,33,5036,881,4155,1288,339,949
B0103,33,636738,Neyveli (TS) (CT),Urban,Technical degree or diploma equal to degree or post-graduate degree,8139,5320,2819,4573,3565,1008,151,100,51,80,54,26,3415,1655,1760,1358,763,595
B0103,33,803323,Avadi (M),Urban,Total,345996,175658,170338,114339,92730,21609,12813,8068,4745,5228,3366,1862,218844,74860,143984,20924,8157,12767
B0103,33,803323,Avadi (M),Urban,Illiterate,63117,25951,37166,6929,4220,2709,1628,702,926,383,186,197,54560,21029,33531,1054,228,826
B0103,33,803323,Avadi (M),Urban,Literate,282879,149707,133172,107410,88510,18900,11185,7366,3819,4845,3180,1665,164284,53831,110453,19870,7929,11941
B0103,33,803323,Avadi (M),Urban,Literate but below matric/secondary,107037,51176,55861,26001,21630,4371,4060,2749,1311,1333,965,368,76976,26797,50179,4109,1317,2792
B0103,33,803323,Avadi (M),Urban,Matric/secondary but below graduate,99423,54028,45395,38563,33488,5075,3783,2576,1207,1778,1191,587,57077,17964,39113,8321,3476,4845
B0103,33,803323,Avadi (M),Urban,Technical diploma or certificate not equal to degree,14411,11629,2782,9632,8777,855,614,500,114,326,263,63,4165,2352,1813,1200,790,410
B0103,33,803323,Avadi (M),Urban,Graduate and above other than technical degree,37302,19013,18289,20772,15177,5595,1355,706,649,697,319,378,15175,3130,12045,3610,1032,2578
B0103,33,803323,Avadi (M),Urban,Technical degree or diploma equal to degree or post-graduate degree,14345,8729,5616,8434,6190,2244,688,416,272,401,233,168,5223,2123,3100,1937,1009,928
B0103,33,803328,Ambattur (M),Urban,Total,466205,234923,231282,164089,126516,37573,20301,11400,8901,8368,4480,3888,281815,97007,184808,32611,10832,21779
B0103,33,803328,Ambattur (M),Urban,Illiterate,81067,34453,46614,10482,5841,4641,1989,795,1194,650,255,395,68596,27817,40779,1916,401,1515
B0103,33,803328,Ambattur (M),Urban,Literate,385138,200470,184668,153607,120675,32932,18312,10605,7707,7718,4225,3493,213219,69190,144029,30695,10431,20264
B0103,33,803328,Ambattur (M),Urban,Literate but below matric/secondary,132190,63678,68512,34305,27336,6969,5557,3159,2398,2011,1110,901,92328,33183,59145,6541,1986,4555
B0103,33,803328,Ambattur (M),Urban,Matric/secondary but below graduate,124096,63867,60229,45172,37580,7592,5811,3404,2407,2640,1448,1192,73113,22883,50230,13009,5000,8009
B0103,33,803328,Ambattur (M),Urban,Technical diploma or certificate not equal to degree,16524,13457,3067,11700,10607,1093,809,672,137,356,282,74,4015,2178,1837,961,534,427
B0103,33,803328,Ambattur (M),Urban,Graduate and above other than technical degree,67207,33547,33660,37508,26727,10781,3266,1615,1651,1428,600,828,26433,5205,21228,6124,1254,4870
B0103,33,803328,Ambattur (M),Urban,Technical degree or diploma equal to degree or post-graduate degree,29979,18677,11302,19074,14055,5019,1749,1078,671,863,532,331,9156,3544,5612,3036,1329,1707
B0103,33,803333,Tiruvottiyur (M),Urban,Total,249446,125300,124146,81050,66591,14459,12950,8063,4887,4385,2832,1553,155446,50646,104800,14429,5242,9187
B0103,33,803333,Tiruvottiyur (M),Urban,Illiterate,52300,22266,30034,8192,5557,2635,1683,759,924,376,194,182,42425,15950,26475,969,196,773
B0103,33,803333,Tiruvottiyur (M),Urban,Literate,197146,103034,94112,72858,61034,11824,11267,7304,3963,4009,2638,1371,113021,34696,78325,13460,5046,8414
B0103,33,803333,Tiruvottiyur (M),Urban,Literate but below matric/secondary,86613,42448,44165,24486,20658,3828,4526,2859,1667,1347,875,472,57601,18931,38670,3356,1019,2337
B0103,33,803333,Tiruvottiyur (M),Urban,Matric/secondary but below graduate,63628,34156,29472,24420,21337,3083,3772,2562,1210,1498,1000,498,35436,10257,25179,5683,2355,3328
B0103,33,803333,Tiruvottiyur (M),Urban,Technical diploma or certificate not equal to degree,6865,5804,1061,4364,4032,332,509,450,59,248,226,22,1992,1322,670,593,443,150
B0103,33,803333,Tiruvottiyur (M),Urban,Graduate and above other than technical degree,19406,9620,9786,10087,7509,2578,1113,622,491,471,256,215,8206,1489,6717,1877,513,1364
B0103,33,803333,Tiruvottiyur (M),Urban,Technical degree or diploma equal to degree or post-graduate degree,6375,3873,2502,3642,2688,954,414,253,161,217,138,79,2319,932,1387,729,386,343
B0103,33,803337,Madavaram (M),Urban,Total,119105,59887,59218,38017,30870,7147,5368,3592,1776,1895,1449,446,75720,25425,50295,5180,2140,3040
B0103,33,803337,Madavaram (M),Urban,Illiterate,23093,9539,13554,2646,1570,1076,701,382,319,199,146,53,19746,7587,12159,308,67,241
B0103,33,803337,Madavaram (M),Urban,Literate,96012,50348,45664,35371,29300,6071,4667,3210,1457,1696,1303,393,55974,17838,38136,4872,2073,2799
B0103,33,803337,Madavaram (M),Urban,Literate but below matric/secondary,36829,17980,18849,9177,7816,1361,1702,1159,543,586,478,108,25950,9005,16945,1058,373,685
B0103,33,803337,Madavaram (M),Urban,Matric/secondary but below graduate,32323,16990,15333,11615,10096,1519,1505,1039,466,542,412,130,19203,5855,13348,2076,932,1144
B0103,33,803337,Madavaram (M),Urban,Technical diploma or certificate not equal to degree,3628,2889,739,2354,2116,238,194,176,18,89,81,8,1080,597,483,210,145,65
B0103,33,803337,Madavaram (M),Urban,Graduate and above other than technical degree,13827,7270,6557,7613,5721,1892,632,380,252,227,142,85,5582,1169,4413,904,318,586
B0103,33,803337,Madavaram (M),Urban,Technical degree or diploma equal to degree or post-graduate degree,4698,2909,1789,2824,2126,698,235,155,80,110,73,37,1639,628,1011,407,222,185
B0103,33,803339,Chennai (M Corp.),Urban,Total,4646732,2335844,2310888,1619554,1256644,362910,197743,112658,85085,72376,41662,30714,2829435,966542,1862893,284725,103948,180777
B0103,33,803339,Chennai (M Corp.),Urban,Illiterate,870456,367765,502691,142382,84986,57396,24095,10253,13842,7259,3509,3750,703979,272526,431453,21842,4724,17118
B0103,33,803339,Chennai (M Corp.),Urban,Literate,3776276,1968079,1808197,1477172,1171658,305514,173648,102405,71243,65117,38153,26964,2125456,694016,1431440,262883,99224,163659
B0103,33,803339,Chennai (M Corp.),Urban,Literate but below matric/secondary,1417825,688700,729125,401236,323124,78112,58850,34384,24466,18740,11402,7338,957739,331192,626547,62690,18851,43839
B0103,33,803339,Chennai (M Corp.),Urban,Matric/secondary but below graduate,1191815,625232,566583,442134,374561,67573,54031,32505,21526,21705,12730,8975,695650,218166,477484,109018,45465,63553
B0103,33,803339,Chennai (M Corp.),Urban,Technical diploma or certificate not equal to degree,82331,62365,19966,52297,45244,7053,3829,2911,918,1728,1288,440,26205,14210,11995,6270,3706,2564
B0103,33,803339,Chennai (M Corp.),Urban,Graduate and above other than technical degree,634878,335177,299701,349852,256997,92855,29241,15652,13589,11764,5803,5961,255785,62528,193257,47436,14249,33187
B0103,33,803339,Chennai (M Corp.),Urban,Technical degree or diploma equal to degree or post-graduate degree,244817,152251,92566,153171,111701,41470,12528,7514,5014,5696,3359,2337,79118,33036,46082,20942,10310,10632
B0103,33,803345,Tambaram (M),Urban,Total,174787,89060,85727,63364,49200,14164,6364,3932,2432,2104,1264,840,105059,35928,69131,8491,3179,5312
B0103,33,803345,Tambaram (M),Urban,Illiterate,29750,12632,17118,3863,2252,1611,710,379,331,161,83,78,25177,10001,15176,323,69,254
B0103,33,803345,Tambaram (M),Urban,Literate,145037,76428,68609,59501,46948,12553,5654,3553,2101,1943,1181,762,79882,25927,53955,8168,3110,5058
B0103,33,803345,Tambaram (M),Urban,Literate but below matric/secondary,50889,24955,25934,13865,11257,2608,2014,1408,606,614,500,114,35010,12290,22720,1457,527,930
B0103,33,803345,Tambaram (M),Urban,Matric/secondary but below graduate,44439,23397,21042,16777,14125,2652,1738,1046,692,616,315,301,25924,8226,17698,3166,1313,1853
B0103,33,803345,Tambaram (M),Urban,Technical diploma or certificate not equal to degree,4566,3496,1070,3072,2663,409,184,143,41,60,47,13,1310,690,620,288,166,122
B0103,33,803345,Tambaram (M),Urban,Graduate and above other than technical degree,23108,12267,10841,13219,9672,3547,801,384,417,337,129,208,9088,2211,6877,1685,461,1224
B0103,33,803345,Tambaram (M),Urban,Technical degree or diploma equal to degree or post-graduate degree,12040,7304,4736,8057,5724,2333,493,293,200,209,119,90,3490,1287,2203,1069,474,595
B0103,33,803351,Alandur (M),Urban,Total,164430,82332,82098,57902,44169,13733,6796,3711,3085,2076,1120,956,99732,34452,65280,6975,2563,4412
B0103,33,803351,Alandur (M),Urban,Illiterate,24287,10603,13684,2367,1370,997,540,211,329,118,47,71,21380,9022,12358,269,51,218
B0103,33,803351,Alandur (M),Urban,Literate,140143,71729,68414,55535,42799,12736,6256,3500,2756,1958,1073,885,78352,25430,52922,6706,2512,4194
B0103,33,803351,Alandur (M),Urban,Literate but below matric/secondary,40307,18488,21819,9165,7354,1811,1667,915,752,440,257,183,29475,10219,19256,1116,359,757
B0103,33,803351,Alandur (M),Urban,Matric/secondary but below graduate,43052,21323,21729,13773,11328,2445,1916,1094,822,612,339,273,27363,8901,18462,2524,1082,1442
B0103,33,803351,Alandur (M),Urban,Technical diploma or certificate not equal to degree,4061,3164,897,2660,2337,323,191,153,38,76,57,19,1210,674,536,170,100,70
B0103,33,803351,Alandur (M),Urban,Graduate and above other than technical degree,31523,16450,15073,17581,12630,4951,1385,703,682,454,191,263,12557,3117,9440,1626,426,1200
B0103,33,803351,Alandur (M),Urban,Technical degree or diploma equal to degree or post-graduate degree,14448,9013,5435,9758,7225,2533,651,382,269,269,163,106,4039,1406,2633,943,412,531
B0103,33,803356,Pallavaram (M+OG),Urban,Total,233984,117405,116579,81908,63664,18244,6955,4276,2679,2428,1503,925,145121,49465,95656,13399,4750,8649
B0103,33,803356,Pallavaram (M+OG),Urban,Illiterate,40051,17052,22999,4785,2805,1980,761,374,387,162,95,67,34505,13873,20632,654,109,545
B0103,33,803356,Pallavaram (M+OG),Urban,Literate,193933,100353,93580,77123,60859,16264,6194,3902,2292,2266,1408,858,110616,35592,75024,12745,4641,8104
B0103,33,803356,Pallavaram (M+OG),Urban,Literate but below matric/secondary,67255,31923,35332,17387,14213,3174,2285,1475,810,645,416,229,47583,16235,31348,2511,773,1738
B0103,33,803356,Pallavaram (M+OG),Urban,Matric/secondary but below graduate,61908,31556,30352,21425,17955,3470,1961,1282,679,743,501,242,38522,12319,26203,4992,2150,2842
B0103,33,803356,Pallavaram (M+OG),Urban,Technical diploma or certificate not equal to degree,6622,5144,1478,4412,3896,516,199,159,40,108,85,23,2011,1089,922,507,286,221
B0103,33,803356,Pallavaram (M+OG),Urban,Graduate and above other than technical degree,34178,17889,16289,19390,14058,5332,946,513,433,432,220,212,13842,3318,10524,2774,660,2114
B0103,33,803356,Pallavaram (M+OG),Urban,Technical degree or diploma equal to degree or post-graduate degree,16325,9983,6342,11229,8155,3074,500,284,216,267,148,119,4596,1544,3052,1482,609,873
B0103,33,803365,Kancheepuram (M),Urban,Total,164384,81992,82392,57110,45407,11703,4457,2820,1637,1353,868,485,102817,33765,69052,8258,3148,5110
B0103,33,803365,Kancheepuram (M),Urban,Illiterate,33681,13391,20290,6134,3566,2568,667,295,372,85,45,40,26880,9530,17350,340,63,277
B0103,33,803365,Kancheepuram (M),Urban,Literate,130703,68601,62102,50976,41841,9135,3790,2525,1265,1268,823,445,75937,24235,51702,7918,3085,4833
B0103,33,803365,Kancheepuram (M),Urban,Literate but below matric/secondary,63403,31305,32098,20913,17052,3861,1747,1131,616,416,289,127,40743,13122,27621,1648,517,1131
B0103,33,803365,Kancheepuram (M),Urban,Matric/secondary but below graduate,38959,20362,18597,14403,12272,2131,1073,734,339,376,233,143,23483,7356,16127,3136,1297,1839
B0103,33,803365,Kancheepuram (M),Urban,Technical diploma or certificate not equal to degree,4300,3417,883,2756,2485,271,136,110,26,71,59,12,1408,822,586,447,289,158
B0103,33,803365,Kancheepuram (M),Urban,Graduate and above other than technical degree,13285,7402,5883,7482,5821,1661,434,270,164,225,119,106,5369,1311,4058,1466,400,1066
B0103,33,803365,Kancheepuram (M),Urban,Technical degree or diploma equal to degree or post-graduate degree,5340,3403,1937,2952,2278,674,186,124,62,115,73,42,2202,1001,1201,897,475,422
B0103,33,803398,Vellore (M Corp.),Urban,Total,185803,91342,94461,64360,49673,14687,5897,3211,2686,1644,1055,589,115546,38458,77088,10394,3987,6407
B0103,33,803398,Vellore (M Corp.),Urban,Illiterate,42461,17004,25457,8468,4665,3803,1002,398,604,214,107,107,32991,11941,21050,694,172,522
B0103,33,803398,Vellore (M Corp.),Urban,Literate,143342,74338,69004,55892,45008,10884,4895,2813,2082,1430,948,482,82555,26517,56038,9700,3815,5885
B0103,33,803398,Vellore (M Corp.),Urban,Literate but below matric/secondary,73245,36896,36349,24491,19916,4575,2154,1324,830,530,365,165,46600,15656,30944,3040,1084,1956
B0103,33,803398,Vellore (M Corp.),Urban,Matric/secondary but below graduate,43300,22759,20541,17307,14572,2735,1565,825,740,467,315,152,24428,7362,17066,3891,1591,2300
B0103,33,803398,Vellore (M Corp.),Urban,Technical diploma or certificate not equal to degree,3728,2182,1546,2194,1467,727,195,105,90,75,59,16,1339,610,729,436,237,199
B0103,33,803398,Vellore (M Corp.),Urban,Graduate and above other than technical degree,11436,6486,4950,6411,4986,1425,376,220,156,159,93,66,4649,1280,3369,1308,432,876
B0103,33,803398,Vellore (M Corp.),Urban,Technical degree or diploma equal to degree or post-graduate degree,4156,2426,1730,2406,1645,761,228,118,110,94,61,33,1522,663,859,560,282,278
B0103,33,803406,Ambur (M),Urban,Total,114608,56382,58226,37075,29064,8011,3579,2155,1424,1135,677,458,73954,25163,48791,5274,2326,2948
B0103,33,803406,Ambur (M),Urban,Illiterate,27410,11535,15875,4840,3017,1823,637,308,329,122,66,56,21933,8210,13723,365,91,274
B0103,33,803406,Ambur (M),Urban,Literate,87198,44847,42351,32235,26047,6188,2942,1847,1095,1013,611,402,52021,16953,35068,4909,2235,2674
B0103,33,803406,Ambur (M),Urban,Literate but below matric/secondary,45086,21936,23150,13798,10907,2891,1387,864,523,398,247,151,29901,10165,19736,1456,589,867
B0103,33,803406,Ambur (M),Urban,Matric/secondary but below graduate,26847,13927,12920,10280,8615,1665,838,536,302,330,203,127,15729,4776,10953,2110,1017,1093
B0103,33,803406,Ambur (M),Urban,Technical diploma or certificate not equal to degree,2612,1664,948,1522,1168,354,110,64,46,58,25,33,980,432,548,313,163,150
B0103,33,803406,Ambur (M),Urban,Graduate and above other than technical degree,5554,3591,1963,3348,2814,534,196,132,64,108,63,45,2010,645,1365,457,190,267
B0103,33,803406,Ambur (M),Urban,Technical degree or diploma equal to degree or post-graduate degree,2259,1485,774,1285,979,306,109,72,37,59,38,21,865,434,431,291,170,121
B0103,33,803422,Tiruvannamalai (M),Urban,Total,145278,72406,72872,46692,37872,8820,4030,2413,1617,1540,950,590,94556,32121,62435,9968,3468,6500
B0103,33,803422,Tiruvannamalai (M),Urban,Illiterate,31413,12456,18957,4457,2682,1775,695,286,409,126,59,67,26261,9488,16773,646,116,530
B0103,33,803422,Tiruvannamalai (M),Urban,Literate,113865,59950,53915,42235,35190,7045,3335,2127,1208,1414,891,523,68295,22633,45662,9322,3352,5970
B0103,33,803422,Tiruvannamalai (M),Urban,Literate but below matric/secondary,52568,25832,26736,15102,12957,2145,1345,830,515,402,274,128,36121,12045,24076,2156,585,1571
B0103,33,803422,Tiruvannamalai (M),Urban,Matric/secondary but below graduate,36410,19612,16798,13608,11956,1652,1063,700,363,476,294,182,21739,6956,14783,3747,1413,2334
B0103,33,803422,Tiruvannamalai (M),Urban,Technical diploma or certificate not equal to degree,3945,2664,1281,2250,1832,418,165,109,56,108,69,39,1530,723,807,620,296,324
B0103,33,803422,Tiruvannamalai (M),Urban,Graduate and above other than technical degree,11325,6439,4886,6624,4935,1689,381,236,145,234,130,104,4320,1268,3052,1521,478,1043
B0103,33,803422,Tiruvannamalai (M),Urban,Technical degree or diploma equal to degree or post-graduate degree,5177,3216,1961,2807,2021,786,179,122,57,126,83,43,2191,1073,1118,922,478,444
B0103,33,803463,Salem (M Corp.),Urban,Total,829267,417317,411950,316128,241200,74928,16019,8906,7113,4112,2506,1606,497120,167211,329909,29525,11308,18217
B0103,33,803463,Salem (M Corp.),Urban,Illiterate,195953,80895,115058,53127,30524,22603,3827,1559,2268,637,286,351,138999,48812,90187,1792,389,1403
B0103,33,803463,Salem (M Corp.),Urban,Literate,633314,336422,296892,263001,210676,52325,12192,7347,4845,3475,2220,1255,358121,118399,239722,27733,10919,16814
B0103,33,803463,Salem (M Corp.),Urban,Literate but below matric/secondary,299597,154142,145455,108602,86646,21956,5393,3124,2269,1223,812,411,185602,64372,121230,5749,1943,3806
B0103,33,803463,Salem (M Corp.),Urban,Matric/secondary but below graduate,183025,94714,88311,69516,58300,11216,3165,1898,1267,877,565,312,110344,34516,75828,10360,4174,6186
B0103,33,803463,Salem (M Corp.),Urban,Technical diploma or certificate not equal to degree,18080,13174,4906,11356,9660,1696,410,319,91,198,148,50,6314,3195,3119,1477,804,673
B0103,33,803463,Salem (M Corp.),Urban,Graduate and above other than technical degree,64899,36431,28468,37950,28961,8989,1318,799,519,559,309,250,25631,6671,18960,5124,1602,3522
B0103,33,803463,Salem (M Corp.),Urban,Technical degree or diploma equal to degree or post-graduate degree,28398,17894,10504,16280,12090,4190,682,439,243,348,221,127,11436,5365,6071,3430,1829,1601
B0103,33,803542,Erode (M Corp.),Urban,Total,157101,78222,78879,63675,47797,15878,2460,1213,1247,489,292,197,90966,29212,61754,5445,1943,3502
B0103,33,803542,Erode (M Corp.),Urban,Illiterate,31287,12357,18930,7493,3596,3897,461,130,331,60,18,42,23333,8631,14702,298,71,227
B0103,33,803542,Erode (M Corp.),Urban,Literate,125814,65865,59949,56182,44201,11981,1999,1083,916,429,274,155,67633,20581,47052,5147,1872,3275
B0103,33,803542,Erode (M Corp.),Urban,Literate but below matric/secondary,58240,29231,29009,22306,17300,5006,897,451,446,163,107,56,35037,11480,23557,1231,388,843
B0103,33,803542,Erode (M Corp.),Urban,Matric/secondary but below graduate,39359,20512,18847,17034,13956,3078,565,302,263,120,76,44,21760,6254,15506,1958,740,1218
B0103,33,803542,Erode (M Corp.),Urban,Technical diploma or certificate not equal to degree,3592,2632,960,2513,2111,402,60,42,18,24,16,8,1019,479,540,219,114,105
B0103,33,803542,Erode (M Corp.),Urban,Graduate and above other than technical degree,14247,7826,6421,8559,6621,1938,222,128,94,63,37,26,5466,1077,4389,965,260,705
B0103,33,803542,Erode (M Corp.),Urban,Technical degree or diploma equal to degree or post-graduate degree,5368,3288,2080,3278,2387,891,117,79,38,40,26,14,1973,822,1151,583,319,264
B0103,33,803589,Dindigul (M),Urban,Total,207327,103027,104300,74244,57459,16785,3569,2020,1549,952,589,363,129514,43548,85966,8110,3148,4962
B0103,33,803589,Dindigul (M),Urban,Illiterate,37957,15512,22445,6698,3571,3127,449,171,278,40,17,23,30810,11770,19040,337,78,259
B0103,33,803589,Dindigul (M),Urban,Literate,169370,87515,81855,67546,53888,13658,3120,1849,1271,912,572,340,98704,31778,66926,7773,3070,4703
B0103,33,803589,Dindigul (M),Urban,Literate but below matric/secondary,83810,41989,41821,28987,23202,5785,1413,851,562,273,188,85,53410,17936,35474,1744,566,1178
B0103,33,803589,Dindigul (M),Urban,Matric/secondary but below graduate,49893,25820,24073,18886,16171,2715,892,544,348,283,182,101,30115,9105,21010,2636,1133,1503
B0103,33,803589,Dindigul (M),Urban,Technical diploma or certificate not equal to degree,6551,4260,2291,4013,3122,891,154,94,60,93,53,40,2384,1044,1340,720,340,380
B0103,33,803589,Dindigul (M),Urban,Graduate and above other than technical degree,16190,8495,7695,9035,6633,2402,337,172,165,148,70,78,6818,1690,5128,1458,471,987
B0103,33,803589,Dindigul (M),Urban,Technical degree or diploma equal to degree or post-graduate degree,7137,4165,2972,4020,2782,1238,167,95,72,83,54,29,2950,1288,1662,955,457,498
B0103,33,803631,Tiruchirappalli (M Corp.),Urban,Total,847387,418400,428987,278036,222159,55877,24406,15011,9395,7442,4757,2685,544945,181230,363715,40722,16338,24384
B0103,33,803631,Tiruchirappalli (M Corp.),Urban,Illiterate,145928,60124,85804,22180,12150,10030,3107,1328,1779,441,213,228,120641,46646,73995,1451,377,1074
B0103,33,803631,Tiruchirappalli (M Corp.),Urban,Literate,701459,358276,343183,255856,210009,45847,21299,13683,7616,7001,4544,2457,424304,134584,289720,39271,15961,23310
B0103,33,803631,Tiruchirappalli (M Corp.),Urban,Literate but below matric/secondary,302698,146476,156222,88469,73476,14993,9181,5911,3270,2064,1471,593,205048,67089,137959,7878,2706,5172
B0103,33,803631,Tiruchirappalli (M Corp.),Urban,Matric/secondary but below graduate,223139,111646,111493,75077,65033,10044,6223,4079,2144,2132,1386,746,141839,42534,99305,14214,6016,8198
B0103,33,803631,Tiruchirappalli (M Corp.),Urban,Technical diploma or certificate not equal to degree,25649,19524,6125,15472,13500,1972,1075,875,200,568,450,118,9102,5149,3953,2666,1727,939
B0103,33,803631,Tiruchirappalli (M Corp.),Urban,Graduate and above other than technical degree,88632,46808,41824,46856,35322,11534,2493,1400,1093,1204,621,583,39283,10086,29197,8198,2512,5686
B0103,33,803631,Tiruchirappalli (M Corp.),Urban,Technical degree or diploma equal to degree or post-graduate degree,34697,21179,13518,18895,14038,4857,1230,751,479,706,417,289,14572,6390,8182,4757,2415,2342
B0103,33,803650,Cuddalore (M),Urban,Total,173636,85700,87936,52218,42120,10098,9897,5927,3970,4316,2605,1711,111521,37653,73868,15014,5117,9897
B0103,33,803650,Cuddalore (M),Urban,Illiterate,36605,14751,21854,5834,3623,2211,1796,760,1036,563,266,297,28975,10368,18607,1067,149,918
B0103,33,803650,Cuddalore (M),Urban,Literate,137031,70949,66082,46384,38497,7887,8101,5167,2934,3753,2339,1414,82546,27285,55261,13947,4968,8979
B0103,33,803650,Cuddalore (M),Urban,Literate but below matric/secondary,60585,29664,30921,15640,13486,2154,3360,2173,1187,1194,795,399,41585,14005,27580,3316,888,2428
B0103,33,803650,Cuddalore (M),Urban,Matric/secondary but below graduate,41912,21742,20170,13685,11899,1786,2439,1589,850,1185,748,437,25788,8254,17534,5404,2025,3379
B0103,33,803650,Cuddalore (M),Urban,Technical diploma or certificate not equal to degree,5471,4165,1306,3107,2706,401,376,297,79,243,185,58,1988,1162,826,866,543,323
B0103,33,803650,Cuddalore (M),Urban,Graduate and above other than technical degree,14879,7951,6928,7887,5902,1985,815,445,370,476,244,232,6177,1604,4573,2215,618,1597
B0103,33,803650,Cuddalore (M),Urban,Technical degree or diploma equal to degree or post-graduate degree,6693,4071,2622,3474,2534,940,443,257,186,318,178,140,2776,1280,1496,1267,633,634
B0103,33,803674,Nagapattinam (M),Urban,Total,102905,50793,52112,31009,25814,5195,2523,1729,794,986,752,234,69373,23250,46123,4975,2147,2828
B0103,33,803674,Nagapattinam (M),Urban,Illiterate,21874,8918,12956,3315,1805,1510,385,143,242,52,29,23,18174,6970,11204,150,40,110
B0103,33,803674,Nagapattinam (M),Urban,Literate,81031,41875,39156,27694,24009,3685,2138,1586,552,934,723,211,51199,16280,34919,4825,2107,2718
B0103,33,803674,Nagapattinam (M),Urban,Literate but below matric/secondary,43791,20697,23094,12038,10546,1492,1068,802,266,386,326,60,30685,9349,21336,1120,400,720
B0103,33,803674,Nagapattinam (M),Urban,Matric/secondary but below graduate,21953,11911,10042,7858,7148,710,503,369,134,235,166,69,13592,4394,9198,1686,758,928
B0103,33,803674,Nagapattinam (M),Urban,Technical diploma or certificate not equal to degree,3462,2729,733,1938,1722,216,164,138,26,111,91,20,1360,869,491,503,327,176
B0103,33,803674,Nagapattinam (M),Urban,Graduate and above other than technical degree,6108,3357,2751,3389,2585,804,186,128,58,111,75,36,2533,644,1889,810,240,570
B0103,33,803674,Nagapattinam (M),Urban,Technical degree or diploma equal to degree or post-graduate degree,2361,1543,818,1185,923,262,77,53,24,57,39,18,1099,567,532,495,276,219
B0103,33,803697,Kumbakonam (M),Urban,Total,140156,69340,70816,46355,37865,8490,2889,1860,1029,963,672,291,90912,29615,61297,7852,2851,5001
B0103,33,803697,Kumbakonam (M),Urban,Illiterate,23530,9427,14103,3257,1773,1484,464,183,281,63,35,28,19809,7471,12338,319,77,242
B0103,33,803697,Kumbakonam (M),Urban,Literate,116626,59913,56713,43098,36092,7006,2425,1677,748,900,637,263,71103,22144,48959,7533,2774,4759
B0103,33,803697,Kumbakonam (M),Urban,Literate but below matric/secondary,54384,26283,28101,16559,13904,2655,1061,736,325,279,222,57,36764,11643,25121,1691,568,1123
B0103,33,803697,Kumbakonam (M),Urban,Matric/secondary but below graduate,34849,18167,16682,12368,11015,1353,637,461,176,263,183,80,21844,6691,15153,2659,977,1682
B0103,33,803697,Kumbakonam (M),Urban,Technical diploma or certificate not equal to degree,3525,2663,862,2112,1832,280,117,94,23,74,59,15,1296,737,559,478,285,193
B0103,33,803697,Kumbakonam (M),Urban,Graduate and above other than technical degree,12444,6790,5654,6748,5210,1538,264,162,102,144,81,63,5432,1418,4014,1478,406,1072
B0103,33,803697,Kumbakonam (M),Urban,Technical degree or diploma equal to degree or post-graduate degree,4418,2668,1750,2346,1704,642,116,72,44,71,44,27,1956,892,1064,804,404,400
B0103,33,803707,Thanjavur (M),Urban,Total,222943,109199,113744,71091,55894,15197,6914,4638,2276,2550,1706,844,144938,48667,96271,15325,5687,9638
B0103,33,803707,Thanjavur (M),Urban,Illiterate,37579,15381,22198,5674,3051,2623,835,377,458,181,103,78,31070,11953,19117,547,104,443
B0103,33,803707,Thanjavur (M),Urban,Literate,185364,93818,91546,65417,52843,12574,6079,4261,1818,2369,1603,766,113868,36714,77154,14778,5583,9195
B0103,33,803707,Thanjavur (M),Urban,Literate but below matric/secondary,77951,36622,41329,21221,17530,3691,2326,1566,760,752,508,244,54404,17526,36878,2617,784,1833
B0103,33,803707,Thanjavur (M),Urban,Matric/secondary but below graduate,56754,28760,27994,18654,16063,2591,1778,1326,452,753,535,218,36322,11371,24951,5590,2074,3516
B0103,33,803707,Thanjavur (M),Urban,Technical diploma or certificate not equal to degree,7024,5231,1793,3976,3362,614,329,280,49,172,148,24,2719,1589,1130,1022,672,350
B0103,33,803707,Thanjavur (M),Urban,Graduate and above other than technical degree,23562,12470,11092,12523,9248,3275,737,457,280,336,171,165,10302,2765,7537,2916,786,2130
B0103,33,803707,Thanjavur (M),Urban,Technical degree or diploma equal to degree or post-graduate degree,10090,6013,4077,5254,3701,1553,340,223,117,180,118,62,4496,2089,2407,1875,987,888
B0103,33,803718,Pudukkottai (M),Urban,Total,117630,58737,58893,37115,29859,7256,4293,2496,1797,1452,925,527,76222,26382,49840,8004,2994,5010
B0103,33,803718,Pudukkottai (M),Urban,Illiterate,20916,8383,12533,2607,1385,1222,484,192,292,77,28,49,17825,6806,11019,311,39,272
B0103,33,803718,Pudukkottai (M),Urban,Literate,96714,50354,46360,34508,28474,6034,3809,2304,1505,1375,897,478,58397,19576,38821,7693,2955,4738
B0103,33,803718,Pudukkottai (M),Urban,Literate but below matric/secondary,41589,19725,21864,10865,9079,1786,1355,773,582,311,191,120,29369,9873,19496,1504,424,1080
B0103,33,803718,Pudukkottai (M),Urban,Matric/secondary but below graduate,31370,17303,14067,11811,10357,1454,1178,772,406,419,293,126,18381,6174,12207,2918,1207,1711
B0103,33,803718,Pudukkottai (M),Urban,Technical diploma or certificate not equal to degree,3669,2743,926,1984,1693,291,186,137,49,112,83,29,1499,913,586,604,388,216
B0103,33,803718,Pudukkottai (M),Urban,Graduate and above other than technical degree,10870,5709,5161,5811,4288,1523,467,275,192,259,142,117,4592,1146,3446,1485,408,1077
B0103,33,803718,Pudukkottai (M),Urban,Technical degree or diploma equal to degree or post-graduate degree,4234,2566,1668,2198,1580,618,219,141,78,125,87,38,1817,845,972,812,404,408
B0103,33,803733,Karaikkudi (M),Urban,Total,106714,53348,53366,32697,26640,6057,7372,4387,2985,1750,1170,580,66645,22321,44324,6086,2321,3765
B0103,33,803733,Karaikkudi (M),Urban,Illiterate,19759,7942,11817,2537,1361,1176,995,397,598,145,70,75,16227,6184,10043,274,58,216
B0103,33,803733,Karaikkudi (M),Urban,Literate,86955,45406,41549,30160,25279,4881,6377,3990,2387,1605,1100,505,50418,16137,34281,5812,2263,3549
B0103,33,803733,Karaikkudi (M),Urban,Literate but below matric/secondary,40241,19933,20308,11102,9371,1731,3138,1916,1222,594,421,173,26001,8646,17355,1283,345,938
B0103,33,803733,Karaikkudi (M),Urban,Matric/secondary but below graduate,24376,12718,11658,8329,7410,919,1567,990,577,441,309,132,14480,4318,10162,2090,857,1233
B0103,33,803733,Karaikkudi (M),Urban,Technical diploma or certificate not equal to degree,3242,2656,586,1824,1630,194,271,236,35,134,119,15,1147,790,357,443,339,104
B0103,33,803733,Karaikkudi (M),Urban,Graduate and above other than technical degree,8318,4282,4036,4227,3145,1082,479,274,205,192,96,96,3612,863,2749,984,257,727
B0103,33,803733,Karaikkudi (M),Urban,Technical degree or diploma equal to degree or post-graduate degree,3460,2182,1278,1769,1344,425,228,143,85,127,71,56,1463,695,768,583,308,275
B0103,33,803754,Madurai (M Corp.),Urban,Total,1017865,509302,508563,363533,285401,78132,27782,15647,12135,8764,4937,3827,626550,208254,418296,52481,18670,33811
B0103,33,803754,Madurai (M Corp.),Urban,Illiterate,183761,75442,108319,29851,16222,13629,3494,1317,2177,695,282,413,150416,57903,92513,2610,451,2159
B0103,33,803754,Madurai (M Corp.),Urban,Literate,834104,433860,400244,333682,269179,64503,24288,14330,9958,8069,4655,3414,476134,150351,325783,49871,18219,31652
B0103,33,803754,Madurai (M Corp.),Urban,Literate but below matric/secondary,398666,197005,201661,134598,107993,26605,10742,6183,4559,2586,1528,1058,253326,82829,170497,12040,3129,8911
B0103,33,803754,Madurai (M Corp.),Urban,Matric/secondary but below graduate,246965,128374,118591,94740,80482,14258,6970,4238,2732,2497,1444,1053,145255,43654,101601,19268,7444,11824
B0103,33,803754,Madurai (M Corp.),Urban,Technical diploma or certificate not equal to degree,25167,18211,6956,15618,13164,2454,991,732,259,486,340,146,8558,4315,4243,2507,1478,1029
B0103,33,803754,Madurai (M Corp.),Urban,Graduate and above other than technical degree,95936,53378,42558,54880,42304,12576,2840,1569,1271,1337,677,660,38216,9505,28711,9261,2904,6357
B0103,33,803754,Madurai (M Corp.),Urban,Technical degree or diploma equal to degree or post-graduate degree,33783,20511,13272,18838,13668,5170,1323,771,552,739,416,323,13622,6072,7550,4938,2641,2297
B0103,33,803787,Rajapalayam (M),Urban,Total,130442,64765,65677,50654,37692,12962,3259,1776,1483,1097,606,491,76529,25297,51232,6337,2514,3823
B0103,33,803787,Rajapalayam (M),Urban,Illiterate,28861,11054,17807,7713,3626,4087,690,227,463,150,47,103,20458,7201,13257,391,82,309
B0103,33,803787,Rajapalayam (M),Urban,Literate,101581,53711,47870,42941,34066,8875,2569,1549,1020,947,559,388,56071,18096,37975,5946,2432,3514
B0103,33,803787,Rajapalayam (M),Urban,Literate but below matric/secondary,54821,27206,27615,21090,16144,4946,1260,727,533,317,176,141,32471,10335,22136,1504,400,1104
B0103,33,803787,Rajapalayam (M),Urban,Matric/secondary but below graduate,26143,13851,12292,10226,8589,1637,643,391,252,263,152,111,15274,4871,10403,2323,1018,1305
B0103,33,803787,Rajapalayam (M),Urban,Technical diploma or certificate not equal to degree,4890,3814,1076,3109,2739,370,186,143,43,123,95,28,1595,932,663,582,377,205
B0103,33,803787,Rajapalayam (M),Urban,Graduate and above other than technical degree,7586,4363,3223,4395,3500,895,205,122,83,110,55,55,2986,741,2245,744,239,505
B0103,33,803787,Rajapalayam (M),Urban,Technical degree or diploma equal to degree or post-graduate degree,3438,2151,1287,1885,1434,451,121,70,51,83,47,36,1432,647,785,528,298,230
B0103,33,803821,Thoothukkudi (M Corp.),Urban,Total,237830,118298,119532,79186,65519,13667,4483,2819,1664,1770,1157,613,154161,49960,104201,13293,4812,8481
B0103,33,803821,Thoothukkudi (M Corp.),Urban,Illiterate,38398,17137,21261,4303,2879,1424,331,140,191,59,36,23,33764,14118,19646,302,79,223
B0103,33,803821,Thoothukkudi (M Corp.),Urban,Literate,199432,101161,98271,74883,62640,12243,4152,2679,1473,1711,1121,590,120397,35842,84555,12991,4733,8258
B0103,33,803821,Thoothukkudi (M Corp.),Urban,Literate but below matric/secondary,99920,47965,51955,30588,26380,4208,2027,1334,693,616,468,148,67305,20251,47054,2842,843,1999
B0103,33,803821,Thoothukkudi (M Corp.),Urban,Matric/secondary but below graduate,56646,29513,27133,20697,18250,2447,1077,721,356,467,298,169,34872,10542,24330,4811,1996,2815
B0103,33,803821,Thoothukkudi (M Corp.),Urban,Technical diploma or certificate not equal to degree,8294,5791,2503,5362,4382,980,229,176,53,146,113,33,2703,1233,1470,921,511,410
B0103,33,803821,Thoothukkudi (M Corp.),Urban,Graduate and above other than technical degree,24233,12289,11944,13077,9933,3144,518,275,243,314,146,168,10638,2081,8557,2894,687,2207
B0103,33,803821,Thoothukkudi (M Corp.),Urban,Technical degree or diploma equal to degree or post-graduate degree,7562,4227,3335,4042,2814,1228,217,120,97,141,83,58,3303,1293,2010,1349,632,717
B0103,33,803860,Tirunelveli (M Corp.),Urban,Total,473637,233659,239978,168952,120226,48726,13519,7484,6035,3923,2533,1390,291166,105949,185217,24942,9960,14982
B0103,33,803860,Tirunelveli (M Corp.),Urban,Illiterate,87661,34914,52747,16817,6723,10094,2012,721,1291,259,129,130,68832,27470,41362,769,215,554
B0103,33,803860,Tirunelveli (M Corp.),Urban,Literate,385976,198745,187231,152135,113503,38632,11507,6763,4744,3664,2404,1260,222334,78479,143855,24173,9745,14428
B0103,33,803860,Tirunelveli (M Corp.),Urban,Literate but below matric/secondary,187546,88910,98636,63430,44358,19072,5557,3136,2421,1154,843,311,118559,41416,77143,5185,1711,3474
B0103,33,803860,Tirunelveli (M Corp.),Urban,Matric/secondary but below graduate,109748,58478,51270,40572,33282,7290,2882,1788,1094,1057,678,379,66294,23408,42886,8784,3758,5026
B0103,33,803860,Tirunelveli (M Corp.),Urban,Technical diploma or certificate not equal to degree,14466,10479,3987,8707,7060,1647,523,399,124,283,227,56,5236,3020,2216,1742,1153,589
B0103,33,803860,Tirunelveli (M Corp.),Urban,Graduate and above other than technical degree,42223,23309,18914,23527,17510,6017,1198,628,570,610,292,318,17498,5171,12327,4641,1297,3344
B0103,33,803860,Tirunelveli (M Corp.),Urban,Technical degree or diploma equal to degree or post-graduate degree,17174,10227,6947,9216,6466,2750,603,360,243,367,226,141,7355,3401,3954,2870,1468,1402
B0103,33,803927,Nagercoil (M),Urban,Total,224849,109938,114911,70720,57219,13501,5625,3628,1997,2062,1332,730,148504,49091,99413,12207,4551,7656
B0103,33,803927,Nagercoil (M),Urban,Illiterate,30488,13484,17004,2715,1641,1074,374,198,176,71,48,23,27399,11645,15754,205,66,139
B0103,33,803927,Nagercoil (M),Urban,Literate,194361,96454,97907,68005,55578,12427,5251,3430,1821,1991,1284,707,121105,37446,83659,12002,4485,7517
B0103,33,803927,Nagercoil (M),Urban,Literate but below matric/secondary,84123,40065,44058,23561,20020,3541,2002,1334,668,450,325,125,58560,18711,39849,1609,499,1110
B0103,33,803927,Nagercoil (M),Urban,Matric/secondary but below graduate,58420,28080,30340,18712,16269,2443,1587,1066,521,680,465,215,38121,10745,27376,3898,1525,2373
B0103,33,803927,Nagercoil (M),Urban,Technical diploma or certificate not equal to degree,9885,6936,2949,5607,4688,919,396,283,113,231,161,70,3882,1965,1917,1267,754,513
B0103,33,803927,Nagercoil (M),Urban,Graduate and above other than technical degree,24201,11890,12311,11852,8594,3258,684,375,309,371,179,192,11665,2921,8744,3018,661,2357
B0103,33,803927,Nagercoil (M),Urban,Technical degree or diploma equal to degree or post-graduate degree,10141,5936,4205,5270,3639,1631,311,185,126,182,103,79,4560,2112,2448,1767,883,884
B0103,33,803951,Hosur (M),Urban,Total,116821,59351,57470,39730,31634,8096,4229,2580,1649,1126,651,475,72862,25137,47725,4589,1526,3063
B0103,33,803951,Hosur (M),Urban,Illiterate,27228,11998,15230,5093,3197,1896,849,433,416,164,80,84,21286,8368,12918,347,62,285
B0103,33,803951,Hosur (M),Urban,Literate,89593,47353,42240,34637,28437,6200,3380,2147,1233,962,571,391,51576,16769,34807,4242,1464,2778
B0103,33,803951,Hosur (M),Urban,Literate but below matric/secondary,34291,17139,17152,8045,6589,1456,1258,816,442,279,192,87,24988,9734,15254,870,333,537
B0103,33,803951,Hosur (M),Urban,Matric/secondary but below graduate,29904,15196,14708,11350,9684,1666,1165,742,423,352,208,144,17389,4770,12619,1706,627,1079
B0103,33,803951,Hosur (M),Urban,Technical diploma or certificate not equal to degree,5756,4692,1064,4317,4007,310,204,153,51,62,37,25,1235,532,703,276,115,161
B0103,33,803951,Hosur (M),Urban,Graduate and above other than technical degree,10382,5062,5320,5849,4245,1604,386,198,188,150,63,87,4147,619,3528,696,130,566
B0103,33,803951,Hosur (M),Urban,Technical degree or diploma equal to degree or post-graduate degree,5148,3192,1956,3248,2458,790,171,116,55,70,41,29,1729,618,1111,477,188,289
B0103,33,803984,Coimbatore (M Corp.),Urban,Total,1050721,526163,524558,402038,309311,92727,23077,11599,11478,6912,3516,3396,625606,205253,420353,40317,12534,27783
B0103,33,803984,Coimbatore (M Corp.),Urban,Illiterate,184623,78547,106076,30024,16918,13106,3040,1133,1907,593,251,342,151559,60496,91063,1991,400,1591
B0103,33,803984,Coimbatore (M Corp.),Urban,Literate,866098,447616,418482,372014,292393,79621,20037,10466,9571,6319,3265,3054,474047,144757,329290,38326,12134,26192
B0103,33,803984,Coimbatore (M Corp.),Urban,Literate but below matric/secondary,365584,188492,177092,130073,105686,24387,8587,4615,3972,2009,1127,882,226924,78191,148733,8607,2420,6187
B0103,33,803984,Coimbatore (M Corp.),Urban,Matric/secondary but below graduate,282209,139930,142279,114247,92694,21553,6328,3213,3115,2195,1105,1090,161634,44023,117611,15821,5275,10546
B0103,33,803984,Coimbatore (M Corp.),Urban,Technical diploma or certificate not equal to degree,29327,22131,7196,21050,18210,2840,632,451,181,266,177,89,7645,3470,4175,1479,737,742
B0103,33,803984,Coimbatore (M Corp.),Urban,Graduate and above other than technical degree,119658,58081,61577,67500,47316,20184,2497,1097,1400,1072,427,645,49661,9668,39993,7551,1725,5826
B0103,33,803984,Coimbatore (M Corp.),Urban,Technical degree or diploma equal to degree or post-graduate degree,48487,29042,19445,30116,21647,8469,1174,664,510,574,319,255,17197,6731,10466,4089,1746,2343
B0103,33,803989,Kurichi (M),Urban,Total,123667,61815,61852,44819,34683,10136,4221,2222,1999,1278,655,623,74627,24910,49717,6042,1853,4189
B0103,33,803989,Kurichi (M),Urban,Illiterate,24138,10010,14128,3728,2120,1608,583,233,350,85,39,46,19827,7657,12170,313,61,252
B0103,33,803989,Kurichi (M),Urban,Literate,99529,51805,47724,41091,32563,8528,3638,1989,1649,1193,616,577,54800,17253,37547,5729,1792,3937
B0103,33,803989,Kurichi (M),Urban,Literate but below matric/secondary,44350,22801,21549,14917,12145,2772,1431,793,638,370,190,180,28002,9863,18139,1416,363,1053
B0103,33,803989,Kurichi (M),Urban,Matric/secondary but below graduate,30194,15279,14915,12124,9906,2218,1214,658,556,421,219,202,16856,4715,12141,2398,794,1604
B0103,33,803989,Kurichi (M),Urban,Technical diploma or certificate not equal to degree,3904,3021,883,2747,2418,329,135,99,36,56,46,10,1022,504,518,281,144,137
B0103,33,803989,Kurichi (M),Urban,Graduate and above other than technical degree,9527,4737,4790,5431,3728,1703,398,184,214,190,74,116,3698,825,2873,876,210,666
B0103,33,803989,Kurichi (M),Urban,Technical degree or diploma equal to degree or post-graduate degree,3633,2189,1444,2197,1583,614,146,81,65,77,42,35,1290,525,765,423,199,224
B0103,33,804026,Tiruppur (M Corp.),Urban,Total,444352,227311,217041,196585,144012,52573,10773,5993,4780,1704,947,757,236994,77306,159688,8135,2313,5822
B0103,33,804026,Tiruppur (M Corp.),Urban,Illiterate,97001,39796,57205,21298,10593,10705,1678,619,1059,182,82,100,74025,28584,45441,541,80,461
B0103,33,804026,Tiruppur (M Corp.),Urban,Literate,347351,187515,159836,175287,133419,41868,9095,5374,3721,1522,865,657,162969,48722,114247,7594,2233,5361
B0103,33,804026,Tiruppur (M Corp.),Urban,Literate but below matric/secondary,184442,97249,87193,85043,62137,22906,4987,2909,2078,648,369,279,94412,32203,62209,2208,565,1643
B0103,33,804026,Tiruppur (M Corp.),Urban,Matric/secondary but below graduate,101386,56342,45044,53461,42819,10642,2429,1500,929,443,276,167,45496,12023,33473,2961,979,1982
B0103,33,804026,Tiruppur (M Corp.),Urban,Technical diploma or certificate not equal to degree,5947,4194,1753,4078,3459,619,144,98,46,48,27,21,1725,637,1088,257,101,156
B0103,33,804026,Tiruppur (M Corp.),Urban,Graduate and above other than technical degree,26563,14518,12045,16125,12696,3429,589,366,223,158,88,70,9849,1456,8393,1161,268,893
B0103,33,804026,Tiruppur (M Corp.),Urban,Technical degree or diploma equal to degree or post-graduate degree,6795,3913,2882,3854,2929,925,162,89,73,71,35,36,2779,895,1884,483,207,276
B0103,34,804036,Puducherry (M),Urban,Total,244377,119430,124947,81931,62247,19684,5989,3758,2231,1968,1256,712,156457,53425,103032,12872,4679,8193
B0103,34,804036,Puducherry (M),Urban,Illiterate,47426,18356,29070,7430,3631,3799,993,421,572,242,122,120,39003,14304,24699,613,120,493
B0103,34,804036,Puducherry (M),Urban,Literate,196951,101074,95877,74501,58616,15885,4996,3337,1659,1726,1134,592,117454,39121,78333,12259,4559,7700
B0103,34,804036,Puducherry (M),Urban,Literate but below matric/secondary,85052,40727,44325,23452,18673,4779,2313,1532,781,656,463,193,59287,20522,38765,2780,866,1914
B0103,34,804036,Puducherry (M),Urban,Matric/secondary but below graduate,61908,32181,29727,22244,18845,3399,1515,1081,434,562,383,179,38149,12255,25894,4658,1814,2844
B0103,34,804036,Puducherry (M),Urban,Technical diploma or certificate not equal to degree,7213,4846,2367,4443,3528,915,202,147,55,98,69,29,2568,1171,1397,767,387,380
B0103,34,804036,Puducherry (M),Urban,Graduate and above other than technical degree,26843,14538,12305,15707,11522,4185,527,300,227,219,102,117,10609,2716,7893,2385,701,1684
B0103,34,804036,Puducherry (M),Urban,Technical degree or diploma equal to degree or post-graduate degree,10987,6548,4439,6607,4595,2012,258,160,98,128,79,49,4122,1793,2329,1344,681,663
B0103,34,804037,Ozhukarai (M),Urban,Total,300104,148464,151640,103179,78742,24437,4931,3027,1904,1894,1149,745,191994,66695,125299,15148,5331,9817
B0103,34,804037,Ozhukarai (M),Urban,Illiterate,59175,23691,35484,8606,4709,3897,790,312,478,253,98,155,49779,18670,31109,718,146,572
B0103,34,804037,Ozhukarai (M),Urban,Literate,240929,124773,116156,94573,74033,20540,4141,2715,1426,1641,1051,590,142215,48025,94190,14430,5185,9245
B0103,34,804037,Ozhukarai (M),Urban,Literate but below matric/secondary,99294,48089,51205,27784,22028,5756,1703,1170,533,607,414,193,69807,24891,44916,3046,876,2170
B0103,34,804037,Ozhukarai (M),Urban,Matric/secondary but below graduate,74309,38647,35662,26942,22784,4158,1248,850,398,547,359,188,46119,15013,31106,5225,1952,3273
B0103,34,804037,Ozhukarai (M),Urban,Technical diploma or certificate not equal to degree,9937,6734,3203,6542,5193,1349,186,134,52,94,70,24,3209,1407,1802,930,467,463
B0103,34,804037,Ozhukarai (M),Urban,Graduate and above other than technical degree,34809,19049,15760,20667,15379,5288,465,260,205,189,95,94,13677,3410,10267,3007,885,2122
B0103,34,804037,Ozhukarai (M),Urban,Technical degree or diploma equal to degree or post-graduate degree,15873,9268,6605,9854,6729,3125,336,170,166,149,77,72,5683,2369,3314,1820,876,944
B0103,35,804041,Port Blair (M Cl),Urban,Total,108058,57761,50297,40987,32949,8038,3019,1930,1089,1875,1217,658,64052,22882,41170,12776,4058,8718
B0103,35,804041,Port Blair (M Cl),Urban,Illiterate,20164,9096,11068,3656,2569,1087,397,216,181,154,78,76,16111,6311,9800,669,101,568
B0103,35,804041,Port Blair (M Cl),Urban,Literate,87894,48665,39229,37331,30380,6951,2622,1714,908,1721,1139,582,47941,16571,31370,12107,3957,8150
B0103,35,804041,Port Blair (M Cl),Urban,Literate but below matric/secondary,43342,24077,19265,14155,12459,1696,1287,926,361,812,599,213,27900,10692,17208,4334,1484,2850
B0103,35,804041,Port Blair (M Cl),Urban,Matric/secondary but below graduate,28014,15607,12407,12923,10660,2263,856,542,314,597,380,217,14235,4405,9830,5073,1699,3374
B0103,35,804041,Port Blair (M Cl),Urban,Technical diploma or certificate not equal to degree,2201,1298,903,1446,973,473,78,42,36,53,30,23,677,283,394,402,167,235
B0103,35,804041,Port Blair (M Cl),Urban,Graduate and above other than technical degree,9781,5222,4559,6061,4396,1665,249,123,126,170,79,91,3471,703,2768,1686,401,1285
B0103,35,804041,Port Blair (M Cl),Urban,Technical degree or diploma equal to degree or post-graduate degree,2639,1495,1144,1871,1210,661,63,31,32,41,19,22,705,254,451,400,145,255
,,,,,,,,,,,,,,,,,,,,,,,
,,,,,,,,,,,,,,,,,,,,,,,
,,,,,,,,,,,,,,,,,,,,,,,
